GDC_Aliquot	Chromosome	Start	End	Num_Probes	Segment_Mean
b8e37eaf-3103-4ff1-880b-fdd0923c2537	1	3301765	7717786	2862	-0.1814
b8e37eaf-3103-4ff1-880b-fdd0923c2537	1	7718300	14326287	3190	-0.233
b8e37eaf-3103-4ff1-880b-fdd0923c2537	1	14328841	17372842	1544	-0.2004
b8e37eaf-3103-4ff1-880b-fdd0923c2537	1	17372968	18890631	1123	-0.1444
b8e37eaf-3103-4ff1-880b-fdd0923c2537	1	18895348	22316851	1943	-0.2108
b8e37eaf-3103-4ff1-880b-fdd0923c2537	1	22318364	22322994	3	-1.6067
b8e37eaf-3103-4ff1-880b-fdd0923c2537	1	22338281	29299899	3125	-0.2478
b8e37eaf-3103-4ff1-880b-fdd0923c2537	1	29301209	30904896	1111	-0.1655
b8e37eaf-3103-4ff1-880b-fdd0923c2537	1	30912340	54922807	12708	-0.2271
b8e37eaf-3103-4ff1-880b-fdd0923c2537	1	54923896	55022696	78	0.1315
b8e37eaf-3103-4ff1-880b-fdd0923c2537	1	55025942	58449308	2766	-0.2342
b8e37eaf-3103-4ff1-880b-fdd0923c2537	1	58449352	69334402	7539	-0.2641
b8e37eaf-3103-4ff1-880b-fdd0923c2537	1	69336771	69553834	124	-0.2003
b8e37eaf-3103-4ff1-880b-fdd0923c2537	1	69561119	69746766	123	-1.5554
b8e37eaf-3103-4ff1-880b-fdd0923c2537	1	69749346	84279890	8336	-0.2795
b8e37eaf-3103-4ff1-880b-fdd0923c2537	1	84279920	84280020	2	-1.9683
b8e37eaf-3103-4ff1-880b-fdd0923c2537	1	84283041	93849499	5881	-0.2803
b8e37eaf-3103-4ff1-880b-fdd0923c2537	1	93852127	96026933	1505	0.0767
b8e37eaf-3103-4ff1-880b-fdd0923c2537	1	96028942	107379245	6357	0.0475
b8e37eaf-3103-4ff1-880b-fdd0923c2537	1	107380279	150057713	7834	0.0804
b8e37eaf-3103-4ff1-880b-fdd0923c2537	1	150057994	150058787	2	-1.6965
b8e37eaf-3103-4ff1-880b-fdd0923c2537	1	150061347	152888628	1242	0.051
b8e37eaf-3103-4ff1-880b-fdd0923c2537	1	152894712	153035713	117	0.3995
b8e37eaf-3103-4ff1-880b-fdd0923c2537	1	153041606	160183087	3985	0.0608
b8e37eaf-3103-4ff1-880b-fdd0923c2537	1	160183167	161970464	961	-0.0029
b8e37eaf-3103-4ff1-880b-fdd0923c2537	1	161972701	166731394	3771	0.0664
b8e37eaf-3103-4ff1-880b-fdd0923c2537	1	166731776	169790550	2273	0.0254
b8e37eaf-3103-4ff1-880b-fdd0923c2537	1	169791205	169793812	2	-1.1946
b8e37eaf-3103-4ff1-880b-fdd0923c2537	1	169795911	173995068	2714	0.0178
b8e37eaf-3103-4ff1-880b-fdd0923c2537	1	173995146	174778232	314	-0.1394
b8e37eaf-3103-4ff1-880b-fdd0923c2537	1	174786459	175033554	136	0.1239
b8e37eaf-3103-4ff1-880b-fdd0923c2537	1	175044029	180165937	3057	-0.1181
b8e37eaf-3103-4ff1-880b-fdd0923c2537	1	180167369	182917948	1865	0.4389
b8e37eaf-3103-4ff1-880b-fdd0923c2537	1	182920109	189173963	3969	-0.1404
b8e37eaf-3103-4ff1-880b-fdd0923c2537	1	189177925	189190942	13	0.4344
b8e37eaf-3103-4ff1-880b-fdd0923c2537	1	189193276	191270179	1070	-0.1414
b8e37eaf-3103-4ff1-880b-fdd0923c2537	1	191273195	191330353	32	0.2409
b8e37eaf-3103-4ff1-880b-fdd0923c2537	1	191330381	191856724	319	0.3888
b8e37eaf-3103-4ff1-880b-fdd0923c2537	1	191902086	193808930	1298	0.6072
b8e37eaf-3103-4ff1-880b-fdd0923c2537	1	193809717	197509123	1926	-0.1612
b8e37eaf-3103-4ff1-880b-fdd0923c2537	1	197516493	197867511	193	0.3671
b8e37eaf-3103-4ff1-880b-fdd0923c2537	1	197867948	198939447	677	0.6091
b8e37eaf-3103-4ff1-880b-fdd0923c2537	1	198942559	200598273	1062	-0.1681
b8e37eaf-3103-4ff1-880b-fdd0923c2537	1	200598468	218188467	11821	-0.109
b8e37eaf-3103-4ff1-880b-fdd0923c2537	1	218188740	218328224	86	-0.1925
b8e37eaf-3103-4ff1-880b-fdd0923c2537	1	218336487	227017546	5308	0.0435
b8e37eaf-3103-4ff1-880b-fdd0923c2537	1	227017630	227341432	207	-0.0702
b8e37eaf-3103-4ff1-880b-fdd0923c2537	1	227344784	238699679	7790	0.008
b8e37eaf-3103-4ff1-880b-fdd0923c2537	1	238701273	245912189	4772	-0.0297
b8e37eaf-3103-4ff1-880b-fdd0923c2537	1	245912555	246004715	70	-0.0702
b8e37eaf-3103-4ff1-880b-fdd0923c2537	1	246008860	247650984	445	-0.4085
b8e37eaf-3103-4ff1-880b-fdd0923c2537	2	480597	1912858	188	0.3512
b8e37eaf-3103-4ff1-880b-fdd0923c2537	2	1913832	2378571	310	0.5863
b8e37eaf-3103-4ff1-880b-fdd0923c2537	2	2386802	3335275	629	0.3913
b8e37eaf-3103-4ff1-880b-fdd0923c2537	2	3335305	3966062	454	0.6029
b8e37eaf-3103-4ff1-880b-fdd0923c2537	2	3967254	5839060	1387	0.3295
b8e37eaf-3103-4ff1-880b-fdd0923c2537	2	5839631	6429539	527	0.5448
b8e37eaf-3103-4ff1-880b-fdd0923c2537	2	6430506	19715677	9163	0.3337
b8e37eaf-3103-4ff1-880b-fdd0923c2537	2	19715839	20406049	474	0.3816
b8e37eaf-3103-4ff1-880b-fdd0923c2537	2	20406885	20431090	23	0.6646
b8e37eaf-3103-4ff1-880b-fdd0923c2537	2	20433573	21092944	386	0.3891
b8e37eaf-3103-4ff1-880b-fdd0923c2537	2	21097137	23770655	1706	0.3355
b8e37eaf-3103-4ff1-880b-fdd0923c2537	2	23773057	24001290	79	-0.274
b8e37eaf-3103-4ff1-880b-fdd0923c2537	2	24001526	28763484	2251	0.3265
b8e37eaf-3103-4ff1-880b-fdd0923c2537	2	29003693	30709521	1307	0.7519
b8e37eaf-3103-4ff1-880b-fdd0923c2537	2	30714586	33433580	1201	0.3371
b8e37eaf-3103-4ff1-880b-fdd0923c2537	2	33435227	33782118	260	-0.3045
b8e37eaf-3103-4ff1-880b-fdd0923c2537	2	33782408	35044747	754	-0.0891
b8e37eaf-3103-4ff1-880b-fdd0923c2537	2	35048164	38954624	1910	-0.2201
b8e37eaf-3103-4ff1-880b-fdd0923c2537	2	38959008	39037501	56	0.2273
b8e37eaf-3103-4ff1-880b-fdd0923c2537	2	39039848	39099135	30	-0.367
b8e37eaf-3103-4ff1-880b-fdd0923c2537	2	39103236	39153837	19	0.3209
b8e37eaf-3103-4ff1-880b-fdd0923c2537	2	39157336	39178429	10	-0.2078
b8e37eaf-3103-4ff1-880b-fdd0923c2537	2	39182713	41766586	1556	-0.3146
b8e37eaf-3103-4ff1-880b-fdd0923c2537	2	41769185	41861874	107	0.0039
b8e37eaf-3103-4ff1-880b-fdd0923c2537	2	41862899	42356190	351	0.5402
b8e37eaf-3103-4ff1-880b-fdd0923c2537	2	42361487	43247533	549	0.0777
b8e37eaf-3103-4ff1-880b-fdd0923c2537	2	43255905	43463855	87	0.5197
b8e37eaf-3103-4ff1-880b-fdd0923c2537	2	43471811	43577467	65	0.0062
b8e37eaf-3103-4ff1-880b-fdd0923c2537	2	43578844	44332416	467	0.5571
b8e37eaf-3103-4ff1-880b-fdd0923c2537	2	44335494	46719619	1805	0.0885
b8e37eaf-3103-4ff1-880b-fdd0923c2537	2	46719849	47690915	602	0.3646
b8e37eaf-3103-4ff1-880b-fdd0923c2537	2	47692617	48196742	222	0.2259
b8e37eaf-3103-4ff1-880b-fdd0923c2537	2	48196759	50451405	1397	0.3245
b8e37eaf-3103-4ff1-880b-fdd0923c2537	2	50454444	55176499	2258	0.4299
b8e37eaf-3103-4ff1-880b-fdd0923c2537	2	55179243	56335902	676	0.2476
b8e37eaf-3103-4ff1-880b-fdd0923c2537	2	56336135	57343533	513	0.5308
b8e37eaf-3103-4ff1-880b-fdd0923c2537	2	57345318	57554021	119	0.331
b8e37eaf-3103-4ff1-880b-fdd0923c2537	2	57557743	57614940	29	-0.2678
b8e37eaf-3103-4ff1-880b-fdd0923c2537	2	57684620	58332292	372	-0.783
b8e37eaf-3103-4ff1-880b-fdd0923c2537	2	58333544	58606078	146	-0.3382
b8e37eaf-3103-4ff1-880b-fdd0923c2537	2	58606343	60901932	1544	-0.7273
b8e37eaf-3103-4ff1-880b-fdd0923c2537	2	60902726	64029606	1436	-0.3031
b8e37eaf-3103-4ff1-880b-fdd0923c2537	2	64029767	70200325	3963	-0.73
b8e37eaf-3103-4ff1-880b-fdd0923c2537	2	70201704	72197862	1295	0.0637
b8e37eaf-3103-4ff1-880b-fdd0923c2537	2	72203534	72384046	71	-0.2148
b8e37eaf-3103-4ff1-880b-fdd0923c2537	2	72385745	73544568	465	0.0326
b8e37eaf-3103-4ff1-880b-fdd0923c2537	2	73544741	80316000	3626	-0.2709
b8e37eaf-3103-4ff1-880b-fdd0923c2537	2	80321379	80680823	271	0.0517
b8e37eaf-3103-4ff1-880b-fdd0923c2537	2	80681184	94675825	3622	-0.256
b8e37eaf-3103-4ff1-880b-fdd0923c2537	2	94675975	99401297	1534	0.1111
b8e37eaf-3103-4ff1-880b-fdd0923c2537	2	99403095	101260947	1247	0.172
b8e37eaf-3103-4ff1-880b-fdd0923c2537	2	101260963	108356669	4420	0.0836
b8e37eaf-3103-4ff1-880b-fdd0923c2537	2	108365709	108446237	49	-0.3518
b8e37eaf-3103-4ff1-880b-fdd0923c2537	2	108446538	133803781	11965	-0.2357
b8e37eaf-3103-4ff1-880b-fdd0923c2537	2	133803907	183201200	29176	-0.2754
b8e37eaf-3103-4ff1-880b-fdd0923c2537	2	183202615	184910430	790	0.3056
b8e37eaf-3103-4ff1-880b-fdd0923c2537	2	184912538	185175384	143	-0.3099
b8e37eaf-3103-4ff1-880b-fdd0923c2537	2	185298004	198352010	6033	-0.0003
b8e37eaf-3103-4ff1-880b-fdd0923c2537	2	198354607	198747094	256	0.3037
b8e37eaf-3103-4ff1-880b-fdd0923c2537	2	198753102	200496465	1072	0.0028
b8e37eaf-3103-4ff1-880b-fdd0923c2537	2	200498208	201015866	312	0.313
b8e37eaf-3103-4ff1-880b-fdd0923c2537	2	201019902	204701832	1855	0.027
b8e37eaf-3103-4ff1-880b-fdd0923c2537	2	204710175	205660903	698	0.3087
b8e37eaf-3103-4ff1-880b-fdd0923c2537	2	205664160	205999150	263	0.0575
b8e37eaf-3103-4ff1-880b-fdd0923c2537	2	206000140	216509960	6304	0.3093
b8e37eaf-3103-4ff1-880b-fdd0923c2537	2	216512246	221086228	2875	0.3587
b8e37eaf-3103-4ff1-880b-fdd0923c2537	2	221087139	230485833	5899	0.2954
b8e37eaf-3103-4ff1-880b-fdd0923c2537	2	230486593	230533570	21	-0.4466
b8e37eaf-3103-4ff1-880b-fdd0923c2537	2	230538382	232628923	939	0.3157
b8e37eaf-3103-4ff1-880b-fdd0923c2537	2	232629916	232794078	76	-0.8466
b8e37eaf-3103-4ff1-880b-fdd0923c2537	2	232797634	233358666	350	-0.148
b8e37eaf-3103-4ff1-880b-fdd0923c2537	2	233358973	235905087	1799	-0.8376
b8e37eaf-3103-4ff1-880b-fdd0923c2537	2	235908875	235920495	14	0.4159
b8e37eaf-3103-4ff1-880b-fdd0923c2537	2	235923929	236197532	143	-0.8194
b8e37eaf-3103-4ff1-880b-fdd0923c2537	2	236200983	241537572	3130	0.3495
b8e37eaf-3103-4ff1-880b-fdd0923c2537	3	2170634	2950421	270	-0.6669
b8e37eaf-3103-4ff1-880b-fdd0923c2537	3	2950861	4354507	851	-0.3507
b8e37eaf-3103-4ff1-880b-fdd0923c2537	3	4357533	8885680	2742	-0.2534
b8e37eaf-3103-4ff1-880b-fdd0923c2537	3	8889873	8943748	55	-0.0462
b8e37eaf-3103-4ff1-880b-fdd0923c2537	3	8946431	13970034	3243	0.0586
b8e37eaf-3103-4ff1-880b-fdd0923c2537	3	13973190	14048473	27	-0.3062
b8e37eaf-3103-4ff1-880b-fdd0923c2537	3	14048843	14924000	640	0.0714
b8e37eaf-3103-4ff1-880b-fdd0923c2537	3	14926719	17062437	1412	-0.0047
b8e37eaf-3103-4ff1-880b-fdd0923c2537	3	17063616	17090513	12	-0.1687
b8e37eaf-3103-4ff1-880b-fdd0923c2537	3	17091906	17650888	256	-0.3175
b8e37eaf-3103-4ff1-880b-fdd0923c2537	3	17651323	44021137	15555	-0.2659
b8e37eaf-3103-4ff1-880b-fdd0923c2537	3	44022441	44024420	2	-1.7301
b8e37eaf-3103-4ff1-880b-fdd0923c2537	3	44024530	46658975	1573	-0.2584
b8e37eaf-3103-4ff1-880b-fdd0923c2537	3	46659223	66673704	11265	-0.2341
b8e37eaf-3103-4ff1-880b-fdd0923c2537	3	66675387	69390946	1860	-0.2613
b8e37eaf-3103-4ff1-880b-fdd0923c2537	3	69391555	76136808	4255	-0.108
b8e37eaf-3103-4ff1-880b-fdd0923c2537	3	76142860	77775868	974	-0.2857
b8e37eaf-3103-4ff1-880b-fdd0923c2537	3	77778305	79025909	660	-0.1083
b8e37eaf-3103-4ff1-880b-fdd0923c2537	3	79026377	79059809	15	0.2661
b8e37eaf-3103-4ff1-880b-fdd0923c2537	3	79060155	80397869	721	-0.1078
b8e37eaf-3103-4ff1-880b-fdd0923c2537	3	80401896	80580944	131	-0.3198
b8e37eaf-3103-4ff1-880b-fdd0923c2537	3	80585718	91390926	4732	-0.1414
b8e37eaf-3103-4ff1-880b-fdd0923c2537	3	91462299	115670707	11863	-0.3995
b8e37eaf-3103-4ff1-880b-fdd0923c2537	3	115673719	116060010	248	0.0055
b8e37eaf-3103-4ff1-880b-fdd0923c2537	3	116063872	116088803	15	-0.3255
b8e37eaf-3103-4ff1-880b-fdd0923c2537	3	116095094	116326848	156	-0.9313
b8e37eaf-3103-4ff1-880b-fdd0923c2537	3	116327013	122871109	3855	-0.3973
b8e37eaf-3103-4ff1-880b-fdd0923c2537	3	122875095	125370926	1691	-0.3576
b8e37eaf-3103-4ff1-880b-fdd0923c2537	3	125378238	125481793	47	-0.0217
b8e37eaf-3103-4ff1-880b-fdd0923c2537	3	125486262	141183826	8904	-0.377
b8e37eaf-3103-4ff1-880b-fdd0923c2537	3	141184791	158951771	9269	-0.4184
b8e37eaf-3103-4ff1-880b-fdd0923c2537	3	158952665	177685004	9140	-0.038
b8e37eaf-3103-4ff1-880b-fdd0923c2537	3	177685206	182585930	2698	0.0203
b8e37eaf-3103-4ff1-880b-fdd0923c2537	3	182586756	182591123	2	-1.2488
b8e37eaf-3103-4ff1-880b-fdd0923c2537	3	182591887	185194886	960	0.0533
b8e37eaf-3103-4ff1-880b-fdd0923c2537	3	185194960	185538167	175	-0.319
b8e37eaf-3103-4ff1-880b-fdd0923c2537	3	185541091	196770477	6663	0.0542
b8e37eaf-3103-4ff1-880b-fdd0923c2537	3	197242908	197812401	152	-0.8168
b8e37eaf-3103-4ff1-880b-fdd0923c2537	4	1059384	1243226	106	-0.3055
b8e37eaf-3103-4ff1-880b-fdd0923c2537	4	1250089	7487295	3469	-0.236
b8e37eaf-3103-4ff1-880b-fdd0923c2537	4	7487377	7487955	3	-1.4232
b8e37eaf-3103-4ff1-880b-fdd0923c2537	4	7487970	9678967	773	-0.225
b8e37eaf-3103-4ff1-880b-fdd0923c2537	4	9679677	11605877	1540	-0.2826
b8e37eaf-3103-4ff1-880b-fdd0923c2537	4	11607497	11614412	8	0.4724
b8e37eaf-3103-4ff1-880b-fdd0923c2537	4	11614492	20428145	6075	-0.3011
b8e37eaf-3103-4ff1-880b-fdd0923c2537	4	20430487	22043756	1172	0.2241
b8e37eaf-3103-4ff1-880b-fdd0923c2537	4	22072923	28798385	4328	-0.3097
b8e37eaf-3103-4ff1-880b-fdd0923c2537	4	28802261	36534634	4482	0.1757
b8e37eaf-3103-4ff1-880b-fdd0923c2537	4	36538381	36538411	2	-1.9096
b8e37eaf-3103-4ff1-880b-fdd0923c2537	4	36544419	37650387	777	0.204
b8e37eaf-3103-4ff1-880b-fdd0923c2537	4	37652573	37953793	242	0.4084
b8e37eaf-3103-4ff1-880b-fdd0923c2537	4	37953881	40002832	1207	0.1883
b8e37eaf-3103-4ff1-880b-fdd0923c2537	4	40003768	45285056	2745	0.3345
b8e37eaf-3103-4ff1-880b-fdd0923c2537	4	45287078	45287499	2	-0.972
b8e37eaf-3103-4ff1-880b-fdd0923c2537	4	45293289	46754915	664	0.314
b8e37eaf-3103-4ff1-880b-fdd0923c2537	4	46757499	46915550	87	0.509
b8e37eaf-3103-4ff1-880b-fdd0923c2537	4	46917213	48064938	651	0.3381
b8e37eaf-3103-4ff1-880b-fdd0923c2537	4	48065850	54241451	1441	0.5267
b8e37eaf-3103-4ff1-880b-fdd0923c2537	4	54249536	54249593	6	-0.2184
b8e37eaf-3103-4ff1-880b-fdd0923c2537	4	54254390	62853455	5216	0.5239
b8e37eaf-3103-4ff1-880b-fdd0923c2537	4	62857795	62939162	41	0.8731
b8e37eaf-3103-4ff1-880b-fdd0923c2537	4	62940863	69989418	3269	0.5026
b8e37eaf-3103-4ff1-880b-fdd0923c2537	4	69989466	72992346	1639	0.9617
b8e37eaf-3103-4ff1-880b-fdd0923c2537	4	72992679	73953784	536	0.4728
b8e37eaf-3103-4ff1-880b-fdd0923c2537	4	73954217	74674676	413	0.9685
b8e37eaf-3103-4ff1-880b-fdd0923c2537	4	74676253	75542367	556	-0.2899
b8e37eaf-3103-4ff1-880b-fdd0923c2537	4	75546266	75686944	84	0.5045
b8e37eaf-3103-4ff1-880b-fdd0923c2537	4	75687423	76439278	484	-0.3383
b8e37eaf-3103-4ff1-880b-fdd0923c2537	4	76442973	76947187	322	0.5179
b8e37eaf-3103-4ff1-880b-fdd0923c2537	4	76954208	77294377	229	0.984
b8e37eaf-3103-4ff1-880b-fdd0923c2537	4	77295863	77307084	11	0.3154
b8e37eaf-3103-4ff1-880b-fdd0923c2537	4	77307102	77318037	19	0.8298
b8e37eaf-3103-4ff1-880b-fdd0923c2537	4	77318828	77898792	354	0.4839
b8e37eaf-3103-4ff1-880b-fdd0923c2537	4	77899532	78768053	613	0.9556
b8e37eaf-3103-4ff1-880b-fdd0923c2537	4	78769092	78781392	6	0.694
b8e37eaf-3103-4ff1-880b-fdd0923c2537	4	78783056	78907896	55	0.4585
b8e37eaf-3103-4ff1-880b-fdd0923c2537	4	78922567	78994173	52	-0.3615
b8e37eaf-3103-4ff1-880b-fdd0923c2537	4	78997397	80257006	681	0.4735
b8e37eaf-3103-4ff1-880b-fdd0923c2537	4	80257529	85247297	2944	-0.3207
b8e37eaf-3103-4ff1-880b-fdd0923c2537	4	85251356	85280937	26	0.9402
b8e37eaf-3103-4ff1-880b-fdd0923c2537	4	85283836	86503186	810	-0.331
b8e37eaf-3103-4ff1-880b-fdd0923c2537	4	86504222	86757973	105	0.4913
b8e37eaf-3103-4ff1-880b-fdd0923c2537	4	86759913	87963788	794	0.9585
b8e37eaf-3103-4ff1-880b-fdd0923c2537	4	87963816	101954515	7703	-0.3321
b8e37eaf-3103-4ff1-880b-fdd0923c2537	4	101958164	101972242	10	0.4638
b8e37eaf-3103-4ff1-880b-fdd0923c2537	4	101972732	102006778	20	-0.33
b8e37eaf-3103-4ff1-880b-fdd0923c2537	4	102030015	102090936	46	0.3213
b8e37eaf-3103-4ff1-880b-fdd0923c2537	4	102095287	102285904	127	-0.3258
b8e37eaf-3103-4ff1-880b-fdd0923c2537	4	102286223	102458631	105	0.9965
b8e37eaf-3103-4ff1-880b-fdd0923c2537	4	102461261	108758627	3429	-0.3372
b8e37eaf-3103-4ff1-880b-fdd0923c2537	4	108772770	109978892	691	0.9835
b8e37eaf-3103-4ff1-880b-fdd0923c2537	4	109979635	110247641	202	0.5639
b8e37eaf-3103-4ff1-880b-fdd0923c2537	4	110248446	110277351	24	1.003
b8e37eaf-3103-4ff1-880b-fdd0923c2537	4	110285804	111140105	497	0.5059
b8e37eaf-3103-4ff1-880b-fdd0923c2537	4	111143800	111172198	15	0.8416
b8e37eaf-3103-4ff1-880b-fdd0923c2537	4	111183226	113592384	1449	-0.3153
b8e37eaf-3103-4ff1-880b-fdd0923c2537	4	113592669	113612114	2	-2.4817
b8e37eaf-3103-4ff1-880b-fdd0923c2537	4	113612862	114350830	475	-0.4025
b8e37eaf-3103-4ff1-880b-fdd0923c2537	4	114366175	115007413	362	1.7137
b8e37eaf-3103-4ff1-880b-fdd0923c2537	4	115010574	118716607	1939	-0.4012
b8e37eaf-3103-4ff1-880b-fdd0923c2537	4	118718546	119460368	434	1.5662
b8e37eaf-3103-4ff1-880b-fdd0923c2537	4	119460382	119769099	192	1.7186
b8e37eaf-3103-4ff1-880b-fdd0923c2537	4	119772867	119965425	112	1.5393
b8e37eaf-3103-4ff1-880b-fdd0923c2537	4	119968344	154075237	18410	-0.3898
b8e37eaf-3103-4ff1-880b-fdd0923c2537	4	154133758	154225471	53	-0.8093
b8e37eaf-3103-4ff1-880b-fdd0923c2537	4	154226276	163298267	5417	-0.3686
b8e37eaf-3103-4ff1-880b-fdd0923c2537	4	163298954	165863663	1281	-0.4336
b8e37eaf-3103-4ff1-880b-fdd0923c2537	4	165865932	167037951	630	-0.3865
b8e37eaf-3103-4ff1-880b-fdd0923c2537	4	167038218	167038495	3	-2.0249
b8e37eaf-3103-4ff1-880b-fdd0923c2537	4	167040584	170051750	1663	-0.4004
b8e37eaf-3103-4ff1-880b-fdd0923c2537	4	170056852	170073915	17	-0.9073
b8e37eaf-3103-4ff1-880b-fdd0923c2537	4	170076823	170107804	9	-0.4773
b8e37eaf-3103-4ff1-880b-fdd0923c2537	4	170109656	170188460	53	-2.7157
b8e37eaf-3103-4ff1-880b-fdd0923c2537	4	170188502	172862318	1381	-0.4022
b8e37eaf-3103-4ff1-880b-fdd0923c2537	4	172864573	181375578	4546	-0.8498
b8e37eaf-3103-4ff1-880b-fdd0923c2537	4	181378276	181507365	89	-1.9256
b8e37eaf-3103-4ff1-880b-fdd0923c2537	4	181507543	181631890	63	-4.4839
b8e37eaf-3103-4ff1-880b-fdd0923c2537	4	181635401	181716437	73	-2.143
b8e37eaf-3103-4ff1-880b-fdd0923c2537	4	181716472	181719599	11	-1.0186
b8e37eaf-3103-4ff1-880b-fdd0923c2537	4	181719726	181740482	36	-1.5363
b8e37eaf-3103-4ff1-880b-fdd0923c2537	4	181741133	181900960	134	-0.829
b8e37eaf-3103-4ff1-880b-fdd0923c2537	4	181901057	182022987	91	-0.3772
b8e37eaf-3103-4ff1-880b-fdd0923c2537	4	182023828	182315464	246	-0.7898
b8e37eaf-3103-4ff1-880b-fdd0923c2537	4	182315542	182614883	211	-1.6171
b8e37eaf-3103-4ff1-880b-fdd0923c2537	4	183286625	187842528	2077	-0.8355
b8e37eaf-3103-4ff1-880b-fdd0923c2537	5	913983	2788487	902	1.0035
b8e37eaf-3103-4ff1-880b-fdd0923c2537	5	2789532	4625914	1476	0.8191
b8e37eaf-3103-4ff1-880b-fdd0923c2537	5	4626347	6585121	1686	0.9753
b8e37eaf-3103-4ff1-880b-fdd0923c2537	5	6585361	6777728	168	1.2287
b8e37eaf-3103-4ff1-880b-fdd0923c2537	5	6780049	13657124	4471	0.9411
b8e37eaf-3103-4ff1-880b-fdd0923c2537	5	13657229	14267931	527	0.776
b8e37eaf-3103-4ff1-880b-fdd0923c2537	5	14268868	15331010	720	0.9584
b8e37eaf-3103-4ff1-880b-fdd0923c2537	5	15331022	15332597	10	0.43
b8e37eaf-3103-4ff1-880b-fdd0923c2537	5	15332903	16828124	570	0.9483
b8e37eaf-3103-4ff1-880b-fdd0923c2537	5	16830997	16831190	2	-0.2541
b8e37eaf-3103-4ff1-880b-fdd0923c2537	5	16834459	17193747	198	0.9625
b8e37eaf-3103-4ff1-880b-fdd0923c2537	5	17193954	17290812	64	1.1503
b8e37eaf-3103-4ff1-880b-fdd0923c2537	5	17292862	21341983	1914	0.742
b8e37eaf-3103-4ff1-880b-fdd0923c2537	5	21342151	21361673	6	0.0782
b8e37eaf-3103-4ff1-880b-fdd0923c2537	5	21391680	23290520	968	0.7442
b8e37eaf-3103-4ff1-880b-fdd0923c2537	5	23290526	23297337	9	0.3224
b8e37eaf-3103-4ff1-880b-fdd0923c2537	5	23297413	24523946	695	0.7593
b8e37eaf-3103-4ff1-880b-fdd0923c2537	5	24524295	77988965	27074	0.8991
b8e37eaf-3103-4ff1-880b-fdd0923c2537	5	77989318	78473120	234	0.7318
b8e37eaf-3103-4ff1-880b-fdd0923c2537	5	78473179	79757331	723	0.9016
b8e37eaf-3103-4ff1-880b-fdd0923c2537	5	79757463	80465227	452	0.7496
b8e37eaf-3103-4ff1-880b-fdd0923c2537	5	80467672	82193269	974	0.8896
b8e37eaf-3103-4ff1-880b-fdd0923c2537	5	82195037	83949699	1067	0.7281
b8e37eaf-3103-4ff1-880b-fdd0923c2537	5	83955423	84256436	131	0.9103
b8e37eaf-3103-4ff1-880b-fdd0923c2537	5	84257570	87997874	1899	0.7154
b8e37eaf-3103-4ff1-880b-fdd0923c2537	5	88003329	104717508	7957	0.5151
b8e37eaf-3103-4ff1-880b-fdd0923c2537	5	104724324	104751161	13	-0.6359
b8e37eaf-3103-4ff1-880b-fdd0923c2537	5	104758393	131877947	15885	0.4891
b8e37eaf-3103-4ff1-880b-fdd0923c2537	5	131879172	134099223	1469	0.5466
b8e37eaf-3103-4ff1-880b-fdd0923c2537	5	134100332	135036995	444	0.4803
b8e37eaf-3103-4ff1-880b-fdd0923c2537	5	135042082	142621589	4234	0.5621
b8e37eaf-3103-4ff1-880b-fdd0923c2537	5	142622667	142666523	36	1.0402
b8e37eaf-3103-4ff1-880b-fdd0923c2537	5	142667626	150586631	5207	0.5897
b8e37eaf-3103-4ff1-880b-fdd0923c2537	5	150586910	150954075	181	0.4738
b8e37eaf-3103-4ff1-880b-fdd0923c2537	5	150954136	170331504	12904	0.0494
b8e37eaf-3103-4ff1-880b-fdd0923c2537	5	170332986	180934240	5776	0.1183
b8e37eaf-3103-4ff1-880b-fdd0923c2537	6	1011760	1137836	126	-0.8213
b8e37eaf-3103-4ff1-880b-fdd0923c2537	6	1144456	1181405	34	0.0052
b8e37eaf-3103-4ff1-880b-fdd0923c2537	6	1184180	8579718	5449	0.1072
b8e37eaf-3103-4ff1-880b-fdd0923c2537	6	8580204	20205679	8041	0.0663
b8e37eaf-3103-4ff1-880b-fdd0923c2537	6	20207330	22824078	1867	0.565
b8e37eaf-3103-4ff1-880b-fdd0923c2537	6	22828213	24828331	1354	0.0895
b8e37eaf-3103-4ff1-880b-fdd0923c2537	6	24832485	25782086	499	-0.7675
b8e37eaf-3103-4ff1-880b-fdd0923c2537	6	25782794	26076940	177	0.0623
b8e37eaf-3103-4ff1-880b-fdd0923c2537	6	26080586	28009358	632	0.0011
b8e37eaf-3103-4ff1-880b-fdd0923c2537	6	28009959	30954793	1038	0.0847
b8e37eaf-3103-4ff1-880b-fdd0923c2537	6	30960090	31238839	155	-0.877
b8e37eaf-3103-4ff1-880b-fdd0923c2537	6	32899215	33852991	507	0.1041
b8e37eaf-3103-4ff1-880b-fdd0923c2537	6	33857001	35307605	689	-0.6984
b8e37eaf-3103-4ff1-880b-fdd0923c2537	6	35313429	36428042	608	0.0866
b8e37eaf-3103-4ff1-880b-fdd0923c2537	6	36431788	38338046	1196	-0.7529
b8e37eaf-3103-4ff1-880b-fdd0923c2537	6	38338577	38790051	342	0.0605
b8e37eaf-3103-4ff1-880b-fdd0923c2537	6	38795957	38817863	21	-0.6636
b8e37eaf-3103-4ff1-880b-fdd0923c2537	6	38818365	38912519	85	0.0351
b8e37eaf-3103-4ff1-880b-fdd0923c2537	6	38914118	39330954	331	-0.7195
b8e37eaf-3103-4ff1-880b-fdd0923c2537	6	39332699	39500972	127	0.1234
b8e37eaf-3103-4ff1-880b-fdd0923c2537	6	39511835	40562822	802	-0.7379
b8e37eaf-3103-4ff1-880b-fdd0923c2537	6	40565154	41768718	858	0.1401
b8e37eaf-3103-4ff1-880b-fdd0923c2537	6	41777210	42676908	491	0.5715
b8e37eaf-3103-4ff1-880b-fdd0923c2537	6	42678419	46669906	2179	0.1006
b8e37eaf-3103-4ff1-880b-fdd0923c2537	6	46672940	46958100	215	0.6331
b8e37eaf-3103-4ff1-880b-fdd0923c2537	6	46960032	46960083	2	-0.5745
b8e37eaf-3103-4ff1-880b-fdd0923c2537	6	46963821	47186133	206	0.5706
b8e37eaf-3103-4ff1-880b-fdd0923c2537	6	47191793	50303882	1698	0.0904
b8e37eaf-3103-4ff1-880b-fdd0923c2537	6	50306797	50593598	152	0.5786
b8e37eaf-3103-4ff1-880b-fdd0923c2537	6	50595928	51299815	373	0.0533
b8e37eaf-3103-4ff1-880b-fdd0923c2537	6	51300632	52064034	543	0.5575
b8e37eaf-3103-4ff1-880b-fdd0923c2537	6	52067952	52644742	391	0.0854
b8e37eaf-3103-4ff1-880b-fdd0923c2537	6	52644971	52650280	10	0.9983
b8e37eaf-3103-4ff1-880b-fdd0923c2537	6	52652208	53197032	351	0.0976
b8e37eaf-3103-4ff1-880b-fdd0923c2537	6	53201784	53345557	115	0.5695
b8e37eaf-3103-4ff1-880b-fdd0923c2537	6	53346027	54751812	963	0.0828
b8e37eaf-3103-4ff1-880b-fdd0923c2537	6	54755305	54759003	6	0.9008
b8e37eaf-3103-4ff1-880b-fdd0923c2537	6	54762333	67418895	4576	-0.7546
b8e37eaf-3103-4ff1-880b-fdd0923c2537	6	67419539	68125739	346	0.0742
b8e37eaf-3103-4ff1-880b-fdd0923c2537	6	68126533	68741307	351	-0.7747
b8e37eaf-3103-4ff1-880b-fdd0923c2537	6	68743215	69580456	460	0.043
b8e37eaf-3103-4ff1-880b-fdd0923c2537	6	69583309	71223569	903	0.5553
b8e37eaf-3103-4ff1-880b-fdd0923c2537	6	71223653	71566964	217	0.8714
b8e37eaf-3103-4ff1-880b-fdd0923c2537	6	71567348	72097319	361	0.582
b8e37eaf-3103-4ff1-880b-fdd0923c2537	6	72097605	73030591	600	0.8996
b8e37eaf-3103-4ff1-880b-fdd0923c2537	6	73031348	75066416	1217	0.5537
b8e37eaf-3103-4ff1-880b-fdd0923c2537	6	75066980	75097848	24	-0.6658
b8e37eaf-3103-4ff1-880b-fdd0923c2537	6	75103576	75189618	59	0.0768
b8e37eaf-3103-4ff1-880b-fdd0923c2537	6	75193088	75248037	35	-0.8461
b8e37eaf-3103-4ff1-880b-fdd0923c2537	6	75250825	75531771	156	0.0464
b8e37eaf-3103-4ff1-880b-fdd0923c2537	6	75531811	76695814	615	-0.7254
b8e37eaf-3103-4ff1-880b-fdd0923c2537	6	76695881	76875593	99	-0.3927
b8e37eaf-3103-4ff1-880b-fdd0923c2537	6	76879514	79721227	1394	-0.7448
b8e37eaf-3103-4ff1-880b-fdd0923c2537	6	79725162	81694338	1218	0.0671
b8e37eaf-3103-4ff1-880b-fdd0923c2537	6	81733991	82751302	538	-0.7607
b8e37eaf-3103-4ff1-880b-fdd0923c2537	6	82751585	82891046	58	0.0568
b8e37eaf-3103-4ff1-880b-fdd0923c2537	6	82892349	84213582	761	-0.7132
b8e37eaf-3103-4ff1-880b-fdd0923c2537	6	84219035	85457986	841	0.5599
b8e37eaf-3103-4ff1-880b-fdd0923c2537	6	85462225	85480983	13	-0.8639
b8e37eaf-3103-4ff1-880b-fdd0923c2537	6	85483756	85683872	78	0.0545
b8e37eaf-3103-4ff1-880b-fdd0923c2537	6	85684187	87422001	871	-0.737
b8e37eaf-3103-4ff1-880b-fdd0923c2537	6	87431422	89345957	1178	0.0592
b8e37eaf-3103-4ff1-880b-fdd0923c2537	6	89348950	89867352	297	0.5473
b8e37eaf-3103-4ff1-880b-fdd0923c2537	6	89877006	89999202	104	-0.7904
b8e37eaf-3103-4ff1-880b-fdd0923c2537	6	90004335	90154476	100	0.0542
b8e37eaf-3103-4ff1-880b-fdd0923c2537	6	90158347	91982258	1131	-0.7774
b8e37eaf-3103-4ff1-880b-fdd0923c2537	6	91984507	92567042	363	0.0305
b8e37eaf-3103-4ff1-880b-fdd0923c2537	6	92567662	92723080	88	-0.7649
b8e37eaf-3103-4ff1-880b-fdd0923c2537	6	92728392	93533915	593	0.0712
b8e37eaf-3103-4ff1-880b-fdd0923c2537	6	93536056	93765426	139	-0.7745
b8e37eaf-3103-4ff1-880b-fdd0923c2537	6	93768888	96615848	749	-0.3809
b8e37eaf-3103-4ff1-880b-fdd0923c2537	6	96617812	99818247	1993	0.2954
b8e37eaf-3103-4ff1-880b-fdd0923c2537	6	99822570	100381259	323	-0.3513
b8e37eaf-3103-4ff1-880b-fdd0923c2537	6	100381705	100406746	25	0.6968
b8e37eaf-3103-4ff1-880b-fdd0923c2537	6	100408555	100416404	7	1.2995
b8e37eaf-3103-4ff1-880b-fdd0923c2537	6	100416481	100486313	41	0.7473
b8e37eaf-3103-4ff1-880b-fdd0923c2537	6	100486767	100493600	8	-0.1486
b8e37eaf-3103-4ff1-880b-fdd0923c2537	6	100494341	100605850	42	0.293
b8e37eaf-3103-4ff1-880b-fdd0923c2537	6	100605988	101951404	731	-0.3679
b8e37eaf-3103-4ff1-880b-fdd0923c2537	6	101957135	102218833	146	0.3004
b8e37eaf-3103-4ff1-880b-fdd0923c2537	6	102219528	103362533	558	0.0386
b8e37eaf-3103-4ff1-880b-fdd0923c2537	6	103362717	103377647	6	-0.202
b8e37eaf-3103-4ff1-880b-fdd0923c2537	6	103377649	103576610	150	-0.7678
b8e37eaf-3103-4ff1-880b-fdd0923c2537	6	103579424	103583961	7	-0.1976
b8e37eaf-3103-4ff1-880b-fdd0923c2537	6	103584558	104146072	251	0.0489
b8e37eaf-3103-4ff1-880b-fdd0923c2537	6	104146495	105386367	745	0.2944
b8e37eaf-3103-4ff1-880b-fdd0923c2537	6	105387947	107277432	1191	0.0367
b8e37eaf-3103-4ff1-880b-fdd0923c2537	6	107292605	107720940	289	-0.777
b8e37eaf-3103-4ff1-880b-fdd0923c2537	6	107721130	108023902	225	0.0557
b8e37eaf-3103-4ff1-880b-fdd0923c2537	6	108025473	109827621	1039	0.2659
b8e37eaf-3103-4ff1-880b-fdd0923c2537	6	109835092	109871234	31	-0.4027
b8e37eaf-3103-4ff1-880b-fdd0923c2537	6	109872449	110052245	142	-0.8248
b8e37eaf-3103-4ff1-880b-fdd0923c2537	6	110063863	110488606	271	-0.3665
b8e37eaf-3103-4ff1-880b-fdd0923c2537	6	110492725	112668049	1277	0.2744
b8e37eaf-3103-4ff1-880b-fdd0923c2537	6	112670175	113617493	645	0.0586
b8e37eaf-3103-4ff1-880b-fdd0923c2537	6	113620909	114288923	433	-0.7621
b8e37eaf-3103-4ff1-880b-fdd0923c2537	6	114295800	114364711	37	-0.1409
b8e37eaf-3103-4ff1-880b-fdd0923c2537	6	114365312	114382277	6	0.7358
b8e37eaf-3103-4ff1-880b-fdd0923c2537	6	114386196	114444852	40	-0.7651
b8e37eaf-3103-4ff1-880b-fdd0923c2537	6	114445093	114482838	19	0.0373
b8e37eaf-3103-4ff1-880b-fdd0923c2537	6	114485731	114509495	15	-0.8168
b8e37eaf-3103-4ff1-880b-fdd0923c2537	6	114512571	114565569	27	0.1264
b8e37eaf-3103-4ff1-880b-fdd0923c2537	6	114569157	114905963	177	-0.7664
b8e37eaf-3103-4ff1-880b-fdd0923c2537	6	114923004	114930564	2	-2.6067
b8e37eaf-3103-4ff1-880b-fdd0923c2537	6	114936470	116215088	633	-0.7758
b8e37eaf-3103-4ff1-880b-fdd0923c2537	6	116215902	116225761	6	-0.0102
b8e37eaf-3103-4ff1-880b-fdd0923c2537	6	116227945	116238101	7	-0.702
b8e37eaf-3103-4ff1-880b-fdd0923c2537	6	116240487	116288087	28	-0.0485
b8e37eaf-3103-4ff1-880b-fdd0923c2537	6	116296362	116359327	41	-0.7568
b8e37eaf-3103-4ff1-880b-fdd0923c2537	6	116360315	116487724	82	0.0424
b8e37eaf-3103-4ff1-880b-fdd0923c2537	6	116493205	117752846	703	-0.7779
b8e37eaf-3103-4ff1-880b-fdd0923c2537	6	117770017	117772428	4	1.0133
b8e37eaf-3103-4ff1-880b-fdd0923c2537	6	117784053	117824659	29	-0.7644
b8e37eaf-3103-4ff1-880b-fdd0923c2537	6	117828365	117953613	69	-0.2092
b8e37eaf-3103-4ff1-880b-fdd0923c2537	6	117956135	120044835	893	-0.7651
b8e37eaf-3103-4ff1-880b-fdd0923c2537	6	120051739	120090696	20	0.0364
b8e37eaf-3103-4ff1-880b-fdd0923c2537	6	120091123	122339939	1230	-0.7486
b8e37eaf-3103-4ff1-880b-fdd0923c2537	6	122340169	122362071	12	-0.0595
b8e37eaf-3103-4ff1-880b-fdd0923c2537	6	122362099	122371147	18	-0.7917
b8e37eaf-3103-4ff1-880b-fdd0923c2537	6	122375807	122659414	146	0.0604
b8e37eaf-3103-4ff1-880b-fdd0923c2537	6	122661346	122908906	156	-0.7473
b8e37eaf-3103-4ff1-880b-fdd0923c2537	6	122913088	122923000	13	-0.063
b8e37eaf-3103-4ff1-880b-fdd0923c2537	6	122925172	122939149	12	-0.8203
b8e37eaf-3103-4ff1-880b-fdd0923c2537	6	122946740	122984754	29	0.1292
b8e37eaf-3103-4ff1-880b-fdd0923c2537	6	122992194	122993555	3	-0.9225
b8e37eaf-3103-4ff1-880b-fdd0923c2537	6	122994363	123018006	15	0.1098
b8e37eaf-3103-4ff1-880b-fdd0923c2537	6	123021278	123046369	16	-0.8539
b8e37eaf-3103-4ff1-880b-fdd0923c2537	6	123050335	123055824	5	0.0443
b8e37eaf-3103-4ff1-880b-fdd0923c2537	6	123060407	123114785	35	-0.7877
b8e37eaf-3103-4ff1-880b-fdd0923c2537	6	123114983	123123320	7	0.6587
b8e37eaf-3103-4ff1-880b-fdd0923c2537	6	123123724	123161897	24	0.0085
b8e37eaf-3103-4ff1-880b-fdd0923c2537	6	123169553	123180089	7	-0.6267
b8e37eaf-3103-4ff1-880b-fdd0923c2537	6	123187883	123201473	9	0.0694
b8e37eaf-3103-4ff1-880b-fdd0923c2537	6	123208311	131819464	5273	-0.7917
b8e37eaf-3103-4ff1-880b-fdd0923c2537	6	131823148	137253219	3664	0.0619
b8e37eaf-3103-4ff1-880b-fdd0923c2537	6	137255453	137718687	380	-0.7842
b8e37eaf-3103-4ff1-880b-fdd0923c2537	6	137721841	138757152	657	0.0622
b8e37eaf-3103-4ff1-880b-fdd0923c2537	6	138761712	139175645	265	0.5432
b8e37eaf-3103-4ff1-880b-fdd0923c2537	6	139181178	139720613	322	0.0669
b8e37eaf-3103-4ff1-880b-fdd0923c2537	6	139734084	140107319	232	0.5405
b8e37eaf-3103-4ff1-880b-fdd0923c2537	6	140113897	142001889	685	0.0456
b8e37eaf-3103-4ff1-880b-fdd0923c2537	6	142002718	142691395	383	-0.7738
b8e37eaf-3103-4ff1-880b-fdd0923c2537	6	142693097	143509041	569	0.0335
b8e37eaf-3103-4ff1-880b-fdd0923c2537	6	143511463	145369604	1224	-0.8017
b8e37eaf-3103-4ff1-880b-fdd0923c2537	6	145375491	146325838	484	-0.284
b8e37eaf-3103-4ff1-880b-fdd0923c2537	6	146326319	146331218	6	0.394
b8e37eaf-3103-4ff1-880b-fdd0923c2537	6	146331295	148057234	1209	-0.2916
b8e37eaf-3103-4ff1-880b-fdd0923c2537	6	148060020	148155829	89	0.3482
b8e37eaf-3103-4ff1-880b-fdd0923c2537	6	148159820	167067656	12385	-0.2733
b8e37eaf-3103-4ff1-880b-fdd0923c2537	6	167069474	167088050	4	-1.3878
b8e37eaf-3103-4ff1-880b-fdd0923c2537	6	167088371	170370590	719	-0.2358
b8e37eaf-3103-4ff1-880b-fdd0923c2537	6	170374153	170416099	29	-0.6551
b8e37eaf-3103-4ff1-880b-fdd0923c2537	6	170417917	170526514	75	-0.2242
b8e37eaf-3103-4ff1-880b-fdd0923c2537	6	170526819	170596889	41	-0.6939
b8e37eaf-3103-4ff1-880b-fdd0923c2537	7	664936	2323628	457	1.0034
b8e37eaf-3103-4ff1-880b-fdd0923c2537	7	2325309	3144537	427	0.7484
b8e37eaf-3103-4ff1-880b-fdd0923c2537	7	3147768	4437381	572	0.8342
b8e37eaf-3103-4ff1-880b-fdd0923c2537	7	4437393	9676022	2220	0.7061
b8e37eaf-3103-4ff1-880b-fdd0923c2537	7	9676345	12629391	1699	0.84
b8e37eaf-3103-4ff1-880b-fdd0923c2537	7	12629626	13658180	669	0.6862
b8e37eaf-3103-4ff1-880b-fdd0923c2537	7	13658345	13658363	2	-0.5474
b8e37eaf-3103-4ff1-880b-fdd0923c2537	7	13658526	13676450	16	0.7776
b8e37eaf-3103-4ff1-880b-fdd0923c2537	7	13680885	16306931	1956	0.8229
b8e37eaf-3103-4ff1-880b-fdd0923c2537	7	16309138	21298987	2415	0.9268
b8e37eaf-3103-4ff1-880b-fdd0923c2537	7	21299319	21346171	35	0.8551
b8e37eaf-3103-4ff1-880b-fdd0923c2537	7	21346402	21741312	262	0.6026
b8e37eaf-3103-4ff1-880b-fdd0923c2537	7	21741516	21768155	41	0.7431
b8e37eaf-3103-4ff1-880b-fdd0923c2537	7	21768316	22807336	797	0.938
b8e37eaf-3103-4ff1-880b-fdd0923c2537	7	22808174	24768749	1399	0.7813
b8e37eaf-3103-4ff1-880b-fdd0923c2537	7	24769686	26604393	1322	0.637
b8e37eaf-3103-4ff1-880b-fdd0923c2537	7	26604808	27150073	300	0.7697
b8e37eaf-3103-4ff1-880b-fdd0923c2537	7	27150779	36321164	5863	0.6349
b8e37eaf-3103-4ff1-880b-fdd0923c2537	7	36322077	40525199	2759	0.5979
b8e37eaf-3103-4ff1-880b-fdd0923c2537	7	40525841	47932102	4520	0.6477
b8e37eaf-3103-4ff1-880b-fdd0923c2537	7	47932269	67003133	6697	0.4583
b8e37eaf-3103-4ff1-880b-fdd0923c2537	7	67003322	76067102	4027	0.545
b8e37eaf-3103-4ff1-880b-fdd0923c2537	7	76067288	87398843	6350	0.4855
b8e37eaf-3103-4ff1-880b-fdd0923c2537	7	87399971	87863096	225	-0.0386
b8e37eaf-3103-4ff1-880b-fdd0923c2537	7	87864649	101868625	6458	0.4825
b8e37eaf-3103-4ff1-880b-fdd0923c2537	7	101870974	102261163	202	0.3061
b8e37eaf-3103-4ff1-880b-fdd0923c2537	7	102261702	104579890	1172	0.4993
b8e37eaf-3103-4ff1-880b-fdd0923c2537	7	104580256	104581547	2	1.7313
b8e37eaf-3103-4ff1-880b-fdd0923c2537	7	104595300	117708735	7096	0.4718
b8e37eaf-3103-4ff1-880b-fdd0923c2537	7	117709173	126023972	4445	0.2145
b8e37eaf-3103-4ff1-880b-fdd0923c2537	7	126024541	126081764	48	0.0524
b8e37eaf-3103-4ff1-880b-fdd0923c2537	7	126082669	126655865	304	0.1463
b8e37eaf-3103-4ff1-880b-fdd0923c2537	7	126655887	130286083	1787	0.0144
b8e37eaf-3103-4ff1-880b-fdd0923c2537	7	130287614	130629231	139	0.3287
b8e37eaf-3103-4ff1-880b-fdd0923c2537	7	130629344	131462704	527	0.0057
b8e37eaf-3103-4ff1-880b-fdd0923c2537	7	131466381	132436592	624	0.355
b8e37eaf-3103-4ff1-880b-fdd0923c2537	7	132437172	137992053	3542	0.0096
b8e37eaf-3103-4ff1-880b-fdd0923c2537	7	137992316	141930188	2222	0.288
b8e37eaf-3103-4ff1-880b-fdd0923c2537	7	141932552	150850037	4263	-0.0107
b8e37eaf-3103-4ff1-880b-fdd0923c2537	7	150855785	158592540	4050	0.3123
b8e37eaf-3103-4ff1-880b-fdd0923c2537	8	667625	1265166	170	-2.0385
b8e37eaf-3103-4ff1-880b-fdd0923c2537	8	1265445	2852870	605	-4.3959
b8e37eaf-3103-4ff1-880b-fdd0923c2537	8	2853520	2870569	13	-0.9523
b8e37eaf-3103-4ff1-880b-fdd0923c2537	8	2870685	2961288	59	-4.8783
b8e37eaf-3103-4ff1-880b-fdd0923c2537	8	2961340	3207046	220	-1.0426
b8e37eaf-3103-4ff1-880b-fdd0923c2537	8	3209086	3230287	21	-0.1855
b8e37eaf-3103-4ff1-880b-fdd0923c2537	8	3232059	3244062	14	-0.8991
b8e37eaf-3103-4ff1-880b-fdd0923c2537	8	3244863	3447590	191	-4.6069
b8e37eaf-3103-4ff1-880b-fdd0923c2537	8	3449492	3530034	98	-0.76
b8e37eaf-3103-4ff1-880b-fdd0923c2537	8	3530845	3536128	8	0.1607
b8e37eaf-3103-4ff1-880b-fdd0923c2537	8	3536217	3869445	227	-0.7555
b8e37eaf-3103-4ff1-880b-fdd0923c2537	8	3870375	4600690	431	-0.0506
b8e37eaf-3103-4ff1-880b-fdd0923c2537	8	4604197	4990136	221	-0.9776
b8e37eaf-3103-4ff1-880b-fdd0923c2537	8	4995403	6352939	356	0.5723
b8e37eaf-3103-4ff1-880b-fdd0923c2537	8	6354158	6639234	301	-0.7956
b8e37eaf-3103-4ff1-880b-fdd0923c2537	8	6640232	6678452	25	0.0461
b8e37eaf-3103-4ff1-880b-fdd0923c2537	8	6680004	6944307	221	-0.8185
b8e37eaf-3103-4ff1-880b-fdd0923c2537	8	6944433	11528546	1937	0.0718
b8e37eaf-3103-4ff1-880b-fdd0923c2537	8	11632385	13017488	364	0.561
b8e37eaf-3103-4ff1-880b-fdd0923c2537	8	13022461	13811825	513	0.0628
b8e37eaf-3103-4ff1-880b-fdd0923c2537	8	13812067	14868506	961	0.5409
b8e37eaf-3103-4ff1-880b-fdd0923c2537	8	14871149	15800247	694	0.0425
b8e37eaf-3103-4ff1-880b-fdd0923c2537	8	15800821	16675368	467	0.5348
b8e37eaf-3103-4ff1-880b-fdd0923c2537	8	16675676	24544504	5748	0.0741
b8e37eaf-3103-4ff1-880b-fdd0923c2537	8	24545709	24554168	12	0.5364
b8e37eaf-3103-4ff1-880b-fdd0923c2537	8	24556419	29016728	3181	0.0699
b8e37eaf-3103-4ff1-880b-fdd0923c2537	8	29023811	29251470	123	-0.358
b8e37eaf-3103-4ff1-880b-fdd0923c2537	8	29253016	119284309	49254	0.0527
b8e37eaf-3103-4ff1-880b-fdd0923c2537	8	119298868	119644909	248	1.6971
b8e37eaf-3103-4ff1-880b-fdd0923c2537	8	119645885	121382007	1077	0.0461
b8e37eaf-3103-4ff1-880b-fdd0923c2537	8	121382546	121589019	94	1.7989
b8e37eaf-3103-4ff1-880b-fdd0923c2537	8	121589099	123472344	1227	1.6705
b8e37eaf-3103-4ff1-880b-fdd0923c2537	8	123472942	124077015	439	1.7893
b8e37eaf-3103-4ff1-880b-fdd0923c2537	8	124083276	132837871	6099	0.0708
b8e37eaf-3103-4ff1-880b-fdd0923c2537	8	132838364	134131361	1144	0.5885
b8e37eaf-3103-4ff1-880b-fdd0923c2537	8	134133876	134154292	52	0.3518
b8e37eaf-3103-4ff1-880b-fdd0923c2537	8	134156845	136654485	1871	0.5945
b8e37eaf-3103-4ff1-880b-fdd0923c2537	8	136655366	144182542	3461	0.13
b8e37eaf-3103-4ff1-880b-fdd0923c2537	9	789794	965006	155	-0.2871
b8e37eaf-3103-4ff1-880b-fdd0923c2537	9	1540009	2544091	999	0.0461
b8e37eaf-3103-4ff1-880b-fdd0923c2537	9	2545430	5935542	2379	-0.3487
b8e37eaf-3103-4ff1-880b-fdd0923c2537	9	5935619	5992553	37	-1.4406
b8e37eaf-3103-4ff1-880b-fdd0923c2537	9	5993032	6012734	12	-0.4197
b8e37eaf-3103-4ff1-880b-fdd0923c2537	9	6014242	6026400	8	-1.4864
b8e37eaf-3103-4ff1-880b-fdd0923c2537	9	6031543	35378193	17839	-0.3419
b8e37eaf-3103-4ff1-880b-fdd0923c2537	9	35378637	36088651	355	-0.2501
b8e37eaf-3103-4ff1-880b-fdd0923c2537	9	36091136	36099402	3	-1.1673
b8e37eaf-3103-4ff1-880b-fdd0923c2537	9	36099625	37716703	1028	-0.2485
b8e37eaf-3103-4ff1-880b-fdd0923c2537	9	37719014	38752071	759	-0.32
b8e37eaf-3103-4ff1-880b-fdd0923c2537	9	68423153	84815167	11445	0.1298
b8e37eaf-3103-4ff1-880b-fdd0923c2537	9	84815576	105192411	12951	0.1684
b8e37eaf-3103-4ff1-880b-fdd0923c2537	9	105192778	105297021	93	-0.104
b8e37eaf-3103-4ff1-880b-fdd0923c2537	9	105297280	107998823	1797	0.1925
b8e37eaf-3103-4ff1-880b-fdd0923c2537	9	108003549	109849245	1581	-0.1141
b8e37eaf-3103-4ff1-880b-fdd0923c2537	9	109850502	113383144	2251	-0.1535
b8e37eaf-3103-4ff1-880b-fdd0923c2537	9	113385961	130514791	10960	-0.1043
b8e37eaf-3103-4ff1-880b-fdd0923c2537	9	130517687	130517722	2	-1.7962
b8e37eaf-3103-4ff1-880b-fdd0923c2537	9	130517920	133090275	1831	-0.1034
b8e37eaf-3103-4ff1-880b-fdd0923c2537	9	133092215	136444175	1516	-0.0395
b8e37eaf-3103-4ff1-880b-fdd0923c2537	9	136447127	138044505	429	-0.1122
b8e37eaf-3103-4ff1-880b-fdd0923c2537	10	366509	7690456	5035	0.106
b8e37eaf-3103-4ff1-880b-fdd0923c2537	10	7693913	8458159	575	-0.7482
b8e37eaf-3103-4ff1-880b-fdd0923c2537	10	8459574	8858053	374	0.1033
b8e37eaf-3103-4ff1-880b-fdd0923c2537	10	8865911	9726745	495	-0.7459
b8e37eaf-3103-4ff1-880b-fdd0923c2537	10	9727319	10035252	203	-0.547
b8e37eaf-3103-4ff1-880b-fdd0923c2537	10	10036079	10299175	202	-0.7511
b8e37eaf-3103-4ff1-880b-fdd0923c2537	10	10301955	13143726	2219	0.1058
b8e37eaf-3103-4ff1-880b-fdd0923c2537	10	13144875	13166308	14	-0.7507
b8e37eaf-3103-4ff1-880b-fdd0923c2537	10	13168096	13185604	16	0.0981
b8e37eaf-3103-4ff1-880b-fdd0923c2537	10	13188950	14276492	985	-0.7271
b8e37eaf-3103-4ff1-880b-fdd0923c2537	10	14278692	15838731	1214	0.1193
b8e37eaf-3103-4ff1-880b-fdd0923c2537	10	15844581	15973924	84	-0.6847
b8e37eaf-3103-4ff1-880b-fdd0923c2537	10	15974274	15987401	14	-0.0062
b8e37eaf-3103-4ff1-880b-fdd0923c2537	10	15992031	21161717	3796	-0.7448
b8e37eaf-3103-4ff1-880b-fdd0923c2537	10	21164868	21939701	353	0.098
b8e37eaf-3103-4ff1-880b-fdd0923c2537	10	21945664	38663748	10576	-0.7367
b8e37eaf-3103-4ff1-880b-fdd0923c2537	10	38665030	45349943	1900	-0.2129
b8e37eaf-3103-4ff1-880b-fdd0923c2537	10	45353397	46041001	147	0.3396
b8e37eaf-3103-4ff1-880b-fdd0923c2537	10	47084490	48194041	189	-0.1282
b8e37eaf-3103-4ff1-880b-fdd0923c2537	10	48195513	49375069	961	-1.3979
b8e37eaf-3103-4ff1-880b-fdd0923c2537	10	49377718	49531164	96	-0.1163
b8e37eaf-3103-4ff1-880b-fdd0923c2537	10	49531319	49576007	31	-1.7904
b8e37eaf-3103-4ff1-880b-fdd0923c2537	10	49579102	51183227	441	-0.1879
b8e37eaf-3103-4ff1-880b-fdd0923c2537	10	51184827	69150698	10759	-0.2505
b8e37eaf-3103-4ff1-880b-fdd0923c2537	10	69153547	72415453	2240	-0.1977
b8e37eaf-3103-4ff1-880b-fdd0923c2537	10	72415657	72766221	149	-1.2731
b8e37eaf-3103-4ff1-880b-fdd0923c2537	10	72769485	75357798	1119	-0.2529
b8e37eaf-3103-4ff1-880b-fdd0923c2537	10	75357847	80621425	3437	-0.1965
b8e37eaf-3103-4ff1-880b-fdd0923c2537	10	80624061	103096384	13727	-0.2439
b8e37eaf-3103-4ff1-880b-fdd0923c2537	10	103097870	103191881	37	-0.6566
b8e37eaf-3103-4ff1-880b-fdd0923c2537	10	103193790	105475914	1438	-0.234
b8e37eaf-3103-4ff1-880b-fdd0923c2537	10	105482009	109445506	2681	-0.3108
b8e37eaf-3103-4ff1-880b-fdd0923c2537	10	109446778	112298805	1865	-0.2408
b8e37eaf-3103-4ff1-880b-fdd0923c2537	10	112300395	113943388	1168	-0.3082
b8e37eaf-3103-4ff1-880b-fdd0923c2537	10	113944699	115114714	776	-0.2508
b8e37eaf-3103-4ff1-880b-fdd0923c2537	10	115115389	127552592	8946	-0.3198
b8e37eaf-3103-4ff1-880b-fdd0923c2537	10	127553448	128375234	597	-0.4909
b8e37eaf-3103-4ff1-880b-fdd0923c2537	10	128377293	128463171	88	-0.3112
b8e37eaf-3103-4ff1-880b-fdd0923c2537	10	128464654	128464734	4	0.5642
b8e37eaf-3103-4ff1-880b-fdd0923c2537	10	128467014	133055089	2097	-0.3671
b8e37eaf-3103-4ff1-880b-fdd0923c2537	10	133084562	133411599	100	-0.8882
b8e37eaf-3103-4ff1-880b-fdd0923c2537	11	456012	6876020	3150	-0.7269
b8e37eaf-3103-4ff1-880b-fdd0923c2537	11	6947005	50096159	27453	-0.2534
b8e37eaf-3103-4ff1-880b-fdd0923c2537	11	50101778	68819703	5460	0.0613
b8e37eaf-3103-4ff1-880b-fdd0923c2537	11	68820358	71623337	1617	0.1385
b8e37eaf-3103-4ff1-880b-fdd0923c2537	11	71626328	80186077	4804	0.0677
b8e37eaf-3103-4ff1-880b-fdd0923c2537	11	80187271	101722888	13549	0.0334
b8e37eaf-3103-4ff1-880b-fdd0923c2537	11	101722904	108898776	3964	-0.0019
b8e37eaf-3103-4ff1-880b-fdd0923c2537	11	108898834	112787076	2506	0.0291
b8e37eaf-3103-4ff1-880b-fdd0923c2537	11	112787384	115532821	1950	0.0501
b8e37eaf-3103-4ff1-880b-fdd0923c2537	11	115532859	117640879	1533	0.0963
b8e37eaf-3103-4ff1-880b-fdd0923c2537	11	117643042	119484698	1215	0.0303
b8e37eaf-3103-4ff1-880b-fdd0923c2537	11	119484752	120944529	1060	0.107
b8e37eaf-3103-4ff1-880b-fdd0923c2537	11	120944858	124098410	2316	0.0381
b8e37eaf-3103-4ff1-880b-fdd0923c2537	11	124103226	124386095	234	0.5059
b8e37eaf-3103-4ff1-880b-fdd0923c2537	11	124389237	126121498	1116	0.0384
b8e37eaf-3103-4ff1-880b-fdd0923c2537	11	126122644	127637396	1216	0.3497
b8e37eaf-3103-4ff1-880b-fdd0923c2537	11	127637941	128723651	869	0.2716
b8e37eaf-3103-4ff1-880b-fdd0923c2537	11	128724266	134242234	3459	0.3568
b8e37eaf-3103-4ff1-880b-fdd0923c2537	11	134245160	134272740	20	-0.8066
b8e37eaf-3103-4ff1-880b-fdd0923c2537	12	780472	1752814	210	0.2284
b8e37eaf-3103-4ff1-880b-fdd0923c2537	12	1752992	1949651	99	0.3983
b8e37eaf-3103-4ff1-880b-fdd0923c2537	12	1951414	1962289	7	0.0858
b8e37eaf-3103-4ff1-880b-fdd0923c2537	12	1968731	2036341	50	0.2937
b8e37eaf-3103-4ff1-880b-fdd0923c2537	12	2037065	2055728	13	0.0848
b8e37eaf-3103-4ff1-880b-fdd0923c2537	12	2057313	2277933	136	0.3664
b8e37eaf-3103-4ff1-880b-fdd0923c2537	12	2278144	2302834	11	0.064
b8e37eaf-3103-4ff1-880b-fdd0923c2537	12	2305509	2489717	167	0.6067
b8e37eaf-3103-4ff1-880b-fdd0923c2537	12	2492197	2538775	34	0.1321
b8e37eaf-3103-4ff1-880b-fdd0923c2537	12	2543114	2568526	20	0.6057
b8e37eaf-3103-4ff1-880b-fdd0923c2537	12	2574166	3298758	416	0.0778
b8e37eaf-3103-4ff1-880b-fdd0923c2537	12	3299681	3411885	67	0.5273
b8e37eaf-3103-4ff1-880b-fdd0923c2537	12	3415587	3560873	92	0.077
b8e37eaf-3103-4ff1-880b-fdd0923c2537	12	3560985	3687633	124	-0.2627
b8e37eaf-3103-4ff1-880b-fdd0923c2537	12	3697939	3977360	178	0.0067
b8e37eaf-3103-4ff1-880b-fdd0923c2537	12	3977381	4125900	87	0.4607
b8e37eaf-3103-4ff1-880b-fdd0923c2537	12	4126264	4225442	99	0.5241
b8e37eaf-3103-4ff1-880b-fdd0923c2537	12	4227617	5130223	766	0.8535
b8e37eaf-3103-4ff1-880b-fdd0923c2537	12	5131060	5904330	711	0.1055
b8e37eaf-3103-4ff1-880b-fdd0923c2537	12	5909564	6037341	92	0.5246
b8e37eaf-3103-4ff1-880b-fdd0923c2537	12	6037705	6092721	48	0.137
b8e37eaf-3103-4ff1-880b-fdd0923c2537	12	6093442	6356915	129	0.5727
b8e37eaf-3103-4ff1-880b-fdd0923c2537	12	6358419	6562319	117	0.0104
b8e37eaf-3103-4ff1-880b-fdd0923c2537	12	6572707	7375875	327	0.5334
b8e37eaf-3103-4ff1-880b-fdd0923c2537	12	7406707	7566435	78	0.0104
b8e37eaf-3103-4ff1-880b-fdd0923c2537	12	7570749	8577360	309	0.4575
b8e37eaf-3103-4ff1-880b-fdd0923c2537	12	8579937	12856708	2354	0.0108
b8e37eaf-3103-4ff1-880b-fdd0923c2537	12	12860587	13620752	497	0.1213
b8e37eaf-3103-4ff1-880b-fdd0923c2537	12	13620775	13909020	249	0.5275
b8e37eaf-3103-4ff1-880b-fdd0923c2537	12	13913012	16555415	1566	0.0012
b8e37eaf-3103-4ff1-880b-fdd0923c2537	12	16557871	16879054	189	0.4442
b8e37eaf-3103-4ff1-880b-fdd0923c2537	12	16881812	17507931	341	-0.0223
b8e37eaf-3103-4ff1-880b-fdd0923c2537	12	17508014	17913271	243	0.4062
b8e37eaf-3103-4ff1-880b-fdd0923c2537	12	17913304	19103036	739	-0.0121
b8e37eaf-3103-4ff1-880b-fdd0923c2537	12	19105673	19236460	79	0.8603
b8e37eaf-3103-4ff1-880b-fdd0923c2537	12	19240142	19835329	346	0.4876
b8e37eaf-3103-4ff1-880b-fdd0923c2537	12	19835443	19957659	93	0.697
b8e37eaf-3103-4ff1-880b-fdd0923c2537	12	19961240	20377201	252	-0.0439
b8e37eaf-3103-4ff1-880b-fdd0923c2537	12	20377690	21216949	468	0.7928
b8e37eaf-3103-4ff1-880b-fdd0923c2537	12	21218210	21359263	94	1.0121
b8e37eaf-3103-4ff1-880b-fdd0923c2537	12	21359284	23419263	1354	0.7801
b8e37eaf-3103-4ff1-880b-fdd0923c2537	12	23440132	23850634	296	0.4343
b8e37eaf-3103-4ff1-880b-fdd0923c2537	12	23853734	25319845	925	0.7355
b8e37eaf-3103-4ff1-880b-fdd0923c2537	12	25320574	25604058	213	0.8619
b8e37eaf-3103-4ff1-880b-fdd0923c2537	12	25604748	26402797	596	1.0428
b8e37eaf-3103-4ff1-880b-fdd0923c2537	12	26403026	26453437	51	0.8845
b8e37eaf-3103-4ff1-880b-fdd0923c2537	12	26460708	26469165	11	0.44
b8e37eaf-3103-4ff1-880b-fdd0923c2537	12	26473455	26711598	169	0.6625
b8e37eaf-3103-4ff1-880b-fdd0923c2537	12	26712347	26947630	141	0.3514
b8e37eaf-3103-4ff1-880b-fdd0923c2537	12	26949924	27430146	210	0.6752
b8e37eaf-3103-4ff1-880b-fdd0923c2537	12	27430626	28140470	507	0.4601
b8e37eaf-3103-4ff1-880b-fdd0923c2537	12	28142266	28516647	224	0.7494
b8e37eaf-3103-4ff1-880b-fdd0923c2537	12	28538044	28604012	20	0.3447
b8e37eaf-3103-4ff1-880b-fdd0923c2537	12	28606062	29748453	775	0.7134
b8e37eaf-3103-4ff1-880b-fdd0923c2537	12	29748979	30224713	379	0.4876
b8e37eaf-3103-4ff1-880b-fdd0923c2537	12	30227608	32531802	1456	0.7122
b8e37eaf-3103-4ff1-880b-fdd0923c2537	12	32533023	38827290	485	0.4751
b8e37eaf-3103-4ff1-880b-fdd0923c2537	12	38829764	41078959	1317	1.0826
b8e37eaf-3103-4ff1-880b-fdd0923c2537	12	41079274	41876049	584	0.9695
b8e37eaf-3103-4ff1-880b-fdd0923c2537	12	41878445	46128417	2119	1.0703
b8e37eaf-3103-4ff1-880b-fdd0923c2537	12	46131678	55060631	4769	1.1424
b8e37eaf-3103-4ff1-880b-fdd0923c2537	12	55064686	56377792	678	1.0454
b8e37eaf-3103-4ff1-880b-fdd0923c2537	12	56381879	56645345	127	1.2635
b8e37eaf-3103-4ff1-880b-fdd0923c2537	12	56654812	57192285	259	1.0215
b8e37eaf-3103-4ff1-880b-fdd0923c2537	12	57198774	65190360	4733	1.1654
b8e37eaf-3103-4ff1-880b-fdd0923c2537	12	65192297	68313796	2181	1.0416
b8e37eaf-3103-4ff1-880b-fdd0923c2537	12	68321546	70119963	1239	1.127
b8e37eaf-3103-4ff1-880b-fdd0923c2537	12	70121013	70121022	2	-0.4616
b8e37eaf-3103-4ff1-880b-fdd0923c2537	12	70125657	72291478	1268	1.1374
b8e37eaf-3103-4ff1-880b-fdd0923c2537	12	72293864	72378195	62	-0.046
b8e37eaf-3103-4ff1-880b-fdd0923c2537	12	72378823	72838560	218	0.2068
b8e37eaf-3103-4ff1-880b-fdd0923c2537	12	72977309	73173669	148	1.4808
b8e37eaf-3103-4ff1-880b-fdd0923c2537	12	73179465	73332736	84	0.4183
b8e37eaf-3103-4ff1-880b-fdd0923c2537	12	73332970	77802991	2802	-0.0877
b8e37eaf-3103-4ff1-880b-fdd0923c2537	12	77818614	78506043	528	0.4419
b8e37eaf-3103-4ff1-880b-fdd0923c2537	12	78515718	79207274	373	-0.1103
b8e37eaf-3103-4ff1-880b-fdd0923c2537	12	79210578	80128731	498	1.1151
b8e37eaf-3103-4ff1-880b-fdd0923c2537	12	80131232	83656074	2132	-0.107
b8e37eaf-3103-4ff1-880b-fdd0923c2537	12	83656993	88657418	2724	-0.0566
b8e37eaf-3103-4ff1-880b-fdd0923c2537	12	88658132	92990493	2721	-0.0953
b8e37eaf-3103-4ff1-880b-fdd0923c2537	12	92997390	103116655	6496	-0.0586
b8e37eaf-3103-4ff1-880b-fdd0923c2537	12	103117305	103290507	96	-0.1356
b8e37eaf-3103-4ff1-880b-fdd0923c2537	12	103291199	113107069	6067	-0.0343
b8e37eaf-3103-4ff1-880b-fdd0923c2537	12	113113630	120071938	4500	0.0038
b8e37eaf-3103-4ff1-880b-fdd0923c2537	12	120075821	120344697	120	1.1312
b8e37eaf-3103-4ff1-880b-fdd0923c2537	12	120348280	120453513	51	1.4687
b8e37eaf-3103-4ff1-880b-fdd0923c2537	12	120457486	122649739	1033	0.4574
b8e37eaf-3103-4ff1-880b-fdd0923c2537	12	122655073	123155882	187	0.6179
b8e37eaf-3103-4ff1-880b-fdd0923c2537	12	123156306	132605822	4491	0.4919
b8e37eaf-3103-4ff1-880b-fdd0923c2537	13	18874255	19553745	363	-1.8415
b8e37eaf-3103-4ff1-880b-fdd0923c2537	13	19952621	35222110	9740	-0.3835
b8e37eaf-3103-4ff1-880b-fdd0923c2537	13	35224671	35337640	50	-0.7657
b8e37eaf-3103-4ff1-880b-fdd0923c2537	13	35343207	51348849	9711	-0.3912
b8e37eaf-3103-4ff1-880b-fdd0923c2537	13	51355168	51835084	231	-0.0302
b8e37eaf-3103-4ff1-880b-fdd0923c2537	13	51835101	52174795	211	-0.3976
b8e37eaf-3103-4ff1-880b-fdd0923c2537	13	52176938	53248045	462	0.0122
b8e37eaf-3103-4ff1-880b-fdd0923c2537	13	53248470	58590438	2375	-0.3924
b8e37eaf-3103-4ff1-880b-fdd0923c2537	13	58592441	61441449	1801	0.0022
b8e37eaf-3103-4ff1-880b-fdd0923c2537	13	61447353	62011150	280	-0.4011
b8e37eaf-3103-4ff1-880b-fdd0923c2537	13	62011617	63153155	546	-0.0647
b8e37eaf-3103-4ff1-880b-fdd0923c2537	13	63158056	63414581	159	-0.4184
b8e37eaf-3103-4ff1-880b-fdd0923c2537	13	63416120	63429412	14	0.2307
b8e37eaf-3103-4ff1-880b-fdd0923c2537	13	63433919	67369984	1586	-0.4131
b8e37eaf-3103-4ff1-880b-fdd0923c2537	13	67372510	67391010	14	-0.9768
b8e37eaf-3103-4ff1-880b-fdd0923c2537	13	67405671	67968987	258	0.0277
b8e37eaf-3103-4ff1-880b-fdd0923c2537	13	67971364	68309882	105	-0.7579
b8e37eaf-3103-4ff1-880b-fdd0923c2537	13	68313927	68653507	203	-0.292
b8e37eaf-3103-4ff1-880b-fdd0923c2537	13	68656495	73724752	3164	0.3164
b8e37eaf-3103-4ff1-880b-fdd0923c2537	13	73724878	74995154	936	0.0321
b8e37eaf-3103-4ff1-880b-fdd0923c2537	13	75000525	75646487	427	0.3025
b8e37eaf-3103-4ff1-880b-fdd0923c2537	13	75647290	76650298	748	0.0282
b8e37eaf-3103-4ff1-880b-fdd0923c2537	13	76653997	76888190	206	0.2901
b8e37eaf-3103-4ff1-880b-fdd0923c2537	13	76888623	80133739	2038	0.0133
b8e37eaf-3103-4ff1-880b-fdd0923c2537	13	80168790	80280327	74	0.302
b8e37eaf-3103-4ff1-880b-fdd0923c2537	13	80288544	93867697	7932	0.0269
b8e37eaf-3103-4ff1-880b-fdd0923c2537	13	93867772	94007700	83	0.3483
b8e37eaf-3103-4ff1-880b-fdd0923c2537	13	94009357	103217195	6200	0.0543
b8e37eaf-3103-4ff1-880b-fdd0923c2537	13	103220353	106163706	1803	0.5355
b8e37eaf-3103-4ff1-880b-fdd0923c2537	13	106167994	107372700	891	0.0601
b8e37eaf-3103-4ff1-880b-fdd0923c2537	13	107373320	109851539	1964	0.3577
b8e37eaf-3103-4ff1-880b-fdd0923c2537	13	109854942	114226675	2340	0.1249
b8e37eaf-3103-4ff1-880b-fdd0923c2537	14	20033191	25010029	2122	0.0945
b8e37eaf-3103-4ff1-880b-fdd0923c2537	14	25010336	25306435	191	0.3437
b8e37eaf-3103-4ff1-880b-fdd0923c2537	14	25307294	26010137	470	0.0992
b8e37eaf-3103-4ff1-880b-fdd0923c2537	14	26010897	26202726	145	0.3672
b8e37eaf-3103-4ff1-880b-fdd0923c2537	14	26210013	43859381	9791	-0.2589
b8e37eaf-3103-4ff1-880b-fdd0923c2537	14	44031914	44069894	10	-0.0247
b8e37eaf-3103-4ff1-880b-fdd0923c2537	14	44070227	44126630	19	0.1093
b8e37eaf-3103-4ff1-880b-fdd0923c2537	14	44128425	45593536	416	0.3386
b8e37eaf-3103-4ff1-880b-fdd0923c2537	14	45600770	46263626	261	0.6018
b8e37eaf-3103-4ff1-880b-fdd0923c2537	14	46266309	49614278	1824	0.3401
b8e37eaf-3103-4ff1-880b-fdd0923c2537	14	49614800	57172443	5024	0.0753
b8e37eaf-3103-4ff1-880b-fdd0923c2537	14	57173310	57834285	390	0.3597
b8e37eaf-3103-4ff1-880b-fdd0923c2537	14	57834453	57995457	156	0.1029
b8e37eaf-3103-4ff1-880b-fdd0923c2537	14	57995674	58427859	204	0.6058
b8e37eaf-3103-4ff1-880b-fdd0923c2537	14	58427913	63505413	3090	0.0764
b8e37eaf-3103-4ff1-880b-fdd0923c2537	14	63506817	64976979	1006	0.5645
b8e37eaf-3103-4ff1-880b-fdd0923c2537	14	64979242	66179276	688	0.3554
b8e37eaf-3103-4ff1-880b-fdd0923c2537	14	66183157	70386286	2337	0.092
b8e37eaf-3103-4ff1-880b-fdd0923c2537	14	70386431	81309953	6965	-0.2426
b8e37eaf-3103-4ff1-880b-fdd0923c2537	14	81310333	81342475	21	0.1551
b8e37eaf-3103-4ff1-880b-fdd0923c2537	14	81345085	82748761	877	-0.2726
b8e37eaf-3103-4ff1-880b-fdd0923c2537	14	82752894	85985553	2177	0.0091
b8e37eaf-3103-4ff1-880b-fdd0923c2537	14	85985567	102511709	10453	-0.3357
b8e37eaf-3103-4ff1-880b-fdd0923c2537	14	102513126	103540726	505	0.0354
b8e37eaf-3103-4ff1-880b-fdd0923c2537	14	103552118	103697541	77	-0.2945
b8e37eaf-3103-4ff1-880b-fdd0923c2537	14	103697564	104083213	160	0.3189
b8e37eaf-3103-4ff1-880b-fdd0923c2537	14	104083542	104496776	77	-0.3085
b8e37eaf-3103-4ff1-880b-fdd0923c2537	14	104498286	104990824	113	0.1173
b8e37eaf-3103-4ff1-880b-fdd0923c2537	14	104993059	105533894	166	-0.2917
b8e37eaf-3103-4ff1-880b-fdd0923c2537	15	23437561	25541752	1033	0.0862
b8e37eaf-3103-4ff1-880b-fdd0923c2537	15	25541826	25640445	105	1.7584
b8e37eaf-3103-4ff1-880b-fdd0923c2537	15	25642434	26437633	614	0.062
b8e37eaf-3103-4ff1-880b-fdd0923c2537	15	26439322	26483727	24	0.7411
b8e37eaf-3103-4ff1-880b-fdd0923c2537	15	26484789	26825196	206	0.0769
b8e37eaf-3103-4ff1-880b-fdd0923c2537	15	26829648	26871571	19	1.8017
b8e37eaf-3103-4ff1-880b-fdd0923c2537	15	26874417	27853978	712	0.0779
b8e37eaf-3103-4ff1-880b-fdd0923c2537	15	27855797	33069532	943	0.5376
b8e37eaf-3103-4ff1-880b-fdd0923c2537	15	33075528	33085635	12	1.8874
b8e37eaf-3103-4ff1-880b-fdd0923c2537	15	33090065	33091929	8	0.4556
b8e37eaf-3103-4ff1-880b-fdd0923c2537	15	33094098	35890412	1810	0.0637
b8e37eaf-3103-4ff1-880b-fdd0923c2537	15	35891224	36026562	126	0.7856
b8e37eaf-3103-4ff1-880b-fdd0923c2537	15	36026736	36589159	423	0.584
b8e37eaf-3103-4ff1-880b-fdd0923c2537	15	36600343	37271350	474	1.0834
b8e37eaf-3103-4ff1-880b-fdd0923c2537	15	37271639	37291822	10	0.805
b8e37eaf-3103-4ff1-880b-fdd0923c2537	15	37294032	41343317	2476	0.1052
b8e37eaf-3103-4ff1-880b-fdd0923c2537	15	41343791	41698536	146	0.5872
b8e37eaf-3103-4ff1-880b-fdd0923c2537	15	41698878	54629162	7548	0.043
b8e37eaf-3103-4ff1-880b-fdd0923c2537	15	54629508	56489899	1109	0.5472
b8e37eaf-3103-4ff1-880b-fdd0923c2537	15	56491027	57918709	791	1.3014
b8e37eaf-3103-4ff1-880b-fdd0923c2537	15	57919248	62624332	3555	0.907
b8e37eaf-3103-4ff1-880b-fdd0923c2537	15	62624473	67198909	2723	0.5689
b8e37eaf-3103-4ff1-880b-fdd0923c2537	15	67200041	67421906	126	0.4147
b8e37eaf-3103-4ff1-880b-fdd0923c2537	15	67422847	69236922	1097	0.5757
b8e37eaf-3103-4ff1-880b-fdd0923c2537	15	69237129	70603374	929	0.9374
b8e37eaf-3103-4ff1-880b-fdd0923c2537	15	70605857	73841697	1817	0.5672
b8e37eaf-3103-4ff1-880b-fdd0923c2537	15	73842098	74188070	287	0.3349
b8e37eaf-3103-4ff1-880b-fdd0923c2537	15	74189501	74785867	269	0.5488
b8e37eaf-3103-4ff1-880b-fdd0923c2537	15	74796712	75241470	168	0.8761
b8e37eaf-3103-4ff1-880b-fdd0923c2537	15	75244923	75755694	154	0.5636
b8e37eaf-3103-4ff1-880b-fdd0923c2537	15	75758528	76251265	247	0.3844
b8e37eaf-3103-4ff1-880b-fdd0923c2537	15	76256941	77841796	719	0.5647
b8e37eaf-3103-4ff1-880b-fdd0923c2537	15	77841995	78725408	445	0.3683
b8e37eaf-3103-4ff1-880b-fdd0923c2537	15	78726466	79482021	487	0.6059
b8e37eaf-3103-4ff1-880b-fdd0923c2537	15	79495493	79611396	144	0.8618
b8e37eaf-3103-4ff1-880b-fdd0923c2537	15	79613549	80380591	577	0.5689
b8e37eaf-3103-4ff1-880b-fdd0923c2537	15	80384432	80507847	94	0.424
b8e37eaf-3103-4ff1-880b-fdd0923c2537	15	80510133	84156533	1991	0.3473
b8e37eaf-3103-4ff1-880b-fdd0923c2537	15	84158730	90298973	3549	0.0978
b8e37eaf-3103-4ff1-880b-fdd0923c2537	15	90404326	91000531	359	-0.7448
b8e37eaf-3103-4ff1-880b-fdd0923c2537	15	91095131	91133330	31	0.0723
b8e37eaf-3103-4ff1-880b-fdd0923c2537	15	91138194	91233572	82	-0.841
b8e37eaf-3103-4ff1-880b-fdd0923c2537	15	91236362	91830369	443	0.0729
b8e37eaf-3103-4ff1-880b-fdd0923c2537	15	91836988	91962129	89	-0.8108
b8e37eaf-3103-4ff1-880b-fdd0923c2537	15	91969962	94826658	1742	0.0819
b8e37eaf-3103-4ff1-880b-fdd0923c2537	15	94828413	96002576	851	-0.7916
b8e37eaf-3103-4ff1-880b-fdd0923c2537	15	96006550	97386207	932	0.1124
b8e37eaf-3103-4ff1-880b-fdd0923c2537	15	97390145	97838532	350	-0.7412
b8e37eaf-3103-4ff1-880b-fdd0923c2537	15	97838751	99964060	1324	0.116
b8e37eaf-3103-4ff1-880b-fdd0923c2537	15	99967042	101344124	595	0.3888
b8e37eaf-3103-4ff1-880b-fdd0923c2537	16	603333	31841585	14018	-0.2282
b8e37eaf-3103-4ff1-880b-fdd0923c2537	16	46470502	60175399	8933	-0.6658
b8e37eaf-3103-4ff1-880b-fdd0923c2537	16	60176340	60325624	79	-0.2337
b8e37eaf-3103-4ff1-880b-fdd0923c2537	16	60326007	60900977	351	-0.6861
b8e37eaf-3103-4ff1-880b-fdd0923c2537	16	60902058	62718450	1147	-0.1864
b8e37eaf-3103-4ff1-880b-fdd0923c2537	16	62729467	62773497	32	0.2392
b8e37eaf-3103-4ff1-880b-fdd0923c2537	16	62775058	62844616	40	-0.1515
b8e37eaf-3103-4ff1-880b-fdd0923c2537	16	62849170	63575941	425	-0.6902
b8e37eaf-3103-4ff1-880b-fdd0923c2537	16	63580016	63806174	156	-0.1911
b8e37eaf-3103-4ff1-880b-fdd0923c2537	16	63809465	64024143	129	0.1809
b8e37eaf-3103-4ff1-880b-fdd0923c2537	16	64029820	64485431	324	-0.1929
b8e37eaf-3103-4ff1-880b-fdd0923c2537	16	64485892	68389603	2300	0.1867
b8e37eaf-3103-4ff1-880b-fdd0923c2537	16	68390320	68514692	84	-0.1527
b8e37eaf-3103-4ff1-880b-fdd0923c2537	16	68532884	68576361	32	-0.7186
b8e37eaf-3103-4ff1-880b-fdd0923c2537	16	68577028	68608022	10	-0.1652
b8e37eaf-3103-4ff1-880b-fdd0923c2537	16	68612175	68705266	53	-0.7299
b8e37eaf-3103-4ff1-880b-fdd0923c2537	16	68715760	73071442	1875	-0.1756
b8e37eaf-3103-4ff1-880b-fdd0923c2537	16	73074735	75651229	1532	-0.6829
b8e37eaf-3103-4ff1-880b-fdd0923c2537	16	75652248	75864308	96	-0.2363
b8e37eaf-3103-4ff1-880b-fdd0923c2537	16	75864564	78075064	1780	0.1779
b8e37eaf-3103-4ff1-880b-fdd0923c2537	16	78076247	78327252	229	0.4779
b8e37eaf-3103-4ff1-880b-fdd0923c2537	16	78333716	79041528	620	0.1932
b8e37eaf-3103-4ff1-880b-fdd0923c2537	16	79042493	79248759	234	-0.1895
b8e37eaf-3103-4ff1-880b-fdd0923c2537	16	79254790	80035123	827	-0.7012
b8e37eaf-3103-4ff1-880b-fdd0923c2537	16	80035631	82510514	1891	-0.1754
b8e37eaf-3103-4ff1-880b-fdd0923c2537	16	82512188	83115081	505	0.1983
b8e37eaf-3103-4ff1-880b-fdd0923c2537	16	83118121	83406348	296	-0.1541
b8e37eaf-3103-4ff1-880b-fdd0923c2537	16	83407048	84106984	644	-0.6474
b8e37eaf-3103-4ff1-880b-fdd0923c2537	16	84109960	85112979	162	-0.1374
b8e37eaf-3103-4ff1-880b-fdd0923c2537	16	85120154	85120629	3	-1.3415
b8e37eaf-3103-4ff1-880b-fdd0923c2537	16	85125137	89317317	2327	-0.142
b8e37eaf-3103-4ff1-880b-fdd0923c2537	17	1074619	2587863	636	-0.6743
b8e37eaf-3103-4ff1-880b-fdd0923c2537	17	2591126	3943508	659	0.114
b8e37eaf-3103-4ff1-880b-fdd0923c2537	17	3945780	5632978	721	-0.7172
b8e37eaf-3103-4ff1-880b-fdd0923c2537	17	5633013	5635067	2	-2.4473
b8e37eaf-3103-4ff1-880b-fdd0923c2537	17	5636086	6653524	737	-0.7065
b8e37eaf-3103-4ff1-880b-fdd0923c2537	17	6654692	6654705	2	-2.9827
b8e37eaf-3103-4ff1-880b-fdd0923c2537	17	6655343	10595126	2176	-0.7044
b8e37eaf-3103-4ff1-880b-fdd0923c2537	17	10597953	12481604	1366	0.1296
b8e37eaf-3103-4ff1-880b-fdd0923c2537	17	12483347	13029134	395	-0.714
b8e37eaf-3103-4ff1-880b-fdd0923c2537	17	13031831	28979365	3936	0.108
b8e37eaf-3103-4ff1-880b-fdd0923c2537	17	28983064	29058792	53	0.4092
b8e37eaf-3103-4ff1-880b-fdd0923c2537	17	29059429	31834731	1158	0.0766
b8e37eaf-3103-4ff1-880b-fdd0923c2537	17	31838646	32186096	133	-0.6149
b8e37eaf-3103-4ff1-880b-fdd0923c2537	17	32188117	35261914	1506	0.1434
b8e37eaf-3103-4ff1-880b-fdd0923c2537	17	35262528	71964434	18926	0.0924
b8e37eaf-3103-4ff1-880b-fdd0923c2537	17	71964480	75189562	1627	0.1567
b8e37eaf-3103-4ff1-880b-fdd0923c2537	17	75196245	75518008	141	0.6543
b8e37eaf-3103-4ff1-880b-fdd0923c2537	17	75544514	82959812	3068	0.175
b8e37eaf-3103-4ff1-880b-fdd0923c2537	18	326691	367725	45	-0.221
b8e37eaf-3103-4ff1-880b-fdd0923c2537	18	891647	900331	13	-0.7119
b8e37eaf-3103-4ff1-880b-fdd0923c2537	18	900522	901966	6	-1.6549
b8e37eaf-3103-4ff1-880b-fdd0923c2537	18	902282	1300621	217	-0.6874
b8e37eaf-3103-4ff1-880b-fdd0923c2537	18	1308098	2783353	572	-0.3171
b8e37eaf-3103-4ff1-880b-fdd0923c2537	18	2783458	3144884	244	0.028
b8e37eaf-3103-4ff1-880b-fdd0923c2537	18	3147440	3599609	284	-0.3044
b8e37eaf-3103-4ff1-880b-fdd0923c2537	18	3607748	4085990	394	-0.8587
b8e37eaf-3103-4ff1-880b-fdd0923c2537	18	4090673	5123675	660	-0.3044
b8e37eaf-3103-4ff1-880b-fdd0923c2537	18	5127784	5275278	119	0.0538
b8e37eaf-3103-4ff1-880b-fdd0923c2537	18	5282443	5282666	2	-0.9882
b8e37eaf-3103-4ff1-880b-fdd0923c2537	18	5290199	5472022	121	0.0806
b8e37eaf-3103-4ff1-880b-fdd0923c2537	18	5472747	6864638	538	-0.2254
b8e37eaf-3103-4ff1-880b-fdd0923c2537	18	6865388	6865659	2	-1.9972
b8e37eaf-3103-4ff1-880b-fdd0923c2537	18	6865855	7606305	595	-0.6562
b8e37eaf-3103-4ff1-880b-fdd0923c2537	18	7607323	7718822	68	-1.4586
b8e37eaf-3103-4ff1-880b-fdd0923c2537	18	7722013	8972286	966	-4.2486
b8e37eaf-3103-4ff1-880b-fdd0923c2537	18	8972766	9329269	199	-1.4225
b8e37eaf-3103-4ff1-880b-fdd0923c2537	18	9337740	9496578	104	-0.7424
b8e37eaf-3103-4ff1-880b-fdd0923c2537	18	9496799	9772770	201	-1.4057
b8e37eaf-3103-4ff1-880b-fdd0923c2537	18	9773440	9774530	3	-6.7067
b8e37eaf-3103-4ff1-880b-fdd0923c2537	18	9775375	10913439	897	-1.6852
b8e37eaf-3103-4ff1-880b-fdd0923c2537	18	10924186	11398925	336	-0.2498
b8e37eaf-3103-4ff1-880b-fdd0923c2537	18	11405069	11425991	19	-1.6806
b8e37eaf-3103-4ff1-880b-fdd0923c2537	18	11426293	11688002	134	-0.235
b8e37eaf-3103-4ff1-880b-fdd0923c2537	18	11688980	13052474	717	0.1427
b8e37eaf-3103-4ff1-880b-fdd0923c2537	18	13052829	13810025	521	-0.7434
b8e37eaf-3103-4ff1-880b-fdd0923c2537	18	13811007	13856848	35	-1.5391
b8e37eaf-3103-4ff1-880b-fdd0923c2537	18	13857605	14032620	126	-0.6688
b8e37eaf-3103-4ff1-880b-fdd0923c2537	18	14032820	14648458	82	-1.1066
b8e37eaf-3103-4ff1-880b-fdd0923c2537	18	14653029	27380087	3762	-0.2184
b8e37eaf-3103-4ff1-880b-fdd0923c2537	18	27380293	28616694	778	0.0893
b8e37eaf-3103-4ff1-880b-fdd0923c2537	18	28616708	29364572	368	-0.252
b8e37eaf-3103-4ff1-880b-fdd0923c2537	18	29365004	37230290	4850	0.0935
b8e37eaf-3103-4ff1-880b-fdd0923c2537	18	37233265	38291405	702	0.1598
b8e37eaf-3103-4ff1-880b-fdd0923c2537	18	38291755	43553417	3034	0.0973
b8e37eaf-3103-4ff1-880b-fdd0923c2537	18	43556367	43570938	12	-0.425
b8e37eaf-3103-4ff1-880b-fdd0923c2537	18	43571204	43621658	25	-0.1899
b8e37eaf-3103-4ff1-880b-fdd0923c2537	18	43625511	45439986	1165	0.0761
b8e37eaf-3103-4ff1-880b-fdd0923c2537	18	45441272	49038189	2444	0.1333
b8e37eaf-3103-4ff1-880b-fdd0923c2537	18	49038206	57414920	5460	0.0947
b8e37eaf-3103-4ff1-880b-fdd0923c2537	18	57415814	62232004	3190	0.3621
b8e37eaf-3103-4ff1-880b-fdd0923c2537	18	62232758	63546085	927	0.0585
b8e37eaf-3103-4ff1-880b-fdd0923c2537	18	63551914	64135244	404	0.3429
b8e37eaf-3103-4ff1-880b-fdd0923c2537	18	64138846	64443731	163	0.0921
b8e37eaf-3103-4ff1-880b-fdd0923c2537	18	64606198	66132343	640	-0.2739
b8e37eaf-3103-4ff1-880b-fdd0923c2537	18	66134032	71286635	2962	0.0773
b8e37eaf-3103-4ff1-880b-fdd0923c2537	18	71290725	79349796	3802	-0.2529
b8e37eaf-3103-4ff1-880b-fdd0923c2537	19	283868	30605476	11225	0.0841
b8e37eaf-3103-4ff1-880b-fdd0923c2537	19	30606027	58370362	12923	0.024
b8e37eaf-3103-4ff1-880b-fdd0923c2537	20	472817	1811274	798	0.1035
b8e37eaf-3103-4ff1-880b-fdd0923c2537	20	1814286	1815667	2	1.3481
b8e37eaf-3103-4ff1-880b-fdd0923c2537	20	1815815	34313857	17665	0.0961
b8e37eaf-3103-4ff1-880b-fdd0923c2537	20	34321615	34838009	211	0.3071
b8e37eaf-3103-4ff1-880b-fdd0923c2537	20	34838409	34846759	3	-0.6126
b8e37eaf-3103-4ff1-880b-fdd0923c2537	20	34847358	35527132	353	0.3527
b8e37eaf-3103-4ff1-880b-fdd0923c2537	20	35527178	37985360	1280	0.0617
b8e37eaf-3103-4ff1-880b-fdd0923c2537	20	37986191	38946746	582	0.38
b8e37eaf-3103-4ff1-880b-fdd0923c2537	20	38947150	46610230	5095	0.0917
b8e37eaf-3103-4ff1-880b-fdd0923c2537	20	46611117	46657890	62	0.361
b8e37eaf-3103-4ff1-880b-fdd0923c2537	20	46658094	49088699	1758	0.1112
b8e37eaf-3103-4ff1-880b-fdd0923c2537	20	49088831	49336930	129	0.2846
b8e37eaf-3103-4ff1-880b-fdd0923c2537	20	49338594	50499829	506	0.0858
b8e37eaf-3103-4ff1-880b-fdd0923c2537	20	50500253	50555422	110	-0.0637
b8e37eaf-3103-4ff1-880b-fdd0923c2537	20	50555500	50632339	73	0.0602
b8e37eaf-3103-4ff1-880b-fdd0923c2537	20	50639287	50766474	67	0.6187
b8e37eaf-3103-4ff1-880b-fdd0923c2537	20	50768696	56970912	4448	0.088
b8e37eaf-3103-4ff1-880b-fdd0923c2537	20	56971521	60073043	2266	-0.7971
b8e37eaf-3103-4ff1-880b-fdd0923c2537	20	60074292	60161551	106	-0.2783
b8e37eaf-3103-4ff1-880b-fdd0923c2537	20	60167379	60576572	382	0.6257
b8e37eaf-3103-4ff1-880b-fdd0923c2537	20	60580782	63588502	1621	-0.2377
b8e37eaf-3103-4ff1-880b-fdd0923c2537	21	13974127	38032412	15492	-0.2854
b8e37eaf-3103-4ff1-880b-fdd0923c2537	21	38033387	45091496	4656	-0.2467
b8e37eaf-3103-4ff1-880b-fdd0923c2537	21	45091561	46262057	417	-0.2866
b8e37eaf-3103-4ff1-880b-fdd0923c2537	22	16934932	17073464	77	0.6291
b8e37eaf-3103-4ff1-880b-fdd0923c2537	22	17073644	17112118	27	0.8974
b8e37eaf-3103-4ff1-880b-fdd0923c2537	22	17114025	17169740	32	0.5796
b8e37eaf-3103-4ff1-880b-fdd0923c2537	22	17177451	17208477	17	1.0845
b8e37eaf-3103-4ff1-880b-fdd0923c2537	22	17210905	17212375	3	0.4096
b8e37eaf-3103-4ff1-880b-fdd0923c2537	22	17216891	17241646	21	1.0396
b8e37eaf-3103-4ff1-880b-fdd0923c2537	22	17251087	21949041	687	0.6156
b8e37eaf-3103-4ff1-880b-fdd0923c2537	22	23474170	24139663	283	-0.6585
b8e37eaf-3103-4ff1-880b-fdd0923c2537	22	24140315	24923277	316	0.1388
b8e37eaf-3103-4ff1-880b-fdd0923c2537	22	24930502	26476138	1068	-0.6903
b8e37eaf-3103-4ff1-880b-fdd0923c2537	22	26481573	27676140	1257	0.1756
b8e37eaf-3103-4ff1-880b-fdd0923c2537	22	27677498	29759124	1138	-0.6904
b8e37eaf-3103-4ff1-880b-fdd0923c2537	22	29762491	31156472	750	0.1207
b8e37eaf-3103-4ff1-880b-fdd0923c2537	22	31156716	48940621	11331	-0.7001
b8e37eaf-3103-4ff1-880b-fdd0923c2537	X	3236359	53061750	22057	0.2104
b8e37eaf-3103-4ff1-880b-fdd0923c2537	X	53063744	53523076	179	0.4638
b8e37eaf-3103-4ff1-880b-fdd0923c2537	X	53529919	64978725	2440	0.2072
b8e37eaf-3103-4ff1-880b-fdd0923c2537	X	64978790	67951551	1099	0.1358
b8e37eaf-3103-4ff1-880b-fdd0923c2537	X	67951791	72428045	1958	0.1967
b8e37eaf-3103-4ff1-880b-fdd0923c2537	X	72431244	82204316	3494	0.141
b8e37eaf-3103-4ff1-880b-fdd0923c2537	X	82208609	82331282	41	-0.7275
b8e37eaf-3103-4ff1-880b-fdd0923c2537	X	82333527	84675594	1100	0.1221
b8e37eaf-3103-4ff1-880b-fdd0923c2537	X	85369470	88150112	1771	-0.2111
b8e37eaf-3103-4ff1-880b-fdd0923c2537	X	88150778	89212862	525	0.3906
b8e37eaf-3103-4ff1-880b-fdd0923c2537	X	89224288	104882034	5957	0.1379
b8e37eaf-3103-4ff1-880b-fdd0923c2537	X	104888052	111474065	3114	-0.6073
b8e37eaf-3103-4ff1-880b-fdd0923c2537	X	111476801	111483997	5	-4.3267
b8e37eaf-3103-4ff1-880b-fdd0923c2537	X	111486148	121270848	4699	-0.6183
b8e37eaf-3103-4ff1-880b-fdd0923c2537	X	121270851	121270926	3	0.7882
b8e37eaf-3103-4ff1-880b-fdd0923c2537	X	121274693	121667098	195	-0.6204
b8e37eaf-3103-4ff1-880b-fdd0923c2537	X	122021375	123138641	624	0.2098
b8e37eaf-3103-4ff1-880b-fdd0923c2537	X	123141338	123233522	73	0.7367
b8e37eaf-3103-4ff1-880b-fdd0923c2537	X	123234654	123319994	74	0.1997
b8e37eaf-3103-4ff1-880b-fdd0923c2537	X	123322615	123429267	66	0.7502
b8e37eaf-3103-4ff1-880b-fdd0923c2537	X	123431371	124645377	721	0.2043
b8e37eaf-3103-4ff1-880b-fdd0923c2537	X	124651027	125965312	682	-0.6127
b8e37eaf-3103-4ff1-880b-fdd0923c2537	X	126158326	126333533	74	0.2225
b8e37eaf-3103-4ff1-880b-fdd0923c2537	X	126333733	126396686	39	0.7815
b8e37eaf-3103-4ff1-880b-fdd0923c2537	X	126400293	126465650	24	0.3167
b8e37eaf-3103-4ff1-880b-fdd0923c2537	X	126483043	126514617	36	1.2602
b8e37eaf-3103-4ff1-880b-fdd0923c2537	X	126515793	126549443	46	0.7293
b8e37eaf-3103-4ff1-880b-fdd0923c2537	X	126556524	126640440	24	0.3643
b8e37eaf-3103-4ff1-880b-fdd0923c2537	X	126645466	126686343	37	1.4064
b8e37eaf-3103-4ff1-880b-fdd0923c2537	X	126696773	127388870	313	0.227
b8e37eaf-3103-4ff1-880b-fdd0923c2537	X	127390599	127440073	30	0.7469
b8e37eaf-3103-4ff1-880b-fdd0923c2537	X	127440509	127683277	80	0.2703
b8e37eaf-3103-4ff1-880b-fdd0923c2537	X	127683510	128757198	325	-0.5995
b8e37eaf-3103-4ff1-880b-fdd0923c2537	X	128758788	128909864	112	0.2354
b8e37eaf-3103-4ff1-880b-fdd0923c2537	X	128913439	130100318	652	-0.6107
b8e37eaf-3103-4ff1-880b-fdd0923c2537	X	130104438	130130748	10	0.1381
b8e37eaf-3103-4ff1-880b-fdd0923c2537	X	130131419	130136005	5	-0.7043
b8e37eaf-3103-4ff1-880b-fdd0923c2537	X	130138545	130157210	7	0.3184
b8e37eaf-3103-4ff1-880b-fdd0923c2537	X	130160328	130180104	21	-0.5703
b8e37eaf-3103-4ff1-880b-fdd0923c2537	X	130184327	130925909	388	0.1889
b8e37eaf-3103-4ff1-880b-fdd0923c2537	X	130928658	131029834	46	-0.5483
b8e37eaf-3103-4ff1-880b-fdd0923c2537	X	131029994	131063444	20	-0.8653
b8e37eaf-3103-4ff1-880b-fdd0923c2537	X	131066794	131151547	43	0.2382
b8e37eaf-3103-4ff1-880b-fdd0923c2537	X	131152027	133116913	695	-0.6056
b8e37eaf-3103-4ff1-880b-fdd0923c2537	X	133116987	134227825	542	0.2488
b8e37eaf-3103-4ff1-880b-fdd0923c2537	X	134236902	135948342	440	-0.5867
b8e37eaf-3103-4ff1-880b-fdd0923c2537	X	135951167	138410523	1365	0.2315
b8e37eaf-3103-4ff1-880b-fdd0923c2537	X	138416213	147974914	4812	-0.6326
b8e37eaf-3103-4ff1-880b-fdd0923c2537	X	147977972	148003226	12	-1.8648
b8e37eaf-3103-4ff1-880b-fdd0923c2537	X	148003628	148056824	39	-3.8934
b8e37eaf-3103-4ff1-880b-fdd0923c2537	X	148057444	148123161	46	-0.2474
b8e37eaf-3103-4ff1-880b-fdd0923c2537	X	148123305	149176281	574	0.401
b8e37eaf-3103-4ff1-880b-fdd0923c2537	X	149185531	150528375	542	-0.231
b8e37eaf-3103-4ff1-880b-fdd0923c2537	X	150531402	150842211	204	0.1452
b8e37eaf-3103-4ff1-880b-fdd0923c2537	X	150842510	151070759	127	0.8208
b8e37eaf-3103-4ff1-880b-fdd0923c2537	X	151074531	151180019	49	0.1089
b8e37eaf-3103-4ff1-880b-fdd0923c2537	X	151183110	151198432	16	0.866
b8e37eaf-3103-4ff1-880b-fdd0923c2537	X	151201626	152131162	607	1.4888
b8e37eaf-3103-4ff1-880b-fdd0923c2537	X	152134564	155677414	604	0.8327
