GDC_Aliquot	Chromosome	Start	End	Num_Probes	Segment_Mean
499cad1d-5d42-4834-8b88-42aec6523e07	1	3301765	34369357	16622	0.0358
499cad1d-5d42-4834-8b88-42aec6523e07	1	34369579	119072209	50328	0.0085
499cad1d-5d42-4834-8b88-42aec6523e07	1	119075491	185071657	22303	0.0456
499cad1d-5d42-4834-8b88-42aec6523e07	1	185075487	199387388	8281	0.0196
499cad1d-5d42-4834-8b88-42aec6523e07	1	199387491	236068554	23660	0.0503
499cad1d-5d42-4834-8b88-42aec6523e07	1	236101466	247650984	7287	-0.4649
499cad1d-5d42-4834-8b88-42aec6523e07	2	480597	241537572	130938	0.0066
499cad1d-5d42-4834-8b88-42aec6523e07	3	2170634	197812401	106145	0.0079
499cad1d-5d42-4834-8b88-42aec6523e07	4	1059384	6399133	2842	0.0934
499cad1d-5d42-4834-8b88-42aec6523e07	4	6399471	6399824	2	-2.5758
499cad1d-5d42-4834-8b88-42aec6523e07	4	6401005	51955153	25317	0.0508
499cad1d-5d42-4834-8b88-42aec6523e07	4	51956008	120348710	38407	0.0122
499cad1d-5d42-4834-8b88-42aec6523e07	4	120349784	120379729	34	-0.6318
499cad1d-5d42-4834-8b88-42aec6523e07	4	120380665	185378502	34347	0.0128
499cad1d-5d42-4834-8b88-42aec6523e07	4	185378604	187842528	1511	0.0511
499cad1d-5d42-4834-8b88-42aec6523e07	5	913983	5397664	3067	0.046
499cad1d-5d42-4834-8b88-42aec6523e07	5	5398113	5511877	78	-0.5897
499cad1d-5d42-4834-8b88-42aec6523e07	5	5513512	5829718	259	0.0278
499cad1d-5d42-4834-8b88-42aec6523e07	5	5830456	5966212	113	-0.5457
499cad1d-5d42-4834-8b88-42aec6523e07	5	5966617	6048880	90	-0.0084
499cad1d-5d42-4834-8b88-42aec6523e07	5	6052420	6178755	93	-0.5182
499cad1d-5d42-4834-8b88-42aec6523e07	5	6179015	7933418	1283	0.0268
499cad1d-5d42-4834-8b88-42aec6523e07	5	7933858	8340197	336	-0.5578
499cad1d-5d42-4834-8b88-42aec6523e07	5	8346971	8385067	17	0.0365
499cad1d-5d42-4834-8b88-42aec6523e07	5	8385182	8439243	31	-0.6373
499cad1d-5d42-4834-8b88-42aec6523e07	5	8439747	8643178	182	0.0409
499cad1d-5d42-4834-8b88-42aec6523e07	5	8645161	9096329	327	-0.5185
499cad1d-5d42-4834-8b88-42aec6523e07	5	9099551	9746187	516	0.0366
499cad1d-5d42-4834-8b88-42aec6523e07	5	9747311	9883040	121	-0.5435
499cad1d-5d42-4834-8b88-42aec6523e07	5	9883489	11648152	1170	0.0421
499cad1d-5d42-4834-8b88-42aec6523e07	5	11650898	11855080	141	-0.5913
499cad1d-5d42-4834-8b88-42aec6523e07	5	11857205	11883020	32	0.0954
499cad1d-5d42-4834-8b88-42aec6523e07	5	11891615	12045529	77	-0.5797
499cad1d-5d42-4834-8b88-42aec6523e07	5	12053579	12589832	280	0.0289
499cad1d-5d42-4834-8b88-42aec6523e07	5	12592699	12624741	20	-0.5548
499cad1d-5d42-4834-8b88-42aec6523e07	5	12629839	17287669	2446	0.0311
499cad1d-5d42-4834-8b88-42aec6523e07	5	17290650	17427728	73	-0.4587
499cad1d-5d42-4834-8b88-42aec6523e07	5	17432602	18121494	239	0.0471
499cad1d-5d42-4834-8b88-42aec6523e07	5	18125209	18258594	101	-0.5177
499cad1d-5d42-4834-8b88-42aec6523e07	5	18259583	19486044	636	0.0137
499cad1d-5d42-4834-8b88-42aec6523e07	5	19486137	19527962	34	1.479
499cad1d-5d42-4834-8b88-42aec6523e07	5	19530899	19790114	131	-0.0284
499cad1d-5d42-4834-8b88-42aec6523e07	5	19795489	19878222	54	-0.5542
499cad1d-5d42-4834-8b88-42aec6523e07	5	19880078	23922754	1958	0.0186
499cad1d-5d42-4834-8b88-42aec6523e07	5	23923518	24048364	53	-0.6278
499cad1d-5d42-4834-8b88-42aec6523e07	5	24058001	38009108	7738	0.0351
499cad1d-5d42-4834-8b88-42aec6523e07	5	38009509	133385624	49254	0.0114
499cad1d-5d42-4834-8b88-42aec6523e07	5	133386219	147393723	8327	0.0388
499cad1d-5d42-4834-8b88-42aec6523e07	5	147395814	147395912	2	-1.9371
499cad1d-5d42-4834-8b88-42aec6523e07	5	147395936	168114143	13389	0.0298
499cad1d-5d42-4834-8b88-42aec6523e07	5	168114145	168115583	2	-2.2877
499cad1d-5d42-4834-8b88-42aec6523e07	5	168115651	180934240	7395	0.0476
499cad1d-5d42-4834-8b88-42aec6523e07	6	1011760	40638777	23804	-0.5715
499cad1d-5d42-4834-8b88-42aec6523e07	6	40639469	40641321	3	-0.0586
499cad1d-5d42-4834-8b88-42aec6523e07	6	40642962	41033780	296	1.0873
499cad1d-5d42-4834-8b88-42aec6523e07	6	41034456	41082156	35	0.3427
499cad1d-5d42-4834-8b88-42aec6523e07	6	41085953	41093854	6	1.1575
499cad1d-5d42-4834-8b88-42aec6523e07	6	41095101	41216121	59	0.4463
499cad1d-5d42-4834-8b88-42aec6523e07	6	41216773	43070353	1052	1.069
499cad1d-5d42-4834-8b88-42aec6523e07	6	43070365	43071350	8	0.2943
499cad1d-5d42-4834-8b88-42aec6523e07	6	43071679	43188916	49	1.0682
499cad1d-5d42-4834-8b88-42aec6523e07	6	43190151	44667851	854	0.4672
499cad1d-5d42-4834-8b88-42aec6523e07	6	44669077	44729376	45	1.0221
499cad1d-5d42-4834-8b88-42aec6523e07	6	44730528	44763231	13	0.4746
499cad1d-5d42-4834-8b88-42aec6523e07	6	44768798	45980842	677	1.053
499cad1d-5d42-4834-8b88-42aec6523e07	6	46109269	46958100	559	0.4398
499cad1d-5d42-4834-8b88-42aec6523e07	6	46960032	46960083	2	2.0214
499cad1d-5d42-4834-8b88-42aec6523e07	6	46963821	47341375	298	0.4642
499cad1d-5d42-4834-8b88-42aec6523e07	6	47346708	48111282	483	1.0445
499cad1d-5d42-4834-8b88-42aec6523e07	6	48115272	50237502	1073	0.4291
499cad1d-5d42-4834-8b88-42aec6523e07	6	50241170	50391548	89	1.0905
499cad1d-5d42-4834-8b88-42aec6523e07	6	50397004	50483299	46	0.4871
499cad1d-5d42-4834-8b88-42aec6523e07	6	50483802	50524232	16	1.0529
499cad1d-5d42-4834-8b88-42aec6523e07	6	50524292	57347009	4228	0.433
499cad1d-5d42-4834-8b88-42aec6523e07	6	61527062	170596889	62387	0.0004
499cad1d-5d42-4834-8b88-42aec6523e07	7	664936	6416236	2145	0.0349
499cad1d-5d42-4834-8b88-42aec6523e07	7	6422572	6423015	3	-2.3272
499cad1d-5d42-4834-8b88-42aec6523e07	7	6423420	76051187	35965	0.0138
499cad1d-5d42-4834-8b88-42aec6523e07	7	76051776	136252489	31488	-0.0039
499cad1d-5d42-4834-8b88-42aec6523e07	7	136254152	158592540	11583	0.02
499cad1d-5d42-4834-8b88-42aec6523e07	8	667625	5335408	2525	-0.5793
499cad1d-5d42-4834-8b88-42aec6523e07	8	5335985	5336475	2	-6.6511
499cad1d-5d42-4834-8b88-42aec6523e07	8	5336676	16017398	5232	-0.5763
499cad1d-5d42-4834-8b88-42aec6523e07	8	16017656	144182542	73580	0.0072
499cad1d-5d42-4834-8b88-42aec6523e07	9	789794	33689730	20310	-0.0248
499cad1d-5d42-4834-8b88-42aec6523e07	9	33693890	104868614	26890	0.0097
499cad1d-5d42-4834-8b88-42aec6523e07	9	104868630	104899280	58	0.5586
499cad1d-5d42-4834-8b88-42aec6523e07	9	104899837	112962191	5661	0.014
499cad1d-5d42-4834-8b88-42aec6523e07	9	112962210	112962269	2	-2.2237
499cad1d-5d42-4834-8b88-42aec6523e07	9	112966137	138044505	14825	0.0241
499cad1d-5d42-4834-8b88-42aec6523e07	10	366509	29177447	20022	-0.0726
499cad1d-5d42-4834-8b88-42aec6523e07	10	29179279	29179300	2	-2.1182
499cad1d-5d42-4834-8b88-42aec6523e07	10	29179450	37380855	5354	-0.0451
499cad1d-5d42-4834-8b88-42aec6523e07	10	37381441	133411599	55104	0.0094
499cad1d-5d42-4834-8b88-42aec6523e07	11	456012	134272740	76777	0.0036
499cad1d-5d42-4834-8b88-42aec6523e07	12	780472	8528534	4323	0.0299
499cad1d-5d42-4834-8b88-42aec6523e07	12	8531510	8555807	15	-0.5468
499cad1d-5d42-4834-8b88-42aec6523e07	12	8556991	9046429	263	0
499cad1d-5d42-4834-8b88-42aec6523e07	12	9052434	9232043	102	-0.5582
499cad1d-5d42-4834-8b88-42aec6523e07	12	9233614	38849391	14828	0.0005
499cad1d-5d42-4834-8b88-42aec6523e07	12	38850359	43494169	2521	-0.2544
499cad1d-5d42-4834-8b88-42aec6523e07	12	43499197	43984978	241	1.1382
499cad1d-5d42-4834-8b88-42aec6523e07	12	43987486	44041395	34	-0.1755
499cad1d-5d42-4834-8b88-42aec6523e07	12	44045970	44051743	5	1.1903
499cad1d-5d42-4834-8b88-42aec6523e07	12	44054046	44078648	17	0.0825
499cad1d-5d42-4834-8b88-42aec6523e07	12	44082214	44094953	10	1.0927
499cad1d-5d42-4834-8b88-42aec6523e07	12	44095149	45179837	618	-0.2312
499cad1d-5d42-4834-8b88-42aec6523e07	12	45181461	45201205	11	1.1318
499cad1d-5d42-4834-8b88-42aec6523e07	12	45202527	45302730	53	0.5618
499cad1d-5d42-4834-8b88-42aec6523e07	12	45304792	45311350	7	0.9162
499cad1d-5d42-4834-8b88-42aec6523e07	12	45315836	46096305	433	-0.2605
499cad1d-5d42-4834-8b88-42aec6523e07	12	46101811	46655248	316	-0.0017
499cad1d-5d42-4834-8b88-42aec6523e07	12	46655379	46794256	92	-0.2295
499cad1d-5d42-4834-8b88-42aec6523e07	12	46795549	47096048	172	1.3262
499cad1d-5d42-4834-8b88-42aec6523e07	12	47098289	47131644	29	0.3454
499cad1d-5d42-4834-8b88-42aec6523e07	12	47132035	47135062	8	0.0227
499cad1d-5d42-4834-8b88-42aec6523e07	12	47138143	49517062	1217	1.1093
499cad1d-5d42-4834-8b88-42aec6523e07	12	49518494	49794785	112	0.2727
499cad1d-5d42-4834-8b88-42aec6523e07	12	49804138	50314467	263	1.1366
499cad1d-5d42-4834-8b88-42aec6523e07	12	50325655	50431291	54	1.9841
499cad1d-5d42-4834-8b88-42aec6523e07	12	50442644	50541526	39	1.0334
499cad1d-5d42-4834-8b88-42aec6523e07	12	50546024	50556446	9	0.4824
499cad1d-5d42-4834-8b88-42aec6523e07	12	50560824	51284136	360	1.164
499cad1d-5d42-4834-8b88-42aec6523e07	12	51284550	52246493	544	1.3302
499cad1d-5d42-4834-8b88-42aec6523e07	12	52250959	52508356	88	1.1493
499cad1d-5d42-4834-8b88-42aec6523e07	12	52508555	52886138	360	1.9735
499cad1d-5d42-4834-8b88-42aec6523e07	12	52886889	54147521	597	1.0952
499cad1d-5d42-4834-8b88-42aec6523e07	12	54157103	54249018	45	2.3811
499cad1d-5d42-4834-8b88-42aec6523e07	12	54249698	54475365	58	1.1907
499cad1d-5d42-4834-8b88-42aec6523e07	12	54479154	54874316	259	2.2184
499cad1d-5d42-4834-8b88-42aec6523e07	12	54878878	54981784	71	1.7837
499cad1d-5d42-4834-8b88-42aec6523e07	12	54982952	55237031	157	1.1383
499cad1d-5d42-4834-8b88-42aec6523e07	12	55238507	55326765	44	-0.6132
499cad1d-5d42-4834-8b88-42aec6523e07	12	55326837	55420658	67	1.6526
499cad1d-5d42-4834-8b88-42aec6523e07	12	55421258	55763272	208	2.3579
499cad1d-5d42-4834-8b88-42aec6523e07	12	55764284	55794480	11	1.2205
499cad1d-5d42-4834-8b88-42aec6523e07	12	55798869	55901350	28	-0.5765
499cad1d-5d42-4834-8b88-42aec6523e07	12	55903841	55960356	21	1.5202
499cad1d-5d42-4834-8b88-42aec6523e07	12	55967587	56264010	167	-0.5115
499cad1d-5d42-4834-8b88-42aec6523e07	12	56268256	56686565	184	1.1303
499cad1d-5d42-4834-8b88-42aec6523e07	12	56706269	57392179	310	-0.553
499cad1d-5d42-4834-8b88-42aec6523e07	12	57396073	57422139	15	1.7865
499cad1d-5d42-4834-8b88-42aec6523e07	12	57424202	57428693	3	0.4139
499cad1d-5d42-4834-8b88-42aec6523e07	12	57429409	57511904	37	1.645
499cad1d-5d42-4834-8b88-42aec6523e07	12	57514929	57689156	82	-0.6367
499cad1d-5d42-4834-8b88-42aec6523e07	12	57689893	58085808	213	1.1121
499cad1d-5d42-4834-8b88-42aec6523e07	12	58086899	58787286	535	-0.5825
499cad1d-5d42-4834-8b88-42aec6523e07	12	58793061	58828192	20	0.979
499cad1d-5d42-4834-8b88-42aec6523e07	12	58828198	58828938	13	0.3467
499cad1d-5d42-4834-8b88-42aec6523e07	12	58828985	58971029	111	1.1198
499cad1d-5d42-4834-8b88-42aec6523e07	12	58971557	59114237	112	1.7032
499cad1d-5d42-4834-8b88-42aec6523e07	12	59117153	59143558	16	0.963
499cad1d-5d42-4834-8b88-42aec6523e07	12	59143667	59476713	180	1.768
499cad1d-5d42-4834-8b88-42aec6523e07	12	59479433	59624808	82	1.2113
499cad1d-5d42-4834-8b88-42aec6523e07	12	59624976	59632007	4	2.0635
499cad1d-5d42-4834-8b88-42aec6523e07	12	59635053	59644211	8	1.1114
499cad1d-5d42-4834-8b88-42aec6523e07	12	59645362	59774103	100	-0.5759
499cad1d-5d42-4834-8b88-42aec6523e07	12	59776118	60701485	520	1.6725
499cad1d-5d42-4834-8b88-42aec6523e07	12	60709781	61126396	214	-0.0116
499cad1d-5d42-4834-8b88-42aec6523e07	12	61131186	62172459	645	1.3315
499cad1d-5d42-4834-8b88-42aec6523e07	12	62173714	63025593	570	1.0999
499cad1d-5d42-4834-8b88-42aec6523e07	12	63027307	63412185	279	-0.5741
499cad1d-5d42-4834-8b88-42aec6523e07	12	63421854	63465101	26	1.1978
499cad1d-5d42-4834-8b88-42aec6523e07	12	63468268	65180248	822	-0.5614
499cad1d-5d42-4834-8b88-42aec6523e07	12	65182536	65942224	415	1.7023
499cad1d-5d42-4834-8b88-42aec6523e07	12	65947079	66115827	107	-0.5661
499cad1d-5d42-4834-8b88-42aec6523e07	12	66116539	66116869	2	2.1126
499cad1d-5d42-4834-8b88-42aec6523e07	12	66119331	66333846	150	-0.5815
499cad1d-5d42-4834-8b88-42aec6523e07	12	66338732	67007884	494	1.7119
499cad1d-5d42-4834-8b88-42aec6523e07	12	67008241	67065951	45	2.4529
499cad1d-5d42-4834-8b88-42aec6523e07	12	67073155	68489205	1097	1.8848
499cad1d-5d42-4834-8b88-42aec6523e07	12	68491938	69104680	377	2.2721
499cad1d-5d42-4834-8b88-42aec6523e07	12	69105080	69147489	38	1.7256
499cad1d-5d42-4834-8b88-42aec6523e07	12	69148512	69630400	310	2.2477
499cad1d-5d42-4834-8b88-42aec6523e07	12	69630474	71073616	991	2.0345
499cad1d-5d42-4834-8b88-42aec6523e07	12	71077190	71128239	27	2.2931
499cad1d-5d42-4834-8b88-42aec6523e07	12	71128555	72670984	831	1.7093
499cad1d-5d42-4834-8b88-42aec6523e07	12	72707335	72837599	48	-0.567
499cad1d-5d42-4834-8b88-42aec6523e07	12	72977309	73533523	323	1.2232
499cad1d-5d42-4834-8b88-42aec6523e07	12	73534229	73604806	43	-0.5989
499cad1d-5d42-4834-8b88-42aec6523e07	12	73605005	74099313	193	0.0411
499cad1d-5d42-4834-8b88-42aec6523e07	12	74105392	74351713	121	-0.6107
499cad1d-5d42-4834-8b88-42aec6523e07	12	74356868	74399889	34	-0.0126
499cad1d-5d42-4834-8b88-42aec6523e07	12	74400564	74439342	40	-0.4862
499cad1d-5d42-4834-8b88-42aec6523e07	12	74441327	76406971	1289	0.0033
499cad1d-5d42-4834-8b88-42aec6523e07	12	76411123	76650222	99	1.0688
499cad1d-5d42-4834-8b88-42aec6523e07	12	76650433	82311150	3618	-0.0003
499cad1d-5d42-4834-8b88-42aec6523e07	12	82319298	82604974	144	1.0108
499cad1d-5d42-4834-8b88-42aec6523e07	12	82605072	84271283	970	1.2166
499cad1d-5d42-4834-8b88-42aec6523e07	12	84273051	84308303	23	-0.4288
499cad1d-5d42-4834-8b88-42aec6523e07	12	84311824	84511519	130	1.1739
499cad1d-5d42-4834-8b88-42aec6523e07	12	84515973	84532679	11	-0.6142
499cad1d-5d42-4834-8b88-42aec6523e07	12	84545767	84598066	48	1.1591
499cad1d-5d42-4834-8b88-42aec6523e07	12	84598097	132605822	27597	-0.2294
499cad1d-5d42-4834-8b88-42aec6523e07	13	18874255	114226675	56326	-0.0044
499cad1d-5d42-4834-8b88-42aec6523e07	14	20033191	105533894	49262	0.0155
499cad1d-5d42-4834-8b88-42aec6523e07	15	23437561	32883556	3471	0.0167
499cad1d-5d42-4834-8b88-42aec6523e07	15	32884483	32889223	8	-1.0512
499cad1d-5d42-4834-8b88-42aec6523e07	15	32889380	43355774	6388	-0.0214
499cad1d-5d42-4834-8b88-42aec6523e07	15	43356939	101344124	34431	-0.1081
499cad1d-5d42-4834-8b88-42aec6523e07	16	603333	23947650	10239	0.0393
499cad1d-5d42-4834-8b88-42aec6523e07	16	23948099	23952683	2	-2.2574
499cad1d-5d42-4834-8b88-42aec6523e07	16	23952771	89317317	30569	0.0254
499cad1d-5d42-4834-8b88-42aec6523e07	17	1074619	8785416	3697	-0.5432
499cad1d-5d42-4834-8b88-42aec6523e07	17	8785947	8786047	2	-3.2311
499cad1d-5d42-4834-8b88-42aec6523e07	17	8786079	9765719	645	-0.557
499cad1d-5d42-4834-8b88-42aec6523e07	17	9765965	32939688	7924	0.0252
499cad1d-5d42-4834-8b88-42aec6523e07	17	32945352	33087910	140	-0.5665
499cad1d-5d42-4834-8b88-42aec6523e07	17	33091874	33527322	436	0.0198
499cad1d-5d42-4834-8b88-42aec6523e07	17	33530069	33630252	100	-0.6148
499cad1d-5d42-4834-8b88-42aec6523e07	17	33631162	42962595	3784	0.0205
499cad1d-5d42-4834-8b88-42aec6523e07	17	42971493	49607688	2536	-0.5349
499cad1d-5d42-4834-8b88-42aec6523e07	17	49607838	49780060	78	-0.0007
499cad1d-5d42-4834-8b88-42aec6523e07	17	49780341	49937795	65	-0.5248
499cad1d-5d42-4834-8b88-42aec6523e07	17	49940971	49941006	2	-3.2903
499cad1d-5d42-4834-8b88-42aec6523e07	17	49941041	54980841	2733	-0.5514
499cad1d-5d42-4834-8b88-42aec6523e07	17	54983812	55974963	747	0.0187
499cad1d-5d42-4834-8b88-42aec6523e07	17	55976233	56115643	142	-0.4841
499cad1d-5d42-4834-8b88-42aec6523e07	17	56118992	57519674	1061	0.0191
499cad1d-5d42-4834-8b88-42aec6523e07	17	57520293	59977596	1208	0.2328
499cad1d-5d42-4834-8b88-42aec6523e07	17	59998150	61377861	686	1.2327
499cad1d-5d42-4834-8b88-42aec6523e07	17	61379228	62716038	607	1.5789
499cad1d-5d42-4834-8b88-42aec6523e07	17	62718713	62943864	123	2.0741
499cad1d-5d42-4834-8b88-42aec6523e07	17	62943908	63760899	348	1.6794
499cad1d-5d42-4834-8b88-42aec6523e07	17	63761745	67367697	2025	1.2455
499cad1d-5d42-4834-8b88-42aec6523e07	17	67367727	68019847	342	1.7488
499cad1d-5d42-4834-8b88-42aec6523e07	17	68026544	69268198	713	1.2287
499cad1d-5d42-4834-8b88-42aec6523e07	17	69272213	69299918	15	-0.1311
499cad1d-5d42-4834-8b88-42aec6523e07	17	69312055	69438084	74	1.3774
499cad1d-5d42-4834-8b88-42aec6523e07	17	69438355	69485843	30	0.0085
499cad1d-5d42-4834-8b88-42aec6523e07	17	69486173	69494089	10	0.3712
499cad1d-5d42-4834-8b88-42aec6523e07	17	69505997	69734510	145	1.8361
499cad1d-5d42-4834-8b88-42aec6523e07	17	69743450	69786038	29	-0.5551
499cad1d-5d42-4834-8b88-42aec6523e07	17	69792376	70204308	270	1.1179
499cad1d-5d42-4834-8b88-42aec6523e07	17	70204912	70479705	224	-0.5718
499cad1d-5d42-4834-8b88-42aec6523e07	17	70484763	71095250	476	-0.0062
499cad1d-5d42-4834-8b88-42aec6523e07	17	71095671	71142262	49	-0.5584
499cad1d-5d42-4834-8b88-42aec6523e07	17	71142451	82959812	5420	0.0325
499cad1d-5d42-4834-8b88-42aec6523e07	18	326691	7936759	3956	-0.562
499cad1d-5d42-4834-8b88-42aec6523e07	18	7936916	7940119	3	-3.9459
499cad1d-5d42-4834-8b88-42aec6523e07	18	7943221	14648458	4171	-0.563
499cad1d-5d42-4834-8b88-42aec6523e07	18	14653029	79349796	34349	0.0143
499cad1d-5d42-4834-8b88-42aec6523e07	19	283868	23872082	8991	0.0352
499cad1d-5d42-4834-8b88-42aec6523e07	19	27749470	30404079	1988	-0.5588
499cad1d-5d42-4834-8b88-42aec6523e07	19	30411012	31114622	501	0.0076
499cad1d-5d42-4834-8b88-42aec6523e07	19	31116580	51534116	9593	-0.5337
499cad1d-5d42-4834-8b88-42aec6523e07	19	51535881	58370362	2839	0.0304
499cad1d-5d42-4834-8b88-42aec6523e07	20	472817	753350	191	0.0892
499cad1d-5d42-4834-8b88-42aec6523e07	20	754520	39939332	21240	0.0177
499cad1d-5d42-4834-8b88-42aec6523e07	20	39943446	63588502	15775	0.0651
499cad1d-5d42-4834-8b88-42aec6523e07	21	13974127	46262057	20404	0.0122
499cad1d-5d42-4834-8b88-42aec6523e07	22	16934932	34193961	7922	0.0247
499cad1d-5d42-4834-8b88-42aec6523e07	22	34194170	34194688	2	-2.1507
499cad1d-5d42-4834-8b88-42aec6523e07	22	34195339	48940621	9029	0.0099
499cad1d-5d42-4834-8b88-42aec6523e07	X	3236359	155677414	63346	0.0024
