GDC_Aliquot	Chromosome	Start	End	Num_Probes	Segment_Mean
c45a32aa-07e5-43d9-84f0-4e0aac523f92	1	3301765	46687875	23079	-0.6602
c45a32aa-07e5-43d9-84f0-4e0aac523f92	1	46689426	47208039	241	-0.5585
c45a32aa-07e5-43d9-84f0-4e0aac523f92	1	47210200	64760540	11267	-0.6269
c45a32aa-07e5-43d9-84f0-4e0aac523f92	1	64765264	109017592	26353	-0.5968
c45a32aa-07e5-43d9-84f0-4e0aac523f92	1	109021191	119979137	6788	-0.6371
c45a32aa-07e5-43d9-84f0-4e0aac523f92	1	119979978	186170819	22588	0.232
c45a32aa-07e5-43d9-84f0-4e0aac523f92	1	186172704	200367818	8351	0.2685
c45a32aa-07e5-43d9-84f0-4e0aac523f92	1	200372369	241567795	27516	0.2382
c45a32aa-07e5-43d9-84f0-4e0aac523f92	1	241571821	241580784	6	-0.6586
c45a32aa-07e5-43d9-84f0-4e0aac523f92	1	241586760	247649129	3097	0.2245
c45a32aa-07e5-43d9-84f0-4e0aac523f92	1	247650404	247650984	2	-0.4592
c45a32aa-07e5-43d9-84f0-4e0aac523f92	2	480597	17805901	11192	-0.1039
c45a32aa-07e5-43d9-84f0-4e0aac523f92	2	17807374	17808199	3	-1.8797
c45a32aa-07e5-43d9-84f0-4e0aac523f92	2	17808233	49163803	18221	-0.1166
c45a32aa-07e5-43d9-84f0-4e0aac523f92	2	49163874	53060883	2073	-0.072
c45a32aa-07e5-43d9-84f0-4e0aac523f92	2	53061291	76647879	13491	-0.1164
c45a32aa-07e5-43d9-84f0-4e0aac523f92	2	76657989	84359922	4048	-0.0785
c45a32aa-07e5-43d9-84f0-4e0aac523f92	2	84363521	136951131	22904	-0.113
c45a32aa-07e5-43d9-84f0-4e0aac523f92	2	136951215	215888513	44426	-0.0933
c45a32aa-07e5-43d9-84f0-4e0aac523f92	2	215888857	241537572	15678	-0.1179
c45a32aa-07e5-43d9-84f0-4e0aac523f92	3	2170634	11098242	5290	0.1929
c45a32aa-07e5-43d9-84f0-4e0aac523f92	3	11098290	16123911	3257	0.1482
c45a32aa-07e5-43d9-84f0-4e0aac523f92	3	16123989	46907939	18179	0.1838
c45a32aa-07e5-43d9-84f0-4e0aac523f92	3	46910770	53662677	2817	0.1334
c45a32aa-07e5-43d9-84f0-4e0aac523f92	3	53666523	73038238	12822	0.184
c45a32aa-07e5-43d9-84f0-4e0aac523f92	3	73039713	105769853	15194	0.202
c45a32aa-07e5-43d9-84f0-4e0aac523f92	3	105772818	197812401	49537	0.1802
c45a32aa-07e5-43d9-84f0-4e0aac523f92	4	1059384	2970453	707	-0.1615
c45a32aa-07e5-43d9-84f0-4e0aac523f92	4	2978030	3017327	25	0.2989
c45a32aa-07e5-43d9-84f0-4e0aac523f92	4	3022996	27560838	15927	-0.1251
c45a32aa-07e5-43d9-84f0-4e0aac523f92	4	27562254	36275251	5086	-0.0924
c45a32aa-07e5-43d9-84f0-4e0aac523f92	4	36284100	64143961	13770	-0.1172
c45a32aa-07e5-43d9-84f0-4e0aac523f92	4	64145426	64232493	31	-0.594
c45a32aa-07e5-43d9-84f0-4e0aac523f92	4	64241095	105143554	22865	-0.1101
c45a32aa-07e5-43d9-84f0-4e0aac523f92	4	105143597	181795783	42237	-0.0345
c45a32aa-07e5-43d9-84f0-4e0aac523f92	4	181799138	187842528	2656	-1.5227
c45a32aa-07e5-43d9-84f0-4e0aac523f92	5	913983	25880634	15014	0.186
c45a32aa-07e5-43d9-84f0-4e0aac523f92	5	25881800	26213749	202	-0.0722
c45a32aa-07e5-43d9-84f0-4e0aac523f92	5	26215298	50828231	10879	0.1842
c45a32aa-07e5-43d9-84f0-4e0aac523f92	5	50829022	64622606	8097	0.7231
c45a32aa-07e5-43d9-84f0-4e0aac523f92	5	64623309	64623798	4	-0.4223
c45a32aa-07e5-43d9-84f0-4e0aac523f92	5	64625687	69376088	3037	0.7187
c45a32aa-07e5-43d9-84f0-4e0aac523f92	5	69376746	78479165	4449	0.2391
c45a32aa-07e5-43d9-84f0-4e0aac523f92	5	78484628	82330749	2216	-0.6411
c45a32aa-07e5-43d9-84f0-4e0aac523f92	5	82333922	90448064	4225	-0.7209
c45a32aa-07e5-43d9-84f0-4e0aac523f92	5	90455599	91036118	361	0.698
c45a32aa-07e5-43d9-84f0-4e0aac523f92	5	91041758	91912201	463	-0.7749
c45a32aa-07e5-43d9-84f0-4e0aac523f92	5	91977466	92327991	170	0.1932
c45a32aa-07e5-43d9-84f0-4e0aac523f92	5	92331467	92536346	85	0.7404
c45a32aa-07e5-43d9-84f0-4e0aac523f92	5	92540286	92612699	45	0.266
c45a32aa-07e5-43d9-84f0-4e0aac523f92	5	92616674	92642210	13	-0.5289
c45a32aa-07e5-43d9-84f0-4e0aac523f92	5	92674427	92754446	51	-3.1652
c45a32aa-07e5-43d9-84f0-4e0aac523f92	5	92763637	92842064	40	-0.5374
c45a32aa-07e5-43d9-84f0-4e0aac523f92	5	92844364	93614765	395	1.8574
c45a32aa-07e5-43d9-84f0-4e0aac523f92	5	93616258	96017297	1293	1.365
c45a32aa-07e5-43d9-84f0-4e0aac523f92	5	96017480	96423719	215	1.0817
c45a32aa-07e5-43d9-84f0-4e0aac523f92	5	96423966	96688527	194	1.3156
c45a32aa-07e5-43d9-84f0-4e0aac523f92	5	96689545	97363470	399	1.0376
c45a32aa-07e5-43d9-84f0-4e0aac523f92	5	97366075	97366168	2	-1.3638
c45a32aa-07e5-43d9-84f0-4e0aac523f92	5	97367289	98595136	604	1.0284
c45a32aa-07e5-43d9-84f0-4e0aac523f92	5	98605165	98724124	69	0.1618
c45a32aa-07e5-43d9-84f0-4e0aac523f92	5	98724726	98930637	100	1.0214
c45a32aa-07e5-43d9-84f0-4e0aac523f92	5	98934560	99107396	101	1.4933
c45a32aa-07e5-43d9-84f0-4e0aac523f92	5	99108360	99147616	33	2.0225
c45a32aa-07e5-43d9-84f0-4e0aac523f92	5	99152826	100793474	176	2.5111
c45a32aa-07e5-43d9-84f0-4e0aac523f92	5	100796434	100953971	83	0.7628
c45a32aa-07e5-43d9-84f0-4e0aac523f92	5	100961663	101220739	119	0.1684
c45a32aa-07e5-43d9-84f0-4e0aac523f92	5	101223552	102373742	460	0.7077
c45a32aa-07e5-43d9-84f0-4e0aac523f92	5	102379567	102387731	4	-1.2288
c45a32aa-07e5-43d9-84f0-4e0aac523f92	5	102387840	103249607	419	-3.6584
c45a32aa-07e5-43d9-84f0-4e0aac523f92	5	103252666	105091362	1043	-0.6982
c45a32aa-07e5-43d9-84f0-4e0aac523f92	5	105168236	105522863	158	0.2399
c45a32aa-07e5-43d9-84f0-4e0aac523f92	5	105527593	106275780	364	-0.6042
c45a32aa-07e5-43d9-84f0-4e0aac523f92	5	106279320	106595017	154	1.6695
c45a32aa-07e5-43d9-84f0-4e0aac523f92	5	106595492	106663616	33	2.3224
c45a32aa-07e5-43d9-84f0-4e0aac523f92	5	106669197	107093144	109	1.8779
c45a32aa-07e5-43d9-84f0-4e0aac523f92	5	107093749	107377917	211	2.1762
c45a32aa-07e5-43d9-84f0-4e0aac523f92	5	107378789	108811460	1049	1.7155
c45a32aa-07e5-43d9-84f0-4e0aac523f92	5	108816271	109239550	177	2.5845
c45a32aa-07e5-43d9-84f0-4e0aac523f92	5	109239696	109449049	114	3.0313
c45a32aa-07e5-43d9-84f0-4e0aac523f92	5	109449098	109592186	87	2.6086
c45a32aa-07e5-43d9-84f0-4e0aac523f92	5	109593896	110767932	660	1.0633
c45a32aa-07e5-43d9-84f0-4e0aac523f92	5	110781364	111634686	522	1.3317
c45a32aa-07e5-43d9-84f0-4e0aac523f92	5	111638615	112413302	567	-0.6391
c45a32aa-07e5-43d9-84f0-4e0aac523f92	5	112423384	112777830	289	2.5408
c45a32aa-07e5-43d9-84f0-4e0aac523f92	5	112779323	112786777	17	3.267
c45a32aa-07e5-43d9-84f0-4e0aac523f92	5	112786793	113619634	639	2.4703
c45a32aa-07e5-43d9-84f0-4e0aac523f92	5	113652570	132356209	10768	-0.6151
c45a32aa-07e5-43d9-84f0-4e0aac523f92	5	132358384	139736267	4364	-0.6622
c45a32aa-07e5-43d9-84f0-4e0aac523f92	5	139738444	140073940	170	1.5673
c45a32aa-07e5-43d9-84f0-4e0aac523f92	5	140077871	140562275	193	2.4641
c45a32aa-07e5-43d9-84f0-4e0aac523f92	5	140563363	152065518	7293	-0.6566
c45a32aa-07e5-43d9-84f0-4e0aac523f92	5	152066692	152109163	54	1.509
c45a32aa-07e5-43d9-84f0-4e0aac523f92	5	152109855	152983974	539	2.6341
c45a32aa-07e5-43d9-84f0-4e0aac523f92	5	152985823	157879238	3203	-0.6453
c45a32aa-07e5-43d9-84f0-4e0aac523f92	5	157888341	158220308	246	1.2528
c45a32aa-07e5-43d9-84f0-4e0aac523f92	5	158220444	158320350	69	1.5439
c45a32aa-07e5-43d9-84f0-4e0aac523f92	5	158321583	158352139	20	1.271
c45a32aa-07e5-43d9-84f0-4e0aac523f92	5	158355548	158589229	149	1.0323
c45a32aa-07e5-43d9-84f0-4e0aac523f92	5	158590341	158727679	111	1.6052
c45a32aa-07e5-43d9-84f0-4e0aac523f92	5	158731161	158828517	78	1.8589
c45a32aa-07e5-43d9-84f0-4e0aac523f92	5	158831040	159104703	171	1.5069
c45a32aa-07e5-43d9-84f0-4e0aac523f92	5	159109504	159258674	88	0.1763
c45a32aa-07e5-43d9-84f0-4e0aac523f92	5	159260670	160182107	600	2.4208
c45a32aa-07e5-43d9-84f0-4e0aac523f92	5	160190096	161226456	745	0.1755
c45a32aa-07e5-43d9-84f0-4e0aac523f92	5	161228059	161806463	342	-0.6107
c45a32aa-07e5-43d9-84f0-4e0aac523f92	5	161807839	162420354	296	1.5882
c45a32aa-07e5-43d9-84f0-4e0aac523f92	5	162421609	162816808	277	1.3229
c45a32aa-07e5-43d9-84f0-4e0aac523f92	5	162817463	163158915	178	1.1077
c45a32aa-07e5-43d9-84f0-4e0aac523f92	5	163159224	163451769	155	1.3296
c45a32aa-07e5-43d9-84f0-4e0aac523f92	5	163455116	165675031	1349	-0.6246
c45a32aa-07e5-43d9-84f0-4e0aac523f92	5	165680095	165879234	132	1.5436
c45a32aa-07e5-43d9-84f0-4e0aac523f92	5	165879298	166277426	282	1.9147
c45a32aa-07e5-43d9-84f0-4e0aac523f92	5	166278800	166444304	110	2.5568
c45a32aa-07e5-43d9-84f0-4e0aac523f92	5	166444975	167338422	589	2.1172
c45a32aa-07e5-43d9-84f0-4e0aac523f92	5	167348009	167831877	370	1.9036
c45a32aa-07e5-43d9-84f0-4e0aac523f92	5	167832205	167896857	63	1.5371
c45a32aa-07e5-43d9-84f0-4e0aac523f92	5	167909822	168670131	579	-0.6739
c45a32aa-07e5-43d9-84f0-4e0aac523f92	5	168671963	168796982	40	1.6421
c45a32aa-07e5-43d9-84f0-4e0aac523f92	5	168799332	169436667	571	1.3391
c45a32aa-07e5-43d9-84f0-4e0aac523f92	5	169437006	169672394	151	1.569
c45a32aa-07e5-43d9-84f0-4e0aac523f92	5	169672664	169736782	55	1.7659
c45a32aa-07e5-43d9-84f0-4e0aac523f92	5	169736846	170128577	339	1.5055
c45a32aa-07e5-43d9-84f0-4e0aac523f92	5	170129317	170588200	334	1.9527
c45a32aa-07e5-43d9-84f0-4e0aac523f92	5	170590660	170785123	157	1.5633
c45a32aa-07e5-43d9-84f0-4e0aac523f92	5	170786006	172872176	1139	0.7022
c45a32aa-07e5-43d9-84f0-4e0aac523f92	5	172875406	173139695	113	1.6441
c45a32aa-07e5-43d9-84f0-4e0aac523f92	5	173145951	173578361	309	1.975
c45a32aa-07e5-43d9-84f0-4e0aac523f92	5	173578489	173864344	280	1.7803
c45a32aa-07e5-43d9-84f0-4e0aac523f92	5	173864925	175495073	1248	0.7066
c45a32aa-07e5-43d9-84f0-4e0aac523f92	5	175495157	175539812	30	0.4712
c45a32aa-07e5-43d9-84f0-4e0aac523f92	5	175540143	175875075	213	0.7662
c45a32aa-07e5-43d9-84f0-4e0aac523f92	5	175875653	176302180	45	1.5303
c45a32aa-07e5-43d9-84f0-4e0aac523f92	5	176311158	177246781	336	1.8275
c45a32aa-07e5-43d9-84f0-4e0aac523f92	5	177247287	177680789	168	1.5226
c45a32aa-07e5-43d9-84f0-4e0aac523f92	5	177982825	179620185	923	0.7023
c45a32aa-07e5-43d9-84f0-4e0aac523f92	5	179624537	179681642	28	0.3579
c45a32aa-07e5-43d9-84f0-4e0aac523f92	5	179683849	180934240	578	0.6966
c45a32aa-07e5-43d9-84f0-4e0aac523f92	6	1011760	57347009	34096	0.2374
c45a32aa-07e5-43d9-84f0-4e0aac523f92	6	61527062	62872346	561	-0.0072
c45a32aa-07e5-43d9-84f0-4e0aac523f92	6	62872363	62872753	2	-1.3689
c45a32aa-07e5-43d9-84f0-4e0aac523f92	6	62876877	66572433	1947	0.0094
c45a32aa-07e5-43d9-84f0-4e0aac523f92	6	66575662	66677272	74	-1.2529
c45a32aa-07e5-43d9-84f0-4e0aac523f92	6	66681134	110557763	24759	0.002
c45a32aa-07e5-43d9-84f0-4e0aac523f92	6	110559104	111435270	434	0.3361
c45a32aa-07e5-43d9-84f0-4e0aac523f92	6	111436193	131636585	11632	0.007
c45a32aa-07e5-43d9-84f0-4e0aac523f92	6	131636942	164205047	20678	-0.0159
c45a32aa-07e5-43d9-84f0-4e0aac523f92	6	164208625	170596889	2843	0.0089
c45a32aa-07e5-43d9-84f0-4e0aac523f92	7	664936	7115256	2308	0.1882
c45a32aa-07e5-43d9-84f0-4e0aac523f92	7	7115269	55792397	30881	0.2419
c45a32aa-07e5-43d9-84f0-4e0aac523f92	7	55792547	64765351	709	0.1975
c45a32aa-07e5-43d9-84f0-4e0aac523f92	7	64766121	77155440	4673	0.1663
c45a32aa-07e5-43d9-84f0-4e0aac523f92	7	77156835	97891374	11443	0.2194
c45a32aa-07e5-43d9-84f0-4e0aac523f92	7	97892193	103430571	2011	0.1544
c45a32aa-07e5-43d9-84f0-4e0aac523f92	7	103430646	108653142	3186	0.1964
c45a32aa-07e5-43d9-84f0-4e0aac523f92	7	108653427	127571188	10111	0.2257
c45a32aa-07e5-43d9-84f0-4e0aac523f92	7	127574276	158592540	16576	0.1988
c45a32aa-07e5-43d9-84f0-4e0aac523f92	8	667625	54797858	29425	0.2357
c45a32aa-07e5-43d9-84f0-4e0aac523f92	8	54797983	54799015	2	-1.5264
c45a32aa-07e5-43d9-84f0-4e0aac523f92	8	54803299	144182542	52724	0.2408
c45a32aa-07e5-43d9-84f0-4e0aac523f92	9	789794	3631335	1937	-0.6265
c45a32aa-07e5-43d9-84f0-4e0aac523f92	9	3726443	3831932	99	0.2676
c45a32aa-07e5-43d9-84f0-4e0aac523f92	9	3832611	38752071	21426	-0.61
c45a32aa-07e5-43d9-84f0-4e0aac523f92	9	68423153	138044505	44844	0.2089
c45a32aa-07e5-43d9-84f0-4e0aac523f92	10	366509	44985278	27894	-0.126
c45a32aa-07e5-43d9-84f0-4e0aac523f92	10	44986004	66950838	11773	-0.097
c45a32aa-07e5-43d9-84f0-4e0aac523f92	10	66951473	87959988	12915	-0.1261
c45a32aa-07e5-43d9-84f0-4e0aac523f92	10	87960095	87960109	2	2.199
c45a32aa-07e5-43d9-84f0-4e0aac523f92	10	87960170	96511540	5172	-0.1148
c45a32aa-07e5-43d9-84f0-4e0aac523f92	10	96512121	103522907	3767	-0.16
c45a32aa-07e5-43d9-84f0-4e0aac523f92	10	103523317	109440720	4003	-0.1123
c45a32aa-07e5-43d9-84f0-4e0aac523f92	10	109445273	109521984	43	-0.7058
c45a32aa-07e5-43d9-84f0-4e0aac523f92	10	109643558	133411599	15591	-0.1235
c45a32aa-07e5-43d9-84f0-4e0aac523f92	11	456012	579753	26	0.0959
c45a32aa-07e5-43d9-84f0-4e0aac523f92	11	587512	4155198	1304	0.2053
c45a32aa-07e5-43d9-84f0-4e0aac523f92	11	4155272	45756514	27717	0.2518
c45a32aa-07e5-43d9-84f0-4e0aac523f92	11	45758924	56246322	1588	0.1908
c45a32aa-07e5-43d9-84f0-4e0aac523f92	11	56247303	78672294	10627	-0.0386
c45a32aa-07e5-43d9-84f0-4e0aac523f92	11	78672987	79937458	1029	-0.0071
c45a32aa-07e5-43d9-84f0-4e0aac523f92	11	79937994	79938555	2	-1.8147
c45a32aa-07e5-43d9-84f0-4e0aac523f92	11	79939735	116610233	23041	0.0012
c45a32aa-07e5-43d9-84f0-4e0aac523f92	11	116610252	123456741	4758	-0.0272
c45a32aa-07e5-43d9-84f0-4e0aac523f92	11	123457608	123534444	68	-0.7732
c45a32aa-07e5-43d9-84f0-4e0aac523f92	11	123537462	134272740	7322	-0.0123
c45a32aa-07e5-43d9-84f0-4e0aac523f92	12	780472	13240260	6818	0.224
c45a32aa-07e5-43d9-84f0-4e0aac523f92	12	13243935	30475317	11160	0.2497
c45a32aa-07e5-43d9-84f0-4e0aac523f92	12	30475429	32406244	1161	0.1999
c45a32aa-07e5-43d9-84f0-4e0aac523f92	12	32410998	32411326	2	-1.4677
c45a32aa-07e5-43d9-84f0-4e0aac523f92	12	32413873	47917148	5632	0.2363
c45a32aa-07e5-43d9-84f0-4e0aac523f92	12	47918420	58032033	5165	0.1956
c45a32aa-07e5-43d9-84f0-4e0aac523f92	12	58037627	80446147	13964	0.241
c45a32aa-07e5-43d9-84f0-4e0aac523f92	12	80446276	80456533	2	-1.8285
c45a32aa-07e5-43d9-84f0-4e0aac523f92	12	80458189	93139694	7462	0.2454
c45a32aa-07e5-43d9-84f0-4e0aac523f92	12	93139934	108363083	10048	0.2243
c45a32aa-07e5-43d9-84f0-4e0aac523f92	12	108367809	112577848	2081	0.1797
c45a32aa-07e5-43d9-84f0-4e0aac523f92	12	112578749	123834712	6541	0.2156
c45a32aa-07e5-43d9-84f0-4e0aac523f92	12	123835317	132605822	4267	0.2382
c45a32aa-07e5-43d9-84f0-4e0aac523f92	13	18874255	27772827	4943	-0.6429
c45a32aa-07e5-43d9-84f0-4e0aac523f92	13	27774742	27775371	2	-4.5105
c45a32aa-07e5-43d9-84f0-4e0aac523f92	13	27780988	36529745	6005	-0.6327
c45a32aa-07e5-43d9-84f0-4e0aac523f92	13	36530083	36530718	2	-3.0481
c45a32aa-07e5-43d9-84f0-4e0aac523f92	13	36530902	40390872	2742	-0.618
c45a32aa-07e5-43d9-84f0-4e0aac523f92	13	40390923	40391831	2	-3.4007
c45a32aa-07e5-43d9-84f0-4e0aac523f92	13	40392462	51955016	6409	-0.6243
c45a32aa-07e5-43d9-84f0-4e0aac523f92	13	51955036	51956386	2	-3.6491
c45a32aa-07e5-43d9-84f0-4e0aac523f92	13	51957824	53528071	714	-0.6558
c45a32aa-07e5-43d9-84f0-4e0aac523f92	13	53528384	71258744	8689	-0.5671
c45a32aa-07e5-43d9-84f0-4e0aac523f92	13	71259349	80338148	6037	-0.6135
c45a32aa-07e5-43d9-84f0-4e0aac523f92	13	80340640	80353885	15	-1.2707
c45a32aa-07e5-43d9-84f0-4e0aac523f92	13	80354615	80605817	144	-0.6562
c45a32aa-07e5-43d9-84f0-4e0aac523f92	13	80609583	82512525	1062	-0.5577
c45a32aa-07e5-43d9-84f0-4e0aac523f92	13	82516148	82517056	3	-2.2307
c45a32aa-07e5-43d9-84f0-4e0aac523f92	13	82517248	92908354	5958	-0.5745
c45a32aa-07e5-43d9-84f0-4e0aac523f92	13	92909161	98720378	3794	-0.6223
c45a32aa-07e5-43d9-84f0-4e0aac523f92	13	98722052	98723649	2	-3.3822
c45a32aa-07e5-43d9-84f0-4e0aac523f92	13	98723913	110088429	7970	-0.6127
c45a32aa-07e5-43d9-84f0-4e0aac523f92	13	110108279	112044928	1289	-0.6946
c45a32aa-07e5-43d9-84f0-4e0aac523f92	13	112044930	112199888	99	-0.5689
c45a32aa-07e5-43d9-84f0-4e0aac523f92	13	112200479	112200885	3	-3.8909
c45a32aa-07e5-43d9-84f0-4e0aac523f92	13	112203351	114226675	755	-0.6783
c45a32aa-07e5-43d9-84f0-4e0aac523f92	14	20033191	25519279	2436	0.2258
c45a32aa-07e5-43d9-84f0-4e0aac523f92	14	25519285	48435852	12159	0.2614
c45a32aa-07e5-43d9-84f0-4e0aac523f92	14	48435928	72958973	15271	0.2383
c45a32aa-07e5-43d9-84f0-4e0aac523f92	14	72959345	75307170	1171	0.1727
c45a32aa-07e5-43d9-84f0-4e0aac523f92	14	75313186	105533894	18699	0.2414
c45a32aa-07e5-43d9-84f0-4e0aac523f92	15	23437561	39911478	8328	0.2488
c45a32aa-07e5-43d9-84f0-4e0aac523f92	15	39912015	45661374	2509	0.2022
c45a32aa-07e5-43d9-84f0-4e0aac523f92	15	45662034	47819263	1501	0.2532
c45a32aa-07e5-43d9-84f0-4e0aac523f92	15	47821105	47825521	5	-1.0015
c45a32aa-07e5-43d9-84f0-4e0aac523f92	15	47826764	62998080	10117	0.246
c45a32aa-07e5-43d9-84f0-4e0aac523f92	15	62998335	91770957	16363	0.2251
c45a32aa-07e5-43d9-84f0-4e0aac523f92	15	91771284	98012083	4113	0.2539
c45a32aa-07e5-43d9-84f0-4e0aac523f92	15	98012367	101344124	1819	0.7774
c45a32aa-07e5-43d9-84f0-4e0aac523f92	16	603333	59684579	22687	0.2264
c45a32aa-07e5-43d9-84f0-4e0aac523f92	16	59684853	66568129	4530	0.2577
c45a32aa-07e5-43d9-84f0-4e0aac523f92	16	66568164	70623282	1688	0.1846
c45a32aa-07e5-43d9-84f0-4e0aac523f92	16	70629223	89317317	12258	0.2431
c45a32aa-07e5-43d9-84f0-4e0aac523f92	17	1074619	5516429	1938	-0.6503
c45a32aa-07e5-43d9-84f0-4e0aac523f92	17	5520722	5912175	261	0.244
c45a32aa-07e5-43d9-84f0-4e0aac523f92	17	5912463	6145494	186	-0.6748
c45a32aa-07e5-43d9-84f0-4e0aac523f92	17	6151022	6968174	511	0.2148
c45a32aa-07e5-43d9-84f0-4e0aac523f92	17	6969664	7082769	61	-0.7808
c45a32aa-07e5-43d9-84f0-4e0aac523f92	17	7084936	10796920	2079	0.2095
c45a32aa-07e5-43d9-84f0-4e0aac523f92	17	10798140	11531447	626	-0.6303
c45a32aa-07e5-43d9-84f0-4e0aac523f92	17	11532143	12992498	1005	0.2314
c45a32aa-07e5-43d9-84f0-4e0aac523f92	17	12992538	12992667	2	-1.4885
c45a32aa-07e5-43d9-84f0-4e0aac523f92	17	12996146	14231324	860	0.2413
c45a32aa-07e5-43d9-84f0-4e0aac523f92	17	15654216	15882834	39	-0.5548
c45a32aa-07e5-43d9-84f0-4e0aac523f92	17	15883259	16910680	397	0.1786
c45a32aa-07e5-43d9-84f0-4e0aac523f92	17	16913342	16990826	57	-0.6529
c45a32aa-07e5-43d9-84f0-4e0aac523f92	17	16999265	21122156	1577	0.2027
c45a32aa-07e5-43d9-84f0-4e0aac523f92	17	21127756	21129820	4	-0.5905
c45a32aa-07e5-43d9-84f0-4e0aac523f92	17	21137758	21163993	12	0.2209
c45a32aa-07e5-43d9-84f0-4e0aac523f92	17	21168717	32261245	2401	-0.6101
c45a32aa-07e5-43d9-84f0-4e0aac523f92	17	32261548	32285794	11	-1.4236
c45a32aa-07e5-43d9-84f0-4e0aac523f92	17	32290557	37497091	2442	-0.6409
c45a32aa-07e5-43d9-84f0-4e0aac523f92	17	37506490	37763774	172	0.2455
c45a32aa-07e5-43d9-84f0-4e0aac523f92	17	38254377	40044698	823	-0.6731
c45a32aa-07e5-43d9-84f0-4e0aac523f92	17	40045777	40408095	137	0.1721
c45a32aa-07e5-43d9-84f0-4e0aac523f92	17	40409738	42884218	1199	-0.6313
c45a32aa-07e5-43d9-84f0-4e0aac523f92	17	42884262	43437078	210	0.1462
c45a32aa-07e5-43d9-84f0-4e0aac523f92	17	43444725	44782958	657	-0.6287
c45a32aa-07e5-43d9-84f0-4e0aac523f92	17	44790075	46943889	443	0.2086
c45a32aa-07e5-43d9-84f0-4e0aac523f92	17	46945941	47691928	318	-0.5691
c45a32aa-07e5-43d9-84f0-4e0aac523f92	17	47703898	48252698	315	0.1854
c45a32aa-07e5-43d9-84f0-4e0aac523f92	17	48257277	48652405	184	-0.5992
c45a32aa-07e5-43d9-84f0-4e0aac523f92	17	48706805	49404526	388	0.1991
c45a32aa-07e5-43d9-84f0-4e0aac523f92	17	49405568	61908513	7131	-0.624
c45a32aa-07e5-43d9-84f0-4e0aac523f92	17	61909920	62618161	289	0.1958
c45a32aa-07e5-43d9-84f0-4e0aac523f92	17	62618634	63772941	517	-0.6385
c45a32aa-07e5-43d9-84f0-4e0aac523f92	17	63774083	64171026	203	-0.0101
c45a32aa-07e5-43d9-84f0-4e0aac523f92	17	64171139	64309731	95	0.245
c45a32aa-07e5-43d9-84f0-4e0aac523f92	17	64309851	64464879	25	0.0764
c45a32aa-07e5-43d9-84f0-4e0aac523f92	17	64468704	64758554	136	0.7063
c45a32aa-07e5-43d9-84f0-4e0aac523f92	17	64759705	65746236	564	0.2385
c45a32aa-07e5-43d9-84f0-4e0aac523f92	17	65750671	76530556	6166	-0.6393
c45a32aa-07e5-43d9-84f0-4e0aac523f92	17	76536012	76543010	6	-3.0518
c45a32aa-07e5-43d9-84f0-4e0aac523f92	17	76545801	80595422	1856	-0.6855
c45a32aa-07e5-43d9-84f0-4e0aac523f92	17	80597242	80600072	4	-5.7471
c45a32aa-07e5-43d9-84f0-4e0aac523f92	17	80607472	82959812	782	-0.6906
c45a32aa-07e5-43d9-84f0-4e0aac523f92	18	326691	26670247	11493	-0.6362
c45a32aa-07e5-43d9-84f0-4e0aac523f92	18	26674994	44649655	10775	-0.5957
c45a32aa-07e5-43d9-84f0-4e0aac523f92	18	44650207	59850736	10134	-0.6349
c45a32aa-07e5-43d9-84f0-4e0aac523f92	18	59851744	59851878	2	-4.9024
c45a32aa-07e5-43d9-84f0-4e0aac523f92	18	59854230	73782653	6701	-0.5994
c45a32aa-07e5-43d9-84f0-4e0aac523f92	18	73943450	78383209	3093	-0.6612
c45a32aa-07e5-43d9-84f0-4e0aac523f92	18	78383563	79349796	520	-0.5912
c45a32aa-07e5-43d9-84f0-4e0aac523f92	19	283868	21728314	8053	0.1815
c45a32aa-07e5-43d9-84f0-4e0aac523f92	19	21730165	34023008	5454	0.2253
c45a32aa-07e5-43d9-84f0-4e0aac523f92	19	34023581	52347035	8107	0.1892
c45a32aa-07e5-43d9-84f0-4e0aac523f92	19	52348218	52355645	7	-0.75
c45a32aa-07e5-43d9-84f0-4e0aac523f92	19	52356667	58370362	2516	0.1953
c45a32aa-07e5-43d9-84f0-4e0aac523f92	20	472817	19559833	12711	-0.6386
c45a32aa-07e5-43d9-84f0-4e0aac523f92	20	19573148	19574059	2	-3.2947
c45a32aa-07e5-43d9-84f0-4e0aac523f92	20	19574146	26217295	4151	-0.651
c45a32aa-07e5-43d9-84f0-4e0aac523f92	20	31247668	40123815	4810	0.1975
c45a32aa-07e5-43d9-84f0-4e0aac523f92	20	40131162	40301407	111	0.7807
c45a32aa-07e5-43d9-84f0-4e0aac523f92	20	40315781	40356618	23	0.258
c45a32aa-07e5-43d9-84f0-4e0aac523f92	20	40357346	40408031	41	0.6905
c45a32aa-07e5-43d9-84f0-4e0aac523f92	20	40409725	43294115	1994	0.2341
c45a32aa-07e5-43d9-84f0-4e0aac523f92	20	43296454	45060994	1116	0.7296
c45a32aa-07e5-43d9-84f0-4e0aac523f92	20	45061188	45549540	307	0.2054
c45a32aa-07e5-43d9-84f0-4e0aac523f92	20	45550018	45901251	193	0.6963
c45a32aa-07e5-43d9-84f0-4e0aac523f92	20	45901995	49190678	2307	0.2096
c45a32aa-07e5-43d9-84f0-4e0aac523f92	20	49192595	50286979	446	0.6931
c45a32aa-07e5-43d9-84f0-4e0aac523f92	20	50287577	51057540	563	0.168
c45a32aa-07e5-43d9-84f0-4e0aac523f92	20	51061576	62422274	8271	0.2297
c45a32aa-07e5-43d9-84f0-4e0aac523f92	20	62426487	63588502	397	0.1679
c45a32aa-07e5-43d9-84f0-4e0aac523f92	21	13974127	24212080	6262	0.2652
c45a32aa-07e5-43d9-84f0-4e0aac523f92	21	24212952	24216026	7	-0.4596
c45a32aa-07e5-43d9-84f0-4e0aac523f92	21	24216643	30672491	4495	0.2587
c45a32aa-07e5-43d9-84f0-4e0aac523f92	21	30675446	46262057	9806	0.2343
c45a32aa-07e5-43d9-84f0-4e0aac523f92	22	16934932	40015303	11209	0.2217
c45a32aa-07e5-43d9-84f0-4e0aac523f92	22	40016137	42264875	1198	0.1716
c45a32aa-07e5-43d9-84f0-4e0aac523f92	22	42265138	48940621	4665	0.2375
c45a32aa-07e5-43d9-84f0-4e0aac523f92	X	3236359	38515732	15738	0.0108
c45a32aa-07e5-43d9-84f0-4e0aac523f92	X	38516102	79867348	14380	-0.0123
c45a32aa-07e5-43d9-84f0-4e0aac523f92	X	79867499	155677414	33808	0.0051
