GDC_Aliquot	Chromosome	Start	End	Num_Probes	Segment_Mean
211b34f8-8871-4111-aa1f-a7f838409fa3	1	3301765	5593340	1617	0.2641
211b34f8-8871-4111-aa1f-a7f838409fa3	1	5594249	7847944	1324	0.2297
211b34f8-8871-4111-aa1f-a7f838409fa3	1	7848828	12188234	2107	0.17
211b34f8-8871-4111-aa1f-a7f838409fa3	1	12188446	20450259	4651	0.2412
211b34f8-8871-4111-aa1f-a7f838409fa3	1	20450787	29333156	4067	0.1988
211b34f8-8871-4111-aa1f-a7f838409fa3	1	29333746	46981839	9520	0.233
211b34f8-8871-4111-aa1f-a7f838409fa3	1	46982670	50394249	1925	0.2989
211b34f8-8871-4111-aa1f-a7f838409fa3	1	50403012	50407667	7	-0.6467
211b34f8-8871-4111-aa1f-a7f838409fa3	1	50410279	54842913	2231	0.2276
211b34f8-8871-4111-aa1f-a7f838409fa3	1	54842936	61437882	4901	0.3046
211b34f8-8871-4111-aa1f-a7f838409fa3	1	61439812	67777257	4522	0.2627
211b34f8-8871-4111-aa1f-a7f838409fa3	1	67777714	88144606	12044	0.3129
211b34f8-8871-4111-aa1f-a7f838409fa3	1	88150945	96929856	5285	0.2817
211b34f8-8871-4111-aa1f-a7f838409fa3	1	96931491	96953566	14	-0.5861
211b34f8-8871-4111-aa1f-a7f838409fa3	1	96955683	112379879	8848	0.2858
211b34f8-8871-4111-aa1f-a7f838409fa3	1	112380325	114899004	1411	0.2271
211b34f8-8871-4111-aa1f-a7f838409fa3	1	114899448	119940249	3187	0.297
211b34f8-8871-4111-aa1f-a7f838409fa3	1	119943127	152009352	885	0.2004
211b34f8-8871-4111-aa1f-a7f838409fa3	1	152009544	153444992	842	0.3102
211b34f8-8871-4111-aa1f-a7f838409fa3	1	153446179	161957073	4624	0.2342
211b34f8-8871-4111-aa1f-a7f838409fa3	1	161959375	165580772	2925	0.3049
211b34f8-8871-4111-aa1f-a7f838409fa3	1	165581100	175060411	6243	0.2639
211b34f8-8871-4111-aa1f-a7f838409fa3	1	175060796	179032550	2221	0.3216
211b34f8-8871-4111-aa1f-a7f838409fa3	1	179034034	179428118	363	0.1789
211b34f8-8871-4111-aa1f-a7f838409fa3	1	179430769	199873395	12287	0.2939
211b34f8-8871-4111-aa1f-a7f838409fa3	1	199873880	207415682	4761	0.2448
211b34f8-8871-4111-aa1f-a7f838409fa3	1	207418177	211356702	2882	0.3006
211b34f8-8871-4111-aa1f-a7f838409fa3	1	211359685	213369363	1189	0.2256
211b34f8-8871-4111-aa1f-a7f838409fa3	1	213369970	223670024	6870	0.3079
211b34f8-8871-4111-aa1f-a7f838409fa3	1	223670256	227871607	2417	0.238
211b34f8-8871-4111-aa1f-a7f838409fa3	1	227877095	227879052	2	-1.4079
211b34f8-8871-4111-aa1f-a7f838409fa3	1	227880408	230164999	1261	0.2455
211b34f8-8871-4111-aa1f-a7f838409fa3	1	230166065	235085097	3557	0.2887
211b34f8-8871-4111-aa1f-a7f838409fa3	1	235100678	235915030	377	0.1653
211b34f8-8871-4111-aa1f-a7f838409fa3	1	235916192	237803702	1485	0.2696
211b34f8-8871-4111-aa1f-a7f838409fa3	1	237808224	241411122	2781	0.3243
211b34f8-8871-4111-aa1f-a7f838409fa3	1	241413626	247650984	3200	0.2679
211b34f8-8871-4111-aa1f-a7f838409fa3	2	480597	2413614	512	0.2605
211b34f8-8871-4111-aa1f-a7f838409fa3	2	2413875	2420723	3	-0.9268
211b34f8-8871-4111-aa1f-a7f838409fa3	2	2422183	8447333	4357	0.2843
211b34f8-8871-4111-aa1f-a7f838409fa3	2	8448669	10891712	1664	0.228
211b34f8-8871-4111-aa1f-a7f838409fa3	2	10893454	23796767	8607	0.2874
211b34f8-8871-4111-aa1f-a7f838409fa3	2	23796923	28299817	2032	0.1978
211b34f8-8871-4111-aa1f-a7f838409fa3	2	28300967	41873232	7461	0.2739
211b34f8-8871-4111-aa1f-a7f838409fa3	2	41873398	48540037	4276	0.2371
211b34f8-8871-4111-aa1f-a7f838409fa3	2	48540119	60636878	6717	0.2835
211b34f8-8871-4111-aa1f-a7f838409fa3	2	60637137	62524484	895	0.1945
211b34f8-8871-4111-aa1f-a7f838409fa3	2	62526941	69354856	4112	0.2748
211b34f8-8871-4111-aa1f-a7f838409fa3	2	69355763	70005995	387	0.2034
211b34f8-8871-4111-aa1f-a7f838409fa3	2	70008901	70010966	4	-0.7356
211b34f8-8871-4111-aa1f-a7f838409fa3	2	70012601	75044041	2699	0.24
211b34f8-8871-4111-aa1f-a7f838409fa3	2	75044669	84633345	5181	0.2896
211b34f8-8871-4111-aa1f-a7f838409fa3	2	84634112	98112044	2397	0.212
211b34f8-8871-4111-aa1f-a7f838409fa3	2	98114352	98361291	182	0.2722
211b34f8-8871-4111-aa1f-a7f838409fa3	2	98372599	99129995	385	-0.5934
211b34f8-8871-4111-aa1f-a7f838409fa3	2	99152747	100657988	906	0.2353
211b34f8-8871-4111-aa1f-a7f838409fa3	2	100658271	129770465	15375	-0.5708
211b34f8-8871-4111-aa1f-a7f838409fa3	2	129772834	130873920	220	0.2237
211b34f8-8871-4111-aa1f-a7f838409fa3	2	130874668	133123961	751	-0.5503
211b34f8-8871-4111-aa1f-a7f838409fa3	2	133125819	133728551	307	0.295
211b34f8-8871-4111-aa1f-a7f838409fa3	2	133732353	134263501	435	-0.5932
211b34f8-8871-4111-aa1f-a7f838409fa3	2	134264757	135227531	568	0.2624
211b34f8-8871-4111-aa1f-a7f838409fa3	2	135238828	136460039	641	-0.5678
211b34f8-8871-4111-aa1f-a7f838409fa3	2	136463041	200731053	35770	0.2852
211b34f8-8871-4111-aa1f-a7f838409fa3	2	200731179	203768352	1356	0.2189
211b34f8-8871-4111-aa1f-a7f838409fa3	2	203768433	218087475	8942	0.2872
211b34f8-8871-4111-aa1f-a7f838409fa3	2	218088055	219610862	723	0.1968
211b34f8-8871-4111-aa1f-a7f838409fa3	2	219620649	230170151	6705	0.2917
211b34f8-8871-4111-aa1f-a7f838409fa3	2	230170533	234459176	2393	0.2246
211b34f8-8871-4111-aa1f-a7f838409fa3	2	234459925	237665428	2146	0.2781
211b34f8-8871-4111-aa1f-a7f838409fa3	2	237665783	241537572	2097	0.2243
211b34f8-8871-4111-aa1f-a7f838409fa3	3	2170634	10956977	5094	-0.5239
211b34f8-8871-4111-aa1f-a7f838409fa3	3	10957625	14944079	2659	-0.5995
211b34f8-8871-4111-aa1f-a7f838409fa3	3	14949082	197812401	98451	-0.5362
211b34f8-8871-4111-aa1f-a7f838409fa3	4	1059384	4332108	1242	0.2109
211b34f8-8871-4111-aa1f-a7f838409fa3	4	4332537	38839977	22222	0.2909
211b34f8-8871-4111-aa1f-a7f838409fa3	4	38840081	40903887	979	0.2065
211b34f8-8871-4111-aa1f-a7f838409fa3	4	40906122	53749234	4834	0.2944
211b34f8-8871-4111-aa1f-a7f838409fa3	4	53751523	57161942	2287	0.2412
211b34f8-8871-4111-aa1f-a7f838409fa3	4	57169186	118516202	34055	0.2986
211b34f8-8871-4111-aa1f-a7f838409fa3	4	118531880	118606176	27	0.1318
211b34f8-8871-4111-aa1f-a7f838409fa3	4	118606497	187842528	36945	-0.5353
211b34f8-8871-4111-aa1f-a7f838409fa3	5	913983	1379711	102	0.1902
211b34f8-8871-4111-aa1f-a7f838409fa3	5	1391046	67998976	36088	0.3081
211b34f8-8871-4111-aa1f-a7f838409fa3	5	67999079	82444556	7466	0.2749
211b34f8-8871-4111-aa1f-a7f838409fa3	5	82444701	130738327	26083	0.3151
211b34f8-8871-4111-aa1f-a7f838409fa3	5	130738526	135228998	2564	0.258
211b34f8-8871-4111-aa1f-a7f838409fa3	5	135230958	137813583	1813	0.3194
211b34f8-8871-4111-aa1f-a7f838409fa3	5	137815248	143629318	2983	0.2454
211b34f8-8871-4111-aa1f-a7f838409fa3	5	143629519	144267453	450	0.2953
211b34f8-8871-4111-aa1f-a7f838409fa3	5	144268307	148433450	2548	0.3432
211b34f8-8871-4111-aa1f-a7f838409fa3	5	148440362	175905543	18174	0.2991
211b34f8-8871-4111-aa1f-a7f838409fa3	5	175910383	180934240	2052	0.2285
211b34f8-8871-4111-aa1f-a7f838409fa3	6	1011760	14744035	9907	0.2802
211b34f8-8871-4111-aa1f-a7f838409fa3	6	14745175	18305196	2219	0.2303
211b34f8-8871-4111-aa1f-a7f838409fa3	6	18307412	24441616	4383	0.2876
211b34f8-8871-4111-aa1f-a7f838409fa3	6	24441760	39353591	6515	0.2264
211b34f8-8871-4111-aa1f-a7f838409fa3	6	39354098	41641482	1667	0.3023
211b34f8-8871-4111-aa1f-a7f838409fa3	6	41644846	44333469	1416	0.2083
211b34f8-8871-4111-aa1f-a7f838409fa3	6	44333605	104690912	31349	0.3028
211b34f8-8871-4111-aa1f-a7f838409fa3	6	104691306	111858435	4308	0.244
211b34f8-8871-4111-aa1f-a7f838409fa3	6	111858729	134507715	13226	0.3033
211b34f8-8871-4111-aa1f-a7f838409fa3	6	134511901	134580303	29	0.7549
211b34f8-8871-4111-aa1f-a7f838409fa3	6	134580804	134641165	41	0.3177
211b34f8-8871-4111-aa1f-a7f838409fa3	6	134641778	160351810	16262	0.2782
211b34f8-8871-4111-aa1f-a7f838409fa3	6	160351868	170596889	5082	0.3093
211b34f8-8871-4111-aa1f-a7f838409fa3	7	664936	7799746	2844	0.2321
211b34f8-8871-4111-aa1f-a7f838409fa3	7	7799814	7801792	2	-1.5308
211b34f8-8871-4111-aa1f-a7f838409fa3	7	7801930	7820405	18	0.3194
211b34f8-8871-4111-aa1f-a7f838409fa3	7	7820413	7820611	5	-0.3614
211b34f8-8871-4111-aa1f-a7f838409fa3	7	7820793	7841390	59	0.2632
211b34f8-8871-4111-aa1f-a7f838409fa3	7	7842257	55532206	29935	0.3048
211b34f8-8871-4111-aa1f-a7f838409fa3	7	55535058	72489794	4520	0.2646
211b34f8-8871-4111-aa1f-a7f838409fa3	7	72492806	76416723	934	0.179
211b34f8-8871-4111-aa1f-a7f838409fa3	7	76417007	98015259	11395	0.3228
211b34f8-8871-4111-aa1f-a7f838409fa3	7	98015811	103012462	1811	0.2079
211b34f8-8871-4111-aa1f-a7f838409fa3	7	103015022	105129294	1343	0.3146
211b34f8-8871-4111-aa1f-a7f838409fa3	7	105129939	106025812	499	0.2343
211b34f8-8871-4111-aa1f-a7f838409fa3	7	106025824	106144814	90	0.7951
211b34f8-8871-4111-aa1f-a7f838409fa3	7	106147152	108353673	1192	0.2884
211b34f8-8871-4111-aa1f-a7f838409fa3	7	108353855	127578161	10253	0.3169
211b34f8-8871-4111-aa1f-a7f838409fa3	7	127578847	131261276	1756	0.2347
211b34f8-8871-4111-aa1f-a7f838409fa3	7	131261876	138008002	4243	0.3087
211b34f8-8871-4111-aa1f-a7f838409fa3	7	138008142	141525152	2027	0.2446
211b34f8-8871-4111-aa1f-a7f838409fa3	7	141525908	148593144	3444	0.3147
211b34f8-8871-4111-aa1f-a7f838409fa3	7	148601802	152896083	1943	0.2419
211b34f8-8871-4111-aa1f-a7f838409fa3	7	152897290	152911221	14	-0.7223
211b34f8-8871-4111-aa1f-a7f838409fa3	7	152916278	158592540	3045	0.2833
211b34f8-8871-4111-aa1f-a7f838409fa3	8	667625	60926293	32961	-0.557
211b34f8-8871-4111-aa1f-a7f838409fa3	8	60926396	122562554	34959	-0.5296
211b34f8-8871-4111-aa1f-a7f838409fa3	8	122562578	144182542	13532	-0.5482
211b34f8-8871-4111-aa1f-a7f838409fa3	9	789794	33248770	20145	0.2867
211b34f8-8871-4111-aa1f-a7f838409fa3	9	33249555	35450635	1124	0.2093
211b34f8-8871-4111-aa1f-a7f838409fa3	9	35466067	35743281	133	0.7592
211b34f8-8871-4111-aa1f-a7f838409fa3	9	35751953	38124276	1457	0.2174
211b34f8-8871-4111-aa1f-a7f838409fa3	9	38128426	91526040	16564	0.2802
211b34f8-8871-4111-aa1f-a7f838409fa3	9	91526467	98081589	3806	0.2361
211b34f8-8871-4111-aa1f-a7f838409fa3	9	98081916	101995103	2578	0.2848
211b34f8-8871-4111-aa1f-a7f838409fa3	9	102227112	102228112	4	-1.1289
211b34f8-8871-4111-aa1f-a7f838409fa3	9	102231233	109329225	4799	0.2888
211b34f8-8871-4111-aa1f-a7f838409fa3	9	109335111	109370803	25	0.7787
211b34f8-8871-4111-aa1f-a7f838409fa3	9	109371997	114954403	3761	0.2681
211b34f8-8871-4111-aa1f-a7f838409fa3	9	114956966	120407440	4129	0.3172
211b34f8-8871-4111-aa1f-a7f838409fa3	9	120407793	123679118	1971	0.2554
211b34f8-8871-4111-aa1f-a7f838409fa3	9	123682972	138044505	7439	0.2153
211b34f8-8871-4111-aa1f-a7f838409fa3	10	366509	45458319	27990	0.264
211b34f8-8871-4111-aa1f-a7f838409fa3	10	45464552	60784751	7804	0.3152
211b34f8-8871-4111-aa1f-a7f838409fa3	10	60785100	67903944	4011	0.2829
211b34f8-8871-4111-aa1f-a7f838409fa3	10	67905034	69349942	797	0.1931
211b34f8-8871-4111-aa1f-a7f838409fa3	10	69353087	72004751	1914	0.2606
211b34f8-8871-4111-aa1f-a7f838409fa3	10	72009047	72541008	248	0.7191
211b34f8-8871-4111-aa1f-a7f838409fa3	10	72542410	75383864	1223	0.1947
211b34f8-8871-4111-aa1f-a7f838409fa3	10	75384237	77634481	1708	0.303
211b34f8-8871-4111-aa1f-a7f838409fa3	10	77640188	77672722	26	0.7884
211b34f8-8871-4111-aa1f-a7f838409fa3	10	77673339	87535614	6157	0.2938
211b34f8-8871-4111-aa1f-a7f838409fa3	10	87536201	87727515	146	0.7606
211b34f8-8871-4111-aa1f-a7f838409fa3	10	87732996	99721344	7353	0.2659
211b34f8-8871-4111-aa1f-a7f838409fa3	10	99725276	103522907	1793	0.2044
211b34f8-8871-4111-aa1f-a7f838409fa3	10	103523317	132183527	19221	0.2756
211b34f8-8871-4111-aa1f-a7f838409fa3	10	132188644	132652659	168	0.7515
211b34f8-8871-4111-aa1f-a7f838409fa3	10	132662290	133411599	141	0.2262
211b34f8-8871-4111-aa1f-a7f838409fa3	11	456012	1922972	407	-0.6269
211b34f8-8871-4111-aa1f-a7f838409fa3	11	1932597	1933335	2	1.6589
211b34f8-8871-4111-aa1f-a7f838409fa3	11	1934874	3817680	694	-0.5904
211b34f8-8871-4111-aa1f-a7f838409fa3	11	3818713	20583697	11651	-0.5344
211b34f8-8871-4111-aa1f-a7f838409fa3	11	20584119	20584437	2	-3.4239
211b34f8-8871-4111-aa1f-a7f838409fa3	11	20584911	23226631	1884	-0.535
211b34f8-8871-4111-aa1f-a7f838409fa3	11	23228767	31750239	5165	-0.4852
211b34f8-8871-4111-aa1f-a7f838409fa3	11	31751629	36214397	3194	-0.5521
211b34f8-8871-4111-aa1f-a7f838409fa3	11	36215767	43231377	4031	-0.4947
211b34f8-8871-4111-aa1f-a7f838409fa3	11	43233074	60381860	5675	-0.548
211b34f8-8871-4111-aa1f-a7f838409fa3	11	60383025	73150843	5271	-0.5933
211b34f8-8871-4111-aa1f-a7f838409fa3	11	73151523	73296391	95	0.2542
211b34f8-8871-4111-aa1f-a7f838409fa3	11	73303810	78798673	2958	-0.5738
211b34f8-8871-4111-aa1f-a7f838409fa3	11	78798888	111355391	20099	-0.5017
211b34f8-8871-4111-aa1f-a7f838409fa3	11	111355740	134272740	15690	-0.5532
211b34f8-8871-4111-aa1f-a7f838409fa3	12	780472	15943563	8534	-0.5692
211b34f8-8871-4111-aa1f-a7f838409fa3	12	15949872	21441920	3308	-0.503
211b34f8-8871-4111-aa1f-a7f838409fa3	12	21442202	25434741	2586	-0.5467
211b34f8-8871-4111-aa1f-a7f838409fa3	12	25437666	31048783	3828	0.2866
211b34f8-8871-4111-aa1f-a7f838409fa3	12	31049347	32837817	1005	0.1907
211b34f8-8871-4111-aa1f-a7f838409fa3	12	32838396	48650017	5733	0.2776
211b34f8-8871-4111-aa1f-a7f838409fa3	12	48650501	51604906	1377	0.1837
211b34f8-8871-4111-aa1f-a7f838409fa3	12	51605520	55673554	2261	0.2612
211b34f8-8871-4111-aa1f-a7f838409fa3	12	55675389	57572289	853	0.1942
211b34f8-8871-4111-aa1f-a7f838409fa3	12	57574932	92930627	21339	0.2935
211b34f8-8871-4111-aa1f-a7f838409fa3	12	92935233	96720387	2523	0.2408
211b34f8-8871-4111-aa1f-a7f838409fa3	12	96720453	108929622	7983	0.2835
211b34f8-8871-4111-aa1f-a7f838409fa3	12	108929858	112686941	1762	0.1844
211b34f8-8871-4111-aa1f-a7f838409fa3	12	112687470	120036306	4808	0.2783
211b34f8-8871-4111-aa1f-a7f838409fa3	12	120036389	123976156	1722	0.1649
211b34f8-8871-4111-aa1f-a7f838409fa3	12	123976280	124627777	409	0.2619
211b34f8-8871-4111-aa1f-a7f838409fa3	12	124629845	124693206	52	0.843
211b34f8-8871-4111-aa1f-a7f838409fa3	12	124694273	125338888	418	0.2392
211b34f8-8871-4111-aa1f-a7f838409fa3	12	125339402	127543789	1589	0.3243
211b34f8-8871-4111-aa1f-a7f838409fa3	12	127544514	132605822	1680	0.2652
211b34f8-8871-4111-aa1f-a7f838409fa3	13	18874255	19044164	110	-0.5423
211b34f8-8871-4111-aa1f-a7f838409fa3	13	19048003	19049573	3	-2.3504
211b34f8-8871-4111-aa1f-a7f838409fa3	13	19051012	53807093	20819	-0.5454
211b34f8-8871-4111-aa1f-a7f838409fa3	13	53807113	71665793	8656	-0.5002
211b34f8-8871-4111-aa1f-a7f838409fa3	13	71672037	78265850	4448	-0.5399
211b34f8-8871-4111-aa1f-a7f838409fa3	13	78273320	78276076	3	-2.0659
211b34f8-8871-4111-aa1f-a7f838409fa3	13	78277956	84348615	3533	-0.508
211b34f8-8871-4111-aa1f-a7f838409fa3	13	84349570	84351437	2	-4.1608
211b34f8-8871-4111-aa1f-a7f838409fa3	13	84351461	97830161	8044	-0.51
211b34f8-8871-4111-aa1f-a7f838409fa3	13	97832007	100794295	1880	-0.595
211b34f8-8871-4111-aa1f-a7f838409fa3	13	100794636	109735576	6469	-0.5289
211b34f8-8871-4111-aa1f-a7f838409fa3	13	109741791	114226675	2404	-0.6
211b34f8-8871-4111-aa1f-a7f838409fa3	14	20033191	24325234	1649	0.2468
211b34f8-8871-4111-aa1f-a7f838409fa3	14	24326289	34484221	6241	0.3025
211b34f8-8871-4111-aa1f-a7f838409fa3	14	34488227	35976039	596	0.1952
211b34f8-8871-4111-aa1f-a7f838409fa3	14	35979182	63281309	15349	0.2963
211b34f8-8871-4111-aa1f-a7f838409fa3	14	63282179	65528231	1361	0.2152
211b34f8-8871-4111-aa1f-a7f838409fa3	14	65529609	72752744	4273	0.2679
211b34f8-8871-4111-aa1f-a7f838409fa3	14	72752961	78166778	3286	0.2282
211b34f8-8871-4111-aa1f-a7f838409fa3	14	78166883	89458489	7055	0.3073
211b34f8-8871-4111-aa1f-a7f838409fa3	14	89460167	94223870	2875	0.2282
211b34f8-8871-4111-aa1f-a7f838409fa3	14	94227484	100010980	4320	0.2773
211b34f8-8871-4111-aa1f-a7f838409fa3	14	100013401	100532946	252	0.2137
211b34f8-8871-4111-aa1f-a7f838409fa3	14	100547818	100633165	37	0.8215
211b34f8-8871-4111-aa1f-a7f838409fa3	14	100639908	105533894	2092	0.224
211b34f8-8871-4111-aa1f-a7f838409fa3	15	23437561	40447674	8525	0.2712
211b34f8-8871-4111-aa1f-a7f838409fa3	15	40447764	44601185	1824	0.1841
211b34f8-8871-4111-aa1f-a7f838409fa3	15	44604326	45714603	447	0.2332
211b34f8-8871-4111-aa1f-a7f838409fa3	15	45717081	48924526	2148	0.3109
211b34f8-8871-4111-aa1f-a7f838409fa3	15	48924770	63099841	9441	0.2627
211b34f8-8871-4111-aa1f-a7f838409fa3	15	63101728	78997095	8626	0.2276
211b34f8-8871-4111-aa1f-a7f838409fa3	15	78998258	89817527	6388	0.2642
211b34f8-8871-4111-aa1f-a7f838409fa3	15	89817932	90720309	474	0.1642
211b34f8-8871-4111-aa1f-a7f838409fa3	15	90720837	101344124	6570	0.2725
211b34f8-8871-4111-aa1f-a7f838409fa3	16	603333	5293635	1771	0.1876
211b34f8-8871-4111-aa1f-a7f838409fa3	16	5296529	7392493	1058	0.3006
211b34f8-8871-4111-aa1f-a7f838409fa3	16	7395793	7680628	332	-0.6053
211b34f8-8871-4111-aa1f-a7f838409fa3	16	7681387	10063224	1714	0.2857
211b34f8-8871-4111-aa1f-a7f838409fa3	16	10063328	47841710	9591	0.2306
211b34f8-8871-4111-aa1f-a7f838409fa3	16	47846150	53259845	3684	0.2742
211b34f8-8871-4111-aa1f-a7f838409fa3	16	53264277	58802860	3797	-0.5724
211b34f8-8871-4111-aa1f-a7f838409fa3	16	58803007	66168866	4846	-0.5295
211b34f8-8871-4111-aa1f-a7f838409fa3	16	66169041	70716337	1970	-0.6011
211b34f8-8871-4111-aa1f-a7f838409fa3	16	70719293	75961910	2706	0.264
211b34f8-8871-4111-aa1f-a7f838409fa3	16	75962058	83752905	6739	0.295
211b34f8-8871-4111-aa1f-a7f838409fa3	16	83753004	89317317	2696	0.2423
211b34f8-8871-4111-aa1f-a7f838409fa3	17	1074619	1300323	30	-0.5212
211b34f8-8871-4111-aa1f-a7f838409fa3	17	1301570	1302748	2	-2.6854
211b34f8-8871-4111-aa1f-a7f838409fa3	17	1306453	10473827	4801	-0.6397
211b34f8-8871-4111-aa1f-a7f838409fa3	17	10474692	16905619	3084	-0.5717
211b34f8-8871-4111-aa1f-a7f838409fa3	17	16910680	17450979	346	-0.6397
211b34f8-8871-4111-aa1f-a7f838409fa3	17	17452240	17452275	2	-3.0513
211b34f8-8871-4111-aa1f-a7f838409fa3	17	17452699	51206479	11857	-0.6143
211b34f8-8871-4111-aa1f-a7f838409fa3	17	51207382	53967094	1496	-0.5368
211b34f8-8871-4111-aa1f-a7f838409fa3	17	53969958	53970402	4	-2.639
211b34f8-8871-4111-aa1f-a7f838409fa3	17	53973125	57690562	2687	-0.5637
211b34f8-8871-4111-aa1f-a7f838409fa3	17	57696487	57829756	123	0.1905
211b34f8-8871-4111-aa1f-a7f838409fa3	17	57831175	66258467	4026	-0.5911
211b34f8-8871-4111-aa1f-a7f838409fa3	17	66262739	66262794	2	-2.4448
211b34f8-8871-4111-aa1f-a7f838409fa3	17	66263211	75713473	5557	-0.5861
211b34f8-8871-4111-aa1f-a7f838409fa3	17	75717916	75778162	13	0.5621
211b34f8-8871-4111-aa1f-a7f838409fa3	17	75785739	82959812	2961	-0.6463
211b34f8-8871-4111-aa1f-a7f838409fa3	18	326691	79349796	42552	-0.5563
211b34f8-8871-4111-aa1f-a7f838409fa3	19	283868	538487	55	0.6859
211b34f8-8871-4111-aa1f-a7f838409fa3	19	547973	21528153	7889	0.1685
211b34f8-8871-4111-aa1f-a7f838409fa3	19	21534501	32500913	4556	0.2588
211b34f8-8871-4111-aa1f-a7f838409fa3	19	32501271	37143642	2655	0.1817
211b34f8-8871-4111-aa1f-a7f838409fa3	19	37161671	37182875	12	-0.6612
211b34f8-8871-4111-aa1f-a7f838409fa3	19	37194288	58370362	8884	0.1857
211b34f8-8871-4111-aa1f-a7f838409fa3	20	472817	6119441	3356	-0.598
211b34f8-8871-4111-aa1f-a7f838409fa3	20	6119457	6941399	655	-0.5125
211b34f8-8871-4111-aa1f-a7f838409fa3	20	6942029	6942889	5	-2.0275
211b34f8-8871-4111-aa1f-a7f838409fa3	20	6945020	14026542	4628	-0.5232
211b34f8-8871-4111-aa1f-a7f838409fa3	20	14027057	14214001	96	-2.8052
211b34f8-8871-4111-aa1f-a7f838409fa3	20	14221275	17451688	2278	-0.5189
211b34f8-8871-4111-aa1f-a7f838409fa3	20	17452434	17453641	3	-2.7862
211b34f8-8871-4111-aa1f-a7f838409fa3	20	17454617	26215232	5784	-0.5505
211b34f8-8871-4111-aa1f-a7f838409fa3	20	26215250	36207231	2369	0.2067
211b34f8-8871-4111-aa1f-a7f838409fa3	20	36207450	36727217	185	1.0882
211b34f8-8871-4111-aa1f-a7f838409fa3	20	36734233	37093618	254	0.1367
211b34f8-8871-4111-aa1f-a7f838409fa3	20	37093952	48840477	7835	0.2686
211b34f8-8871-4111-aa1f-a7f838409fa3	20	48844158	52044359	1924	0.2128
211b34f8-8871-4111-aa1f-a7f838409fa3	20	52044452	63588502	7910	0.2788
211b34f8-8871-4111-aa1f-a7f838409fa3	21	13974127	15390824	951	0.2396
211b34f8-8871-4111-aa1f-a7f838409fa3	21	15392769	31431072	10158	0.2704
211b34f8-8871-4111-aa1f-a7f838409fa3	21	31431723	37681538	3975	0.215
211b34f8-8871-4111-aa1f-a7f838409fa3	21	37681559	41108014	2772	0.2615
211b34f8-8871-4111-aa1f-a7f838409fa3	21	41108101	46262057	2590	0.2078
211b34f8-8871-4111-aa1f-a7f838409fa3	22	16934932	25223300	1697	0.1979
211b34f8-8871-4111-aa1f-a7f838409fa3	22	25223372	28298222	2430	0.2659
211b34f8-8871-4111-aa1f-a7f838409fa3	22	28298419	28299046	2	-1.2939
211b34f8-8871-4111-aa1f-a7f838409fa3	22	28308902	28584475	132	0.2462
211b34f8-8871-4111-aa1f-a7f838409fa3	22	28584879	32066518	1872	0.1798
211b34f8-8871-4111-aa1f-a7f838409fa3	22	32067096	36832559	3549	0.26
211b34f8-8871-4111-aa1f-a7f838409fa3	22	36833264	42380962	2740	0.1727
211b34f8-8871-4111-aa1f-a7f838409fa3	22	42385617	42874741	152	0.6705
211b34f8-8871-4111-aa1f-a7f838409fa3	22	42883620	48940621	4434	0.2368
211b34f8-8871-4111-aa1f-a7f838409fa3	X	3236359	13853883	3970	-0.0161
211b34f8-8871-4111-aa1f-a7f838409fa3	X	13854162	13854349	2	-3.9464
211b34f8-8871-4111-aa1f-a7f838409fa3	X	13856180	152674889	58942	0.0019
211b34f8-8871-4111-aa1f-a7f838409fa3	X	153434224	153442410	11	1.325
211b34f8-8871-4111-aa1f-a7f838409fa3	X	153447695	155677414	380	-0.0385
