GDC_Aliquot	Chromosome	Start	End	Num_Probes	Segment_Mean
7293f226-7455-428c-b603-9050a23c9742	1	3301765	119984772	68051	-0.2971
7293f226-7455-428c-b603-9050a23c9742	1	146716041	197788606	29289	0.0862
7293f226-7455-428c-b603-9050a23c9742	1	197788716	197799377	4	-1.3311
7293f226-7455-428c-b603-9050a23c9742	1	197800410	235000085	24359	0.0838
7293f226-7455-428c-b603-9050a23c9742	1	235002601	242518719	5440	0.0578
7293f226-7455-428c-b603-9050a23c9742	1	242527633	247650984	2469	0.0874
7293f226-7455-428c-b603-9050a23c9742	2	480597	27756124	16988	-0.2822
7293f226-7455-428c-b603-9050a23c9742	2	27759200	42097916	7982	-0.1423
7293f226-7455-428c-b603-9050a23c9742	2	42102189	42102571	2	-1.8774
7293f226-7455-428c-b603-9050a23c9742	2	42108045	42972426	509	-0.1245
7293f226-7455-428c-b603-9050a23c9742	2	42972967	42977972	5	-2.143
7293f226-7455-428c-b603-9050a23c9742	2	42978295	88826790	25223	-0.1399
7293f226-7455-428c-b603-9050a23c9742	2	88828606	119287958	12352	-0.262
7293f226-7455-428c-b603-9050a23c9742	2	119288886	119293268	5	-1.8696
7293f226-7455-428c-b603-9050a23c9742	2	119293573	186928271	37510	-0.2636
7293f226-7455-428c-b603-9050a23c9742	2	186930938	186936827	5	-2.6905
7293f226-7455-428c-b603-9050a23c9742	2	186937417	241537572	31445	-0.2624
7293f226-7455-428c-b603-9050a23c9742	3	2170634	115353841	62861	-0.2974
7293f226-7455-428c-b603-9050a23c9742	3	115358873	115695341	240	-0.5309
7293f226-7455-428c-b603-9050a23c9742	3	115697915	115780731	41	-0.7571
7293f226-7455-428c-b603-9050a23c9742	3	115782102	115971587	127	-1.6429
7293f226-7455-428c-b603-9050a23c9742	3	115972581	116107926	79	-0.696
7293f226-7455-428c-b603-9050a23c9742	3	116114328	116284435	120	-0.9655
7293f226-7455-428c-b603-9050a23c9742	3	116288823	116503703	182	-0.7012
7293f226-7455-428c-b603-9050a23c9742	3	116510764	116567006	51	-1.5614
7293f226-7455-428c-b603-9050a23c9742	3	116568022	116693351	67	-0.6246
7293f226-7455-428c-b603-9050a23c9742	3	116696625	116759422	81	-0.3818
7293f226-7455-428c-b603-9050a23c9742	3	116761771	116934642	153	-1.5394
7293f226-7455-428c-b603-9050a23c9742	3	116935054	117180786	208	-0.3771
7293f226-7455-428c-b603-9050a23c9742	3	117180939	117181002	2	-1.7607
7293f226-7455-428c-b603-9050a23c9742	3	117181015	136413440	11108	-0.2931
7293f226-7455-428c-b603-9050a23c9742	3	136413863	136413881	2	-2.2807
7293f226-7455-428c-b603-9050a23c9742	3	136423577	197812401	31700	-0.2996
7293f226-7455-428c-b603-9050a23c9742	4	1059384	5951279	2506	0.3426
7293f226-7455-428c-b603-9050a23c9742	4	5956762	10473656	2444	0.3911
7293f226-7455-428c-b603-9050a23c9742	4	10476411	54249536	24836	0.3382
7293f226-7455-428c-b603-9050a23c9742	4	54249538	54249593	5	-0.5874
7293f226-7455-428c-b603-9050a23c9742	4	54254390	176244494	67931	0.3406
7293f226-7455-428c-b603-9050a23c9742	4	176245057	176457195	125	0.1459
7293f226-7455-428c-b603-9050a23c9742	4	176461413	180604429	2329	0.3252
7293f226-7455-428c-b603-9050a23c9742	4	181157671	181184688	24	-1.5273
7293f226-7455-428c-b603-9050a23c9742	4	181186720	181216168	29	-0.3964
7293f226-7455-428c-b603-9050a23c9742	4	181223571	181442228	178	0.2267
7293f226-7455-428c-b603-9050a23c9742	4	181446916	181536650	85	-0.3798
7293f226-7455-428c-b603-9050a23c9742	4	181540630	181714136	108	0.2109
7293f226-7455-428c-b603-9050a23c9742	4	181716437	182231650	449	-0.6978
7293f226-7455-428c-b603-9050a23c9742	4	182235423	182614883	284	-0.9174
7293f226-7455-428c-b603-9050a23c9742	4	183286625	187842528	2084	0.1351
7293f226-7455-428c-b603-9050a23c9742	5	913983	1325688	73	0.3724
7293f226-7455-428c-b603-9050a23c9742	5	1340343	16054065	9902	-0.3187
7293f226-7455-428c-b603-9050a23c9742	5	16057788	16067901	11	0.5102
7293f226-7455-428c-b603-9050a23c9742	5	16068846	21393015	2722	-0.327
7293f226-7455-428c-b603-9050a23c9742	5	21581370	25419798	2030	0.3861
7293f226-7455-428c-b603-9050a23c9742	5	25419878	27159202	1022	0.3412
7293f226-7455-428c-b603-9050a23c9742	5	27161106	56863100	14162	0.3996
7293f226-7455-428c-b603-9050a23c9742	5	56865960	58401075	964	0.2954
7293f226-7455-428c-b603-9050a23c9742	5	58401752	59324091	640	0.396
7293f226-7455-428c-b603-9050a23c9742	5	59324614	59613428	243	0.5186
7293f226-7455-428c-b603-9050a23c9742	5	59616225	60614493	520	0.4194
7293f226-7455-428c-b603-9050a23c9742	5	60620939	66930913	3348	0.3064
7293f226-7455-428c-b603-9050a23c9742	5	66931368	67176424	178	0.4334
7293f226-7455-428c-b603-9050a23c9742	5	67177264	71815851	1722	0.3145
7293f226-7455-428c-b603-9050a23c9742	5	71815952	73944378	1353	0.365
7293f226-7455-428c-b603-9050a23c9742	5	73946178	82257996	4977	0.7804
7293f226-7455-428c-b603-9050a23c9742	5	82259348	98860533	8741	0.355
7293f226-7455-428c-b603-9050a23c9742	5	98861179	101200222	539	-0.3117
7293f226-7455-428c-b603-9050a23c9742	5	101206410	101251396	41	0.3685
7293f226-7455-428c-b603-9050a23c9742	5	101255000	102062145	295	-0.3123
7293f226-7455-428c-b603-9050a23c9742	5	102062266	102078675	14	0.3217
7293f226-7455-428c-b603-9050a23c9742	5	102084518	105448701	1720	-0.3053
7293f226-7455-428c-b603-9050a23c9742	5	105453745	105881803	217	0.341
7293f226-7455-428c-b603-9050a23c9742	5	105882445	110067008	2421	-0.2945
7293f226-7455-428c-b603-9050a23c9742	5	110075257	110104544	46	0.3056
7293f226-7455-428c-b603-9050a23c9742	5	110108917	110156906	14	-0.4745
7293f226-7455-428c-b603-9050a23c9742	5	110158513	110592572	204	0.3533
7293f226-7455-428c-b603-9050a23c9742	5	110595787	112924706	1654	-0.3046
7293f226-7455-428c-b603-9050a23c9742	5	112948526	113876628	610	0.3654
7293f226-7455-428c-b603-9050a23c9742	5	113879548	114562211	502	0.7928
7293f226-7455-428c-b603-9050a23c9742	5	114562504	133227039	10622	0.3551
7293f226-7455-428c-b603-9050a23c9742	5	133227063	133916083	633	0.4299
7293f226-7455-428c-b603-9050a23c9742	5	133916642	134393138	250	0.3497
7293f226-7455-428c-b603-9050a23c9742	5	134393373	134522017	65	0.7286
7293f226-7455-428c-b603-9050a23c9742	5	134528909	180934240	28578	0.3565
7293f226-7455-428c-b603-9050a23c9742	6	1011760	156915429	89823	-0.3056
7293f226-7455-428c-b603-9050a23c9742	6	156916971	157124865	141	-1.6463
7293f226-7455-428c-b603-9050a23c9742	6	157128553	170596889	7036	-0.314
7293f226-7455-428c-b603-9050a23c9742	7	664936	24402867	12745	0.3305
7293f226-7455-428c-b603-9050a23c9742	7	24403212	31693122	4693	0.3579
7293f226-7455-428c-b603-9050a23c9742	7	31695649	55613061	15692	0.3342
7293f226-7455-428c-b603-9050a23c9742	7	55613605	75808367	5203	0.2828
7293f226-7455-428c-b603-9050a23c9742	7	75809445	107137504	16106	0.3276
7293f226-7455-428c-b603-9050a23c9742	7	107139939	107660793	245	0.2151
7293f226-7455-428c-b603-9050a23c9742	7	107664183	158592540	27227	0.3395
7293f226-7455-428c-b603-9050a23c9742	8	667625	29865606	17602	0.3423
7293f226-7455-428c-b603-9050a23c9742	8	29866419	57518556	13458	0.3237
7293f226-7455-428c-b603-9050a23c9742	8	57518798	144182542	51114	0.345
7293f226-7455-428c-b603-9050a23c9742	9	789794	104526867	47370	-0.3075
7293f226-7455-428c-b603-9050a23c9742	9	104529126	104530716	2	-2.1013
7293f226-7455-428c-b603-9050a23c9742	9	104531037	138044505	21002	-0.3037
7293f226-7455-428c-b603-9050a23c9742	10	366509	15073980	10748	0.3279
7293f226-7455-428c-b603-9050a23c9742	10	15075673	33119006	12242	0.3032
7293f226-7455-428c-b603-9050a23c9742	10	33119281	36406228	2085	0.324
7293f226-7455-428c-b603-9050a23c9742	10	36412016	53992663	6908	0.2694
7293f226-7455-428c-b603-9050a23c9742	10	53993065	54133529	123	-0.4063
7293f226-7455-428c-b603-9050a23c9742	10	54136056	54313321	131	0.2314
7293f226-7455-428c-b603-9050a23c9742	10	54313343	54487038	153	0.0793
7293f226-7455-428c-b603-9050a23c9742	10	54490611	54593756	74	-0.0867
7293f226-7455-428c-b603-9050a23c9742	10	54594358	54603291	10	0.1781
7293f226-7455-428c-b603-9050a23c9742	10	54606411	54715150	58	-0.5221
7293f226-7455-428c-b603-9050a23c9742	10	54715911	54758504	37	0.1702
7293f226-7455-428c-b603-9050a23c9742	10	54758835	54784128	20	0.6265
7293f226-7455-428c-b603-9050a23c9742	10	54784391	54947888	51	0.1726
7293f226-7455-428c-b603-9050a23c9742	10	54948114	55033119	52	0.6943
7293f226-7455-428c-b603-9050a23c9742	10	55034127	64396072	5590	0.2654
7293f226-7455-428c-b603-9050a23c9742	10	64396315	69437219	2672	0.227
7293f226-7455-428c-b603-9050a23c9742	10	69439138	80335280	6555	0.2834
7293f226-7455-428c-b603-9050a23c9742	10	80342191	109823974	18229	0.2561
7293f226-7455-428c-b603-9050a23c9742	10	109832219	133411599	15501	0.2706
7293f226-7455-428c-b603-9050a23c9742	11	456012	32436673	20569	-0.305
7293f226-7455-428c-b603-9050a23c9742	11	32437078	32442206	5	-1.6108
7293f226-7455-428c-b603-9050a23c9742	11	32443362	66226208	14674	-0.3038
7293f226-7455-428c-b603-9050a23c9742	11	66230101	134272740	42201	-0.1681
7293f226-7455-428c-b603-9050a23c9742	12	780472	7243138	3942	0.3675
7293f226-7455-428c-b603-9050a23c9742	12	7244811	25638754	10763	0.3361
7293f226-7455-428c-b603-9050a23c9742	12	25640178	30389203	3204	0.3575
7293f226-7455-428c-b603-9050a23c9742	12	30389516	39930491	2369	0.303
7293f226-7455-428c-b603-9050a23c9742	12	39930851	52169737	6591	0.3414
7293f226-7455-428c-b603-9050a23c9742	12	52169935	52738517	391	0.4279
7293f226-7455-428c-b603-9050a23c9742	12	52739228	75817732	13671	0.337
7293f226-7455-428c-b603-9050a23c9742	12	75817824	75818804	4	-1.0809
7293f226-7455-428c-b603-9050a23c9742	12	75819499	103010968	16787	0.3378
7293f226-7455-428c-b603-9050a23c9742	12	103023609	103023698	2	-1.1179
7293f226-7455-428c-b603-9050a23c9742	12	103026806	111324005	5202	0.3527
7293f226-7455-428c-b603-9050a23c9742	12	111329512	112474919	477	0.2599
7293f226-7455-428c-b603-9050a23c9742	12	112474935	132605822	10908	0.342
7293f226-7455-428c-b603-9050a23c9742	13	18874255	114226675	56880	-0.3052
7293f226-7455-428c-b603-9050a23c9742	14	20033191	105533894	49699	-0.2956
7293f226-7455-428c-b603-9050a23c9742	15	23437561	38688054	7393	0.3205
7293f226-7455-428c-b603-9050a23c9742	15	38688753	40559556	1277	0.3703
7293f226-7455-428c-b603-9050a23c9742	15	40564221	40904224	149	0.2827
7293f226-7455-428c-b603-9050a23c9742	15	40911967	40950096	19	0.838
7293f226-7455-428c-b603-9050a23c9742	15	40950670	50220016	4942	0.3238
7293f226-7455-428c-b603-9050a23c9742	15	50220062	50883001	332	0.2342
7293f226-7455-428c-b603-9050a23c9742	15	50884639	69513470	12145	0.3366
7293f226-7455-428c-b603-9050a23c9742	15	69517103	70667729	795	0.398
7293f226-7455-428c-b603-9050a23c9742	15	70667756	101344124	17715	0.3346
7293f226-7455-428c-b603-9050a23c9742	16	603333	5601840	2031	0.3252
7293f226-7455-428c-b603-9050a23c9742	16	5674292	6120718	407	-0.4097
7293f226-7455-428c-b603-9050a23c9742	16	6120734	6133266	19	-2.1121
7293f226-7455-428c-b603-9050a23c9742	16	6136395	6229305	83	-0.4499
7293f226-7455-428c-b603-9050a23c9742	16	6375599	31838978	11487	0.3088
7293f226-7455-428c-b603-9050a23c9742	16	31841585	47694191	466	-0.2971
7293f226-7455-428c-b603-9050a23c9742	16	47699230	48155253	225	0.3355
7293f226-7455-428c-b603-9050a23c9742	16	48158622	52686463	3163	-0.3246
7293f226-7455-428c-b603-9050a23c9742	16	52690336	54543983	1419	0.3049
7293f226-7455-428c-b603-9050a23c9742	16	54544416	68705266	8838	0.3401
7293f226-7455-428c-b603-9050a23c9742	16	68715760	73578998	2260	0.3149
7293f226-7455-428c-b603-9050a23c9742	16	73581976	79046658	3884	0.2795
7293f226-7455-428c-b603-9050a23c9742	16	79047305	89317317	6890	0.3142
7293f226-7455-428c-b603-9050a23c9742	17	1074619	9313470	4097	-0.3067
7293f226-7455-428c-b603-9050a23c9742	17	9315390	12991489	2574	-0.3375
7293f226-7455-428c-b603-9050a23c9742	17	12992498	12992667	3	-1.4769
7293f226-7455-428c-b603-9050a23c9742	17	12996146	16549673	1218	-0.3329
7293f226-7455-428c-b603-9050a23c9742	17	16549824	64952808	19915	-0.2981
7293f226-7455-428c-b603-9050a23c9742	17	64957704	65012365	30	0.3351
7293f226-7455-428c-b603-9050a23c9742	17	65018886	79954218	8289	-0.3058
7293f226-7455-428c-b603-9050a23c9742	17	79955666	79958162	2	-1.8653
7293f226-7455-428c-b603-9050a23c9742	17	79958635	82959812	1087	-0.2933
7293f226-7455-428c-b603-9050a23c9742	18	326691	23932633	9698	-0.306
7293f226-7455-428c-b603-9050a23c9742	18	23933031	23996578	29	0.269
7293f226-7455-428c-b603-9050a23c9742	18	23998024	79349796	33175	-0.3013
7293f226-7455-428c-b603-9050a23c9742	19	283868	58370362	24149	0.3037
7293f226-7455-428c-b603-9050a23c9742	20	472817	31812854	17219	0.2686
7293f226-7455-428c-b603-9050a23c9742	20	31814699	33352932	849	0.3586
7293f226-7455-428c-b603-9050a23c9742	20	33354441	37198280	1751	0.3066
7293f226-7455-428c-b603-9050a23c9742	20	37198506	63588502	17722	0.3511
7293f226-7455-428c-b603-9050a23c9742	21	13974127	16635875	1637	0.2964
7293f226-7455-428c-b603-9050a23c9742	21	16638768	33827576	11032	0.2729
7293f226-7455-428c-b603-9050a23c9742	21	33827632	46262057	7905	0.3003
7293f226-7455-428c-b603-9050a23c9742	22	16934932	28927735	4436	-0.3174
7293f226-7455-428c-b603-9050a23c9742	22	28929935	29063744	109	-1.5475
7293f226-7455-428c-b603-9050a23c9742	22	29069654	48940621	12508	-0.3069
7293f226-7455-428c-b603-9050a23c9742	X	3236359	46834905	19712	-0.0017
7293f226-7455-428c-b603-9050a23c9742	X	46840368	66009626	5300	-0.0372
7293f226-7455-428c-b603-9050a23c9742	X	66009904	66010572	2	2.5685
7293f226-7455-428c-b603-9050a23c9742	X	66010584	86254748	7918	-0.0369
7293f226-7455-428c-b603-9050a23c9742	X	86255517	130414455	19888	-0.0043
7293f226-7455-428c-b603-9050a23c9742	X	130417997	130418030	2	2.1902
7293f226-7455-428c-b603-9050a23c9742	X	130418935	137042559	2637	-0.0111
7293f226-7455-428c-b603-9050a23c9742	X	137043411	137043862	2	2.1266
7293f226-7455-428c-b603-9050a23c9742	X	137044953	155677414	8399	0.0113
