GDC_Aliquot	Chromosome	Start	End	Num_Probes	Segment_Mean
c17224a7-066f-4b0c-b43d-0a0e346c555a	1	3301765	7791826	2890	-0.2668
c17224a7-066f-4b0c-b43d-0a0e346c555a	1	7792057	7798075	3	-3.1303
c17224a7-066f-4b0c-b43d-0a0e346c555a	1	7799131	11676721	1858	-0.2927
c17224a7-066f-4b0c-b43d-0a0e346c555a	1	11686443	11794400	60	0.2394
c17224a7-066f-4b0c-b43d-0a0e346c555a	1	11794419	19438510	4138	-0.278
c17224a7-066f-4b0c-b43d-0a0e346c555a	1	19438624	19602110	108	0.2378
c17224a7-066f-4b0c-b43d-0a0e346c555a	1	19602247	22200660	1397	-0.2789
c17224a7-066f-4b0c-b43d-0a0e346c555a	1	22201914	22405766	140	0.261
c17224a7-066f-4b0c-b43d-0a0e346c555a	1	22406025	32638492	4891	-0.2757
c17224a7-066f-4b0c-b43d-0a0e346c555a	1	32641243	32848695	81	0.2042
c17224a7-066f-4b0c-b43d-0a0e346c555a	1	32857760	36128572	1810	-0.2718
c17224a7-066f-4b0c-b43d-0a0e346c555a	1	36128969	36349840	92	0.141
c17224a7-066f-4b0c-b43d-0a0e346c555a	1	36352400	70892173	20944	-0.2711
c17224a7-066f-4b0c-b43d-0a0e346c555a	1	70896789	109974774	22581	-0.3065
c17224a7-066f-4b0c-b43d-0a0e346c555a	1	109974995	110221006	154	0.2518
c17224a7-066f-4b0c-b43d-0a0e346c555a	1	110222156	110486946	189	-0.3342
c17224a7-066f-4b0c-b43d-0a0e346c555a	1	110488893	110489009	2	-3.3653
c17224a7-066f-4b0c-b43d-0a0e346c555a	1	110489048	119450861	5649	-0.2748
c17224a7-066f-4b0c-b43d-0a0e346c555a	1	119451153	119550155	100	0.1861
c17224a7-066f-4b0c-b43d-0a0e346c555a	1	119551502	183193315	20696	-0.2799
c17224a7-066f-4b0c-b43d-0a0e346c555a	1	183194579	183362725	133	0.1971
c17224a7-066f-4b0c-b43d-0a0e346c555a	1	183367124	211645880	17451	-0.2944
c17224a7-066f-4b0c-b43d-0a0e346c555a	1	211649382	211745135	73	0.2902
c17224a7-066f-4b0c-b43d-0a0e346c555a	1	211747218	247650984	22743	-0.2976
c17224a7-066f-4b0c-b43d-0a0e346c555a	2	480597	27623736	16723	-0.263
c17224a7-066f-4b0c-b43d-0a0e346c555a	2	27623778	27784960	65	0.2103
c17224a7-066f-4b0c-b43d-0a0e346c555a	2	27790185	38080184	5379	-0.2603
c17224a7-066f-4b0c-b43d-0a0e346c555a	2	38086554	38248980	150	0.3005
c17224a7-066f-4b0c-b43d-0a0e346c555a	2	38250144	38978174	419	-0.2882
c17224a7-066f-4b0c-b43d-0a0e346c555a	2	38978433	39263888	145	0.2245
c17224a7-066f-4b0c-b43d-0a0e346c555a	2	39266144	48289444	5729	-0.2704
c17224a7-066f-4b0c-b43d-0a0e346c555a	2	48292784	48416297	55	-1.015
c17224a7-066f-4b0c-b43d-0a0e346c555a	2	48417136	50425293	1244	-0.3027
c17224a7-066f-4b0c-b43d-0a0e346c555a	2	50426243	50495261	63	0.2393
c17224a7-066f-4b0c-b43d-0a0e346c555a	2	50496864	56263526	2826	-0.2776
c17224a7-066f-4b0c-b43d-0a0e346c555a	2	56263545	56264469	4	-2.9362
c17224a7-066f-4b0c-b43d-0a0e346c555a	2	56264564	164804281	53834	-0.2702
c17224a7-066f-4b0c-b43d-0a0e346c555a	2	164807476	165001537	94	0.1963
c17224a7-066f-4b0c-b43d-0a0e346c555a	2	165007296	223177638	32972	-0.2728
c17224a7-066f-4b0c-b43d-0a0e346c555a	2	223177651	223371681	135	0.2596
c17224a7-066f-4b0c-b43d-0a0e346c555a	2	223372963	231503112	4819	-0.275
c17224a7-066f-4b0c-b43d-0a0e346c555a	2	231504690	231720097	43	0.2353
c17224a7-066f-4b0c-b43d-0a0e346c555a	2	231731910	241537572	5844	-0.2438
c17224a7-066f-4b0c-b43d-0a0e346c555a	3	2170634	49064980	27210	-0.2974
c17224a7-066f-4b0c-b43d-0a0e346c555a	3	49075245	49279905	68	0.2471
c17224a7-066f-4b0c-b43d-0a0e346c555a	3	49280814	52175070	1147	-0.2902
c17224a7-066f-4b0c-b43d-0a0e346c555a	3	52176684	52176856	2	-2.4948
c17224a7-066f-4b0c-b43d-0a0e346c555a	3	52183209	52275363	36	-0.3117
c17224a7-066f-4b0c-b43d-0a0e346c555a	3	52286896	52629561	141	0.1946
c17224a7-066f-4b0c-b43d-0a0e346c555a	3	52635784	100989625	25567	-0.3092
c17224a7-066f-4b0c-b43d-0a0e346c555a	3	100989919	100990152	3	-2.6366
c17224a7-066f-4b0c-b43d-0a0e346c555a	3	100990705	139250069	21598	-0.2942
c17224a7-066f-4b0c-b43d-0a0e346c555a	3	139252188	139365699	77	0.1984
c17224a7-066f-4b0c-b43d-0a0e346c555a	3	139369043	197812401	30013	-0.3082
c17224a7-066f-4b0c-b43d-0a0e346c555a	4	1059384	56794530	31113	-0.3132
c17224a7-066f-4b0c-b43d-0a0e346c555a	4	56802075	87779307	17187	0.5549
c17224a7-066f-4b0c-b43d-0a0e346c555a	4	87783516	87784195	3	-2.2458
c17224a7-066f-4b0c-b43d-0a0e346c555a	4	87784676	120352312	18177	0.5532
c17224a7-066f-4b0c-b43d-0a0e346c555a	4	120355209	120355609	2	-1.8708
c17224a7-066f-4b0c-b43d-0a0e346c555a	4	120356237	121053520	434	0.5501
c17224a7-066f-4b0c-b43d-0a0e346c555a	4	121059316	121059483	2	-2.5931
c17224a7-066f-4b0c-b43d-0a0e346c555a	4	121060967	127341129	3443	0.5504
c17224a7-066f-4b0c-b43d-0a0e346c555a	4	127343396	127600258	104	0.1728
c17224a7-066f-4b0c-b43d-0a0e346c555a	4	127602057	180604429	28706	0.5528
c17224a7-066f-4b0c-b43d-0a0e346c555a	4	181157671	181216168	54	-0.2951
c17224a7-066f-4b0c-b43d-0a0e346c555a	4	181223571	181242754	13	-1.4023
c17224a7-066f-4b0c-b43d-0a0e346c555a	4	181244967	181496904	213	-0.3737
c17224a7-066f-4b0c-b43d-0a0e346c555a	4	181496947	181534871	30	0.3304
c17224a7-066f-4b0c-b43d-0a0e346c555a	4	181536057	181556233	21	-0.3439
c17224a7-066f-4b0c-b43d-0a0e346c555a	4	181559073	181821290	205	0.1791
c17224a7-066f-4b0c-b43d-0a0e346c555a	4	181830044	181863568	33	-0.4355
c17224a7-066f-4b0c-b43d-0a0e346c555a	4	181868461	181901179	31	-1.2635
c17224a7-066f-4b0c-b43d-0a0e346c555a	4	181902213	182310355	329	0.1786
c17224a7-066f-4b0c-b43d-0a0e346c555a	4	182311266	187842528	2286	0.6037
c17224a7-066f-4b0c-b43d-0a0e346c555a	5	913983	16614589	10319	0.616
c17224a7-066f-4b0c-b43d-0a0e346c555a	5	16621618	30868615	7332	0.5499
c17224a7-066f-4b0c-b43d-0a0e346c555a	5	30873645	33482060	1845	0.5877
c17224a7-066f-4b0c-b43d-0a0e346c555a	5	33482444	33669532	162	1.2105
c17224a7-066f-4b0c-b43d-0a0e346c555a	5	33677422	52676642	7283	0.5807
c17224a7-066f-4b0c-b43d-0a0e346c555a	5	52678465	52817148	126	0.8795
c17224a7-066f-4b0c-b43d-0a0e346c555a	5	52820923	72564274	10718	0.5902
c17224a7-066f-4b0c-b43d-0a0e346c555a	5	72567459	72707814	54	0.117
c17224a7-066f-4b0c-b43d-0a0e346c555a	5	72708749	76289308	2251	0.6052
c17224a7-066f-4b0c-b43d-0a0e346c555a	5	76295636	76531909	197	0.9442
c17224a7-066f-4b0c-b43d-0a0e346c555a	5	76620080	79113475	1534	0.6083
c17224a7-066f-4b0c-b43d-0a0e346c555a	5	79117336	81047622	1070	0.5585
c17224a7-066f-4b0c-b43d-0a0e346c555a	5	81047929	81049608	2	-2.1338
c17224a7-066f-4b0c-b43d-0a0e346c555a	5	81049783	98156773	8958	0.5662
c17224a7-066f-4b0c-b43d-0a0e346c555a	5	98157567	98165583	3	-1.3727
c17224a7-066f-4b0c-b43d-0a0e346c555a	5	98166807	131853041	18360	0.5767
c17224a7-066f-4b0c-b43d-0a0e346c555a	5	131854563	133962095	1387	0.6342
c17224a7-066f-4b0c-b43d-0a0e346c555a	5	133971415	134147584	102	0.8963
c17224a7-066f-4b0c-b43d-0a0e346c555a	5	134148515	134436376	137	0.5337
c17224a7-066f-4b0c-b43d-0a0e346c555a	5	134436621	134602473	102	0.8717
c17224a7-066f-4b0c-b43d-0a0e346c555a	5	134606802	136717770	1360	0.6206
c17224a7-066f-4b0c-b43d-0a0e346c555a	5	136718411	136872854	91	0.9133
c17224a7-066f-4b0c-b43d-0a0e346c555a	5	136881590	138237948	843	0.6192
c17224a7-066f-4b0c-b43d-0a0e346c555a	5	138238036	138674276	203	0.8616
c17224a7-066f-4b0c-b43d-0a0e346c555a	5	138676636	151613112	7769	0.6009
c17224a7-066f-4b0c-b43d-0a0e346c555a	5	151613290	151891364	182	0.8504
c17224a7-066f-4b0c-b43d-0a0e346c555a	5	151895721	159885453	5239	0.6104
c17224a7-066f-4b0c-b43d-0a0e346c555a	5	159886141	167673259	4837	0.5558
c17224a7-066f-4b0c-b43d-0a0e346c555a	5	167673507	179358031	7040	0.6305
c17224a7-066f-4b0c-b43d-0a0e346c555a	5	179362755	179373756	10	-0.2843
c17224a7-066f-4b0c-b43d-0a0e346c555a	5	179373929	180934240	746	0.5759
c17224a7-066f-4b0c-b43d-0a0e346c555a	6	1011760	30990477	18993	-0.2932
c17224a7-066f-4b0c-b43d-0a0e346c555a	6	30992490	31159013	95	0.3004
c17224a7-066f-4b0c-b43d-0a0e346c555a	6	31159167	36781295	2020	-0.2767
c17224a7-066f-4b0c-b43d-0a0e346c555a	6	36785528	37286204	328	0.1791
c17224a7-066f-4b0c-b43d-0a0e346c555a	6	37287139	44173995	4433	-0.2945
c17224a7-066f-4b0c-b43d-0a0e346c555a	6	44185123	44522070	202	0.2293
c17224a7-066f-4b0c-b43d-0a0e346c555a	6	44522377	117684905	38730	-0.3161
c17224a7-066f-4b0c-b43d-0a0e346c555a	6	117690454	117691871	2	-4.5335
c17224a7-066f-4b0c-b43d-0a0e346c555a	6	117692949	161436779	26796	-0.3144
c17224a7-066f-4b0c-b43d-0a0e346c555a	6	161438623	161701701	244	-1.2492
c17224a7-066f-4b0c-b43d-0a0e346c555a	6	161704733	170596889	4077	-0.3107
c17224a7-066f-4b0c-b43d-0a0e346c555a	7	664936	16890902	8316	0.5537
c17224a7-066f-4b0c-b43d-0a0e346c555a	7	16891415	17020791	97	1.5141
c17224a7-066f-4b0c-b43d-0a0e346c555a	7	17759717	33161579	9808	0.5808
c17224a7-066f-4b0c-b43d-0a0e346c555a	7	33165339	33327507	87	0.1493
c17224a7-066f-4b0c-b43d-0a0e346c555a	7	33328021	39410384	4141	0.5824
c17224a7-066f-4b0c-b43d-0a0e346c555a	7	39411514	56636689	10840	1.1262
c17224a7-066f-4b0c-b43d-0a0e346c555a	7	56641562	63675854	36	0.32
c17224a7-066f-4b0c-b43d-0a0e346c555a	7	63677725	74305903	4423	0.5524
c17224a7-066f-4b0c-b43d-0a0e346c555a	7	74308764	74510784	79	0.8576
c17224a7-066f-4b0c-b43d-0a0e346c555a	7	74525437	99149664	12290	0.5586
c17224a7-066f-4b0c-b43d-0a0e346c555a	7	99150819	127431930	14627	0.1578
c17224a7-066f-4b0c-b43d-0a0e346c555a	7	127433905	134185891	3581	0.2093
c17224a7-066f-4b0c-b43d-0a0e346c555a	7	134186054	134280213	52	0.8295
c17224a7-066f-4b0c-b43d-0a0e346c555a	7	134282128	158592540	12910	0.2092
c17224a7-066f-4b0c-b43d-0a0e346c555a	8	667625	27387205	15719	-0.3007
c17224a7-066f-4b0c-b43d-0a0e346c555a	8	27388916	27547587	128	0.2332
c17224a7-066f-4b0c-b43d-0a0e346c555a	8	27547619	139855926	64293	-0.299
c17224a7-066f-4b0c-b43d-0a0e346c555a	8	139857986	140055634	149	-1.068
c17224a7-066f-4b0c-b43d-0a0e346c555a	8	140055665	144182542	880	-0.27
c17224a7-066f-4b0c-b43d-0a0e346c555a	9	789794	97610993	42768	-0.2851
c17224a7-066f-4b0c-b43d-0a0e346c555a	9	97611007	97822911	134	0.2905
c17224a7-066f-4b0c-b43d-0a0e346c555a	9	97829394	101376722	2280	-0.2692
c17224a7-066f-4b0c-b43d-0a0e346c555a	9	101376899	101500347	87	0.2417
c17224a7-066f-4b0c-b43d-0a0e346c555a	9	101502258	105161387	2117	-0.304
c17224a7-066f-4b0c-b43d-0a0e346c555a	9	105175770	105305634	117	-0.9434
c17224a7-066f-4b0c-b43d-0a0e346c555a	9	105306489	114663715	6425	-0.2595
c17224a7-066f-4b0c-b43d-0a0e346c555a	9	114668079	114668244	2	-2.6235
c17224a7-066f-4b0c-b43d-0a0e346c555a	9	114668331	127280090	8425	-0.252
c17224a7-066f-4b0c-b43d-0a0e346c555a	9	127281224	127445801	105	0.2388
c17224a7-066f-4b0c-b43d-0a0e346c555a	9	127448667	131561135	2140	-0.2717
c17224a7-066f-4b0c-b43d-0a0e346c555a	9	131561159	131906231	262	0.274
c17224a7-066f-4b0c-b43d-0a0e346c555a	9	131906562	134821803	1667	-0.254
c17224a7-066f-4b0c-b43d-0a0e346c555a	9	134823572	134889620	46	0.313
c17224a7-066f-4b0c-b43d-0a0e346c555a	9	134889889	136473005	617	-0.2604
c17224a7-066f-4b0c-b43d-0a0e346c555a	9	136478000	136648786	44	0.2113
c17224a7-066f-4b0c-b43d-0a0e346c555a	9	136650384	138044505	365	-0.2829
c17224a7-066f-4b0c-b43d-0a0e346c555a	10	366509	60789362	35773	0.5769
c17224a7-066f-4b0c-b43d-0a0e346c555a	10	60789664	60926605	110	0.9005
c17224a7-066f-4b0c-b43d-0a0e346c555a	10	60933307	69027762	4479	0.5488
c17224a7-066f-4b0c-b43d-0a0e346c555a	10	69031295	69138596	72	1.1427
c17224a7-066f-4b0c-b43d-0a0e346c555a	10	69141467	72098696	2114	0.6295
c17224a7-066f-4b0c-b43d-0a0e346c555a	10	72098791	72550189	192	0.1881
c17224a7-066f-4b0c-b43d-0a0e346c555a	10	72557951	72742959	64	0.5879
c17224a7-066f-4b0c-b43d-0a0e346c555a	10	72744336	102154836	17708	0.2102
c17224a7-066f-4b0c-b43d-0a0e346c555a	10	102161314	102372778	85	0.5591
c17224a7-066f-4b0c-b43d-0a0e346c555a	10	102380521	133411599	19991	0.2055
c17224a7-066f-4b0c-b43d-0a0e346c555a	11	456012	47484022	29374	-0.2919
c17224a7-066f-4b0c-b43d-0a0e346c555a	11	47485878	47719430	103	0.1173
c17224a7-066f-4b0c-b43d-0a0e346c555a	11	47727551	63883564	4845	-0.2862
c17224a7-066f-4b0c-b43d-0a0e346c555a	11	63896536	64169789	100	0.2796
c17224a7-066f-4b0c-b43d-0a0e346c555a	11	64170477	66442020	476	-0.3043
c17224a7-066f-4b0c-b43d-0a0e346c555a	11	66444958	66601587	53	0.1765
c17224a7-066f-4b0c-b43d-0a0e346c555a	11	66610375	67286673	236	-0.2898
c17224a7-066f-4b0c-b43d-0a0e346c555a	11	67292163	67526837	88	0.2023
c17224a7-066f-4b0c-b43d-0a0e346c555a	11	67529387	79654333	6342	-0.2396
c17224a7-066f-4b0c-b43d-0a0e346c555a	11	79654376	79654506	2	-4.2945
c17224a7-066f-4b0c-b43d-0a0e346c555a	11	79654979	120167980	25311	-0.275
c17224a7-066f-4b0c-b43d-0a0e346c555a	11	120172067	120319119	99	0.279
c17224a7-066f-4b0c-b43d-0a0e346c555a	11	120322802	134272740	9542	-0.2572
c17224a7-066f-4b0c-b43d-0a0e346c555a	12	780472	1074734	139	0.5089
c17224a7-066f-4b0c-b43d-0a0e346c555a	12	1075922	6883056	3631	0.6307
c17224a7-066f-4b0c-b43d-0a0e346c555a	12	6883589	12474542	2671	0.5704
c17224a7-066f-4b0c-b43d-0a0e346c555a	12	12474585	12661666	133	0.8643
c17224a7-066f-4b0c-b43d-0a0e346c555a	12	12661884	15001480	1465	0.6057
c17224a7-066f-4b0c-b43d-0a0e346c555a	12	15004701	25380046	6359	0.5453
c17224a7-066f-4b0c-b43d-0a0e346c555a	12	25382107	26109493	559	0.5977
c17224a7-066f-4b0c-b43d-0a0e346c555a	12	26114229	26434504	232	0.8758
c17224a7-066f-4b0c-b43d-0a0e346c555a	12	26435333	64492171	18423	0.5687
c17224a7-066f-4b0c-b43d-0a0e346c555a	12	64494879	64663268	119	0.9668
c17224a7-066f-4b0c-b43d-0a0e346c555a	12	64663497	99018549	21224	0.5668
c17224a7-066f-4b0c-b43d-0a0e346c555a	12	99021216	132605822	18759	0.233
c17224a7-066f-4b0c-b43d-0a0e346c555a	13	18874255	114226675	56199	-0.2991
c17224a7-066f-4b0c-b43d-0a0e346c555a	14	20033191	44295742	12690	0.5774
c17224a7-066f-4b0c-b43d-0a0e346c555a	14	44301734	44329116	16	-0.2165
c17224a7-066f-4b0c-b43d-0a0e346c555a	14	44332945	45593536	336	0.3598
c17224a7-066f-4b0c-b43d-0a0e346c555a	14	45600770	92207844	28358	0.5868
c17224a7-066f-4b0c-b43d-0a0e346c555a	14	92209203	100659218	5878	0.6295
c17224a7-066f-4b0c-b43d-0a0e346c555a	14	100660982	100780564	89	1.0636
c17224a7-066f-4b0c-b43d-0a0e346c555a	14	100784971	105533894	1990	0.6062
c17224a7-066f-4b0c-b43d-0a0e346c555a	15	23437561	34090276	4494	0.2376
c17224a7-066f-4b0c-b43d-0a0e346c555a	15	34093583	34304258	118	0.5844
c17224a7-066f-4b0c-b43d-0a0e346c555a	15	34304510	50633900	9270	0.2328
c17224a7-066f-4b0c-b43d-0a0e346c555a	15	50639118	50918415	114	0.6123
c17224a7-066f-4b0c-b43d-0a0e346c555a	15	50920060	52095745	694	0.2451
c17224a7-066f-4b0c-b43d-0a0e346c555a	15	52100969	52277111	122	0.6511
c17224a7-066f-4b0c-b43d-0a0e346c555a	15	52280678	63763973	7908	0.233
c17224a7-066f-4b0c-b43d-0a0e346c555a	15	63766447	63893331	66	0.589
c17224a7-066f-4b0c-b43d-0a0e346c555a	15	63896165	64945332	487	0.2516
c17224a7-066f-4b0c-b43d-0a0e346c555a	15	64947019	65150689	93	0.8891
c17224a7-066f-4b0c-b43d-0a0e346c555a	15	65161809	66667185	854	0.2198
c17224a7-066f-4b0c-b43d-0a0e346c555a	15	66668114	66969175	228	0.6397
c17224a7-066f-4b0c-b43d-0a0e346c555a	15	66977109	89462120	12718	0.2399
c17224a7-066f-4b0c-b43d-0a0e346c555a	15	89462391	96259159	4267	-0.2749
c17224a7-066f-4b0c-b43d-0a0e346c555a	15	96260000	96288284	25	-1.341
c17224a7-066f-4b0c-b43d-0a0e346c555a	15	96290711	101055693	2719	-0.2822
c17224a7-066f-4b0c-b43d-0a0e346c555a	15	101055794	101094159	34	0.2314
c17224a7-066f-4b0c-b43d-0a0e346c555a	15	101097601	101316578	107	0.6468
c17224a7-066f-4b0c-b43d-0a0e346c555a	15	101317215	101344124	28	0.226
c17224a7-066f-4b0c-b43d-0a0e346c555a	16	603333	1354829	123	0.2705
c17224a7-066f-4b0c-b43d-0a0e346c555a	16	1364497	1710632	135	0.6252
c17224a7-066f-4b0c-b43d-0a0e346c555a	16	1711273	1995746	122	0.1181
c17224a7-066f-4b0c-b43d-0a0e346c555a	16	2011465	19338132	8016	-0.2673
c17224a7-066f-4b0c-b43d-0a0e346c555a	16	19338668	19339186	2	-3.5092
c17224a7-066f-4b0c-b43d-0a0e346c555a	16	19341924	29417224	4863	-0.2604
c17224a7-066f-4b0c-b43d-0a0e346c555a	16	30295647	58336933	8303	0.2213
c17224a7-066f-4b0c-b43d-0a0e346c555a	16	58339945	64696886	3942	0.1685
c17224a7-066f-4b0c-b43d-0a0e346c555a	16	64697109	69242713	2594	0.2168
c17224a7-066f-4b0c-b43d-0a0e346c555a	16	69243170	69547769	144	0.5435
c17224a7-066f-4b0c-b43d-0a0e346c555a	16	69547824	70219938	208	0.1584
c17224a7-066f-4b0c-b43d-0a0e346c555a	16	70220039	70336648	40	0.748
c17224a7-066f-4b0c-b43d-0a0e346c555a	16	70337649	77536208	4158	0.2118
c17224a7-066f-4b0c-b43d-0a0e346c555a	16	77536452	77536793	2	-2.5369
c17224a7-066f-4b0c-b43d-0a0e346c555a	16	77537296	81260132	3190	0.2407
c17224a7-066f-4b0c-b43d-0a0e346c555a	16	81265916	81551468	205	0.8861
c17224a7-066f-4b0c-b43d-0a0e346c555a	16	81551943	84900412	2260	0.2507
c17224a7-066f-4b0c-b43d-0a0e346c555a	16	84903681	85027111	99	0.6096
c17224a7-066f-4b0c-b43d-0a0e346c555a	16	85029183	85663012	333	0.2404
c17224a7-066f-4b0c-b43d-0a0e346c555a	16	85665269	85814985	115	0.5995
c17224a7-066f-4b0c-b43d-0a0e346c555a	16	85815117	89317317	1913	0.2546
c17224a7-066f-4b0c-b43d-0a0e346c555a	17	1074619	7542076	3099	-0.2981
c17224a7-066f-4b0c-b43d-0a0e346c555a	17	7547594	7700626	55	0.1159
c17224a7-066f-4b0c-b43d-0a0e346c555a	17	7707633	28827705	7301	-0.2895
c17224a7-066f-4b0c-b43d-0a0e346c555a	17	28836344	29084170	124	0.2178
c17224a7-066f-4b0c-b43d-0a0e346c555a	17	29086385	32290557	1339	-0.2834
c17224a7-066f-4b0c-b43d-0a0e346c555a	17	32293264	32428471	52	0.1837
c17224a7-066f-4b0c-b43d-0a0e346c555a	17	32428682	38551005	2627	-1.0693
c17224a7-066f-4b0c-b43d-0a0e346c555a	17	38552041	38554277	2	-6.9771
c17224a7-066f-4b0c-b43d-0a0e346c555a	17	38554762	41487884	1408	-1.043
c17224a7-066f-4b0c-b43d-0a0e346c555a	17	41489914	41491116	2	-6.8162
c17224a7-066f-4b0c-b43d-0a0e346c555a	17	41491194	44193597	1195	-0.9936
c17224a7-066f-4b0c-b43d-0a0e346c555a	17	44203278	62314906	9141	-0.2787
c17224a7-066f-4b0c-b43d-0a0e346c555a	17	62318332	62579946	100	0.1425
c17224a7-066f-4b0c-b43d-0a0e346c555a	17	62579973	76381091	7584	-0.2819
c17224a7-066f-4b0c-b43d-0a0e346c555a	17	76388178	76540680	80	0.2137
c17224a7-066f-4b0c-b43d-0a0e346c555a	17	76541492	77113952	279	-0.2589
c17224a7-066f-4b0c-b43d-0a0e346c555a	17	77114929	77215257	78	0.1655
c17224a7-066f-4b0c-b43d-0a0e346c555a	17	77219021	80048446	1224	-0.2992
c17224a7-066f-4b0c-b43d-0a0e346c555a	17	80049923	80201684	120	0.3021
c17224a7-066f-4b0c-b43d-0a0e346c555a	17	80210594	81364197	443	-0.2494
c17224a7-066f-4b0c-b43d-0a0e346c555a	17	81364669	81510993	33	0.2073
c17224a7-066f-4b0c-b43d-0a0e346c555a	17	81536446	81830747	76	-0.2332
c17224a7-066f-4b0c-b43d-0a0e346c555a	17	81844876	82073964	31	0.5908
c17224a7-066f-4b0c-b43d-0a0e346c555a	17	82100360	82363785	49	-0.2827
c17224a7-066f-4b0c-b43d-0a0e346c555a	17	82367768	82442710	20	0.1782
c17224a7-066f-4b0c-b43d-0a0e346c555a	17	82442879	82453586	4	-0.3722
c17224a7-066f-4b0c-b43d-0a0e346c555a	17	82458038	82531567	39	0.1753
c17224a7-066f-4b0c-b43d-0a0e346c555a	17	82534607	82959812	248	-0.3077
c17224a7-066f-4b0c-b43d-0a0e346c555a	18	326691	57521686	30573	-0.2894
c17224a7-066f-4b0c-b43d-0a0e346c555a	18	57522064	57629496	80	0.2334
c17224a7-066f-4b0c-b43d-0a0e346c555a	18	57630476	79349796	11766	-0.2907
c17224a7-066f-4b0c-b43d-0a0e346c555a	19	283868	335055	29	1.2572
c17224a7-066f-4b0c-b43d-0a0e346c555a	19	335323	1338238	163	0.7727
c17224a7-066f-4b0c-b43d-0a0e346c555a	19	1346084	1377049	12	1.5827
c17224a7-066f-4b0c-b43d-0a0e346c555a	19	1380430	5949147	1292	0.856
c17224a7-066f-4b0c-b43d-0a0e346c555a	19	5949258	27840210	7561	0.5457
c17224a7-066f-4b0c-b43d-0a0e346c555a	19	27841547	35690144	5405	0.5974
c17224a7-066f-4b0c-b43d-0a0e346c555a	19	35692696	40337220	2230	0.5329
c17224a7-066f-4b0c-b43d-0a0e346c555a	19	40340043	40529729	70	0.9226
c17224a7-066f-4b0c-b43d-0a0e346c555a	19	40536518	42418355	736	0.5996
c17224a7-066f-4b0c-b43d-0a0e346c555a	19	42435212	42712819	147	0.2029
c17224a7-066f-4b0c-b43d-0a0e346c555a	19	43458545	58370362	6389	0.5623
c17224a7-066f-4b0c-b43d-0a0e346c555a	20	472817	34085949	18138	-0.2794
c17224a7-066f-4b0c-b43d-0a0e346c555a	20	34087921	34281276	68	0.2714
c17224a7-066f-4b0c-b43d-0a0e346c555a	20	34283744	34815781	206	-0.2606
c17224a7-066f-4b0c-b43d-0a0e346c555a	20	34817424	35022583	97	0.3828
c17224a7-066f-4b0c-b43d-0a0e346c555a	20	35023935	50067371	9341	-0.2463
c17224a7-066f-4b0c-b43d-0a0e346c555a	20	50068567	50234655	80	0.2369
c17224a7-066f-4b0c-b43d-0a0e346c555a	20	50237647	63588502	9135	-0.263
c17224a7-066f-4b0c-b43d-0a0e346c555a	21	13974127	15285923	863	0.2378
c17224a7-066f-4b0c-b43d-0a0e346c555a	21	15288851	29294722	8880	0.1895
c17224a7-066f-4b0c-b43d-0a0e346c555a	21	29299692	46262057	10666	0.2384
c17224a7-066f-4b0c-b43d-0a0e346c555a	22	16934932	18130970	763	0.2285
c17224a7-066f-4b0c-b43d-0a0e346c555a	22	18131162	28888781	3615	-0.261
c17224a7-066f-4b0c-b43d-0a0e346c555a	22	28889550	28959833	49	-1.3228
c17224a7-066f-4b0c-b43d-0a0e346c555a	22	28961938	29158195	155	-3.7349
c17224a7-066f-4b0c-b43d-0a0e346c555a	22	29166271	29339044	77	-0.3441
c17224a7-066f-4b0c-b43d-0a0e346c555a	22	29347705	29485728	90	0.2281
c17224a7-066f-4b0c-b43d-0a0e346c555a	22	29485839	41223828	7066	-0.2734
c17224a7-066f-4b0c-b43d-0a0e346c555a	22	41236179	41366866	55	0.1686
c17224a7-066f-4b0c-b43d-0a0e346c555a	22	41371916	48940621	5034	-0.2693
c17224a7-066f-4b0c-b43d-0a0e346c555a	X	3236359	16842200	5460	0.0273
c17224a7-066f-4b0c-b43d-0a0e346c555a	X	16848618	17010963	85	0.3903
c17224a7-066f-4b0c-b43d-0a0e346c555a	X	17011637	54386632	16730	0.0123
c17224a7-066f-4b0c-b43d-0a0e346c555a	X	54389103	99932514	15785	-0.0101
c17224a7-066f-4b0c-b43d-0a0e346c555a	X	99933043	155677414	25398	0.0175
