GDC_Aliquot	Chromosome	Start	End	Num_Probes	Segment_Mean
36250bb2-38da-4c65-b287-ae4757a07fec	1	3301765	31216669	14994	-0.2029
36250bb2-38da-4c65-b287-ae4757a07fec	1	31218014	31218730	2	-2.35
36250bb2-38da-4c65-b287-ae4757a07fec	1	31219188	45296194	7644	-0.2098
36250bb2-38da-4c65-b287-ae4757a07fec	1	45297870	52988258	3675	-0.2582
36250bb2-38da-4c65-b287-ae4757a07fec	1	52989427	54651847	1074	-0.2062
36250bb2-38da-4c65-b287-ae4757a07fec	1	54652305	106386393	32177	-0.3049
36250bb2-38da-4c65-b287-ae4757a07fec	1	106387147	106469985	53	-0.953
36250bb2-38da-4c65-b287-ae4757a07fec	1	106472267	109265065	1596	-0.3082
36250bb2-38da-4c65-b287-ae4757a07fec	1	109272258	112319772	2047	-0.2327
36250bb2-38da-4c65-b287-ae4757a07fec	1	112321350	151138555	5145	-0.2761
36250bb2-38da-4c65-b287-ae4757a07fec	1	151139451	162017763	5968	-0.223
36250bb2-38da-4c65-b287-ae4757a07fec	1	162018416	190068478	18435	-0.2917
36250bb2-38da-4c65-b287-ae4757a07fec	1	190070024	190437201	210	-0.9553
36250bb2-38da-4c65-b287-ae4757a07fec	1	190439044	195726758	3162	-0.3221
36250bb2-38da-4c65-b287-ae4757a07fec	1	195727623	195727634	2	-2.8076
36250bb2-38da-4c65-b287-ae4757a07fec	1	195730709	201201443	3174	-0.3038
36250bb2-38da-4c65-b287-ae4757a07fec	1	201201991	202543290	832	-0.9409
36250bb2-38da-4c65-b287-ae4757a07fec	1	202544885	203534759	670	-0.2305
36250bb2-38da-4c65-b287-ae4757a07fec	1	203540920	203544349	2	-2.0038
36250bb2-38da-4c65-b287-ae4757a07fec	1	203544678	213958800	6936	-0.2648
36250bb2-38da-4c65-b287-ae4757a07fec	1	213958947	219566624	3898	-0.3363
36250bb2-38da-4c65-b287-ae4757a07fec	1	219567111	236440911	10527	-0.2772
36250bb2-38da-4c65-b287-ae4757a07fec	1	236440928	242782336	4919	-0.3218
36250bb2-38da-4c65-b287-ae4757a07fec	1	242782721	247650984	2252	-0.2806
36250bb2-38da-4c65-b287-ae4757a07fec	2	480597	12477381	7755	-0.2501
36250bb2-38da-4c65-b287-ae4757a07fec	2	12477833	23044610	6928	-0.2951
36250bb2-38da-4c65-b287-ae4757a07fec	2	23045303	49059484	14638	-0.2538
36250bb2-38da-4c65-b287-ae4757a07fec	2	49060844	59770909	5858	-0.3009
36250bb2-38da-4c65-b287-ae4757a07fec	2	59773001	65397213	2945	-0.2399
36250bb2-38da-4c65-b287-ae4757a07fec	2	65397987	68321101	2109	-0.3069
36250bb2-38da-4c65-b287-ae4757a07fec	2	68322749	75869692	4209	-0.2352
36250bb2-38da-4c65-b287-ae4757a07fec	2	75870533	82200381	3343	-0.3191
36250bb2-38da-4c65-b287-ae4757a07fec	2	82200556	88106415	2518	-0.2526
36250bb2-38da-4c65-b287-ae4757a07fec	2	88106738	88109661	2	-2.299
36250bb2-38da-4c65-b287-ae4757a07fec	2	88109845	113252628	9582	-0.2461
36250bb2-38da-4c65-b287-ae4757a07fec	2	113253214	134285919	10345	-0.2795
36250bb2-38da-4c65-b287-ae4757a07fec	2	134289572	136905650	1590	-0.2533
36250bb2-38da-4c65-b287-ae4757a07fec	2	136908258	156970970	11268	-0.3069
36250bb2-38da-4c65-b287-ae4757a07fec	2	156985288	158312049	739	-0.2592
36250bb2-38da-4c65-b287-ae4757a07fec	2	158313519	158431079	68	-0.981
36250bb2-38da-4c65-b287-ae4757a07fec	2	158439895	230211574	41379	-0.2907
36250bb2-38da-4c65-b287-ae4757a07fec	2	230212878	241537572	6614	-0.2335
36250bb2-38da-4c65-b287-ae4757a07fec	3	2170634	8591906	3678	0.1481
36250bb2-38da-4c65-b287-ae4757a07fec	3	8595770	14042160	3507	0.199
36250bb2-38da-4c65-b287-ae4757a07fec	3	14048473	14048843	2	-1.8304
36250bb2-38da-4c65-b287-ae4757a07fec	3	14050213	17925943	2456	0.188
36250bb2-38da-4c65-b287-ae4757a07fec	3	17926352	35440410	10237	0.1328
36250bb2-38da-4c65-b287-ae4757a07fec	3	35440781	35441258	2	-1.4356
36250bb2-38da-4c65-b287-ae4757a07fec	3	35442680	36544596	750	0.0918
36250bb2-38da-4c65-b287-ae4757a07fec	3	36544780	44395396	4619	0.1761
36250bb2-38da-4c65-b287-ae4757a07fec	3	44396975	50751155	2934	0.2205
36250bb2-38da-4c65-b287-ae4757a07fec	3	50751623	61138660	5516	0.1584
36250bb2-38da-4c65-b287-ae4757a07fec	3	61141148	71029720	7230	0.127
36250bb2-38da-4c65-b287-ae4757a07fec	3	71032434	72611428	1161	0.2124
36250bb2-38da-4c65-b287-ae4757a07fec	3	72613010	76401809	2004	0.1326
36250bb2-38da-4c65-b287-ae4757a07fec	3	76405453	97099207	8696	0.0881
36250bb2-38da-4c65-b287-ae4757a07fec	3	97102247	116492362	10885	0.1269
36250bb2-38da-4c65-b287-ae4757a07fec	3	116493396	116654066	116	-0.3219
36250bb2-38da-4c65-b287-ae4757a07fec	3	116657625	121817042	2981	0.1196
36250bb2-38da-4c65-b287-ae4757a07fec	3	121819951	130407705	4899	0.1761
36250bb2-38da-4c65-b287-ae4757a07fec	3	130408509	161675845	17147	0.1325
36250bb2-38da-4c65-b287-ae4757a07fec	3	161676175	166971944	2136	0.0757
36250bb2-38da-4c65-b287-ae4757a07fec	3	166972244	169630044	1513	0.1074
36250bb2-38da-4c65-b287-ae4757a07fec	3	169630215	172733098	1727	0.1646
36250bb2-38da-4c65-b287-ae4757a07fec	3	172733651	183028735	5188	0.1103
36250bb2-38da-4c65-b287-ae4757a07fec	3	183029274	193785940	6321	0.1563
36250bb2-38da-4c65-b287-ae4757a07fec	3	193791160	193906955	70	-0.3487
36250bb2-38da-4c65-b287-ae4757a07fec	3	193911180	197812401	1302	0.2014
36250bb2-38da-4c65-b287-ae4757a07fec	4	1059384	10954965	5326	0.5286
36250bb2-38da-4c65-b287-ae4757a07fec	4	10956339	28170056	11736	0.4473
36250bb2-38da-4c65-b287-ae4757a07fec	4	28170896	36045007	4558	0.4085
36250bb2-38da-4c65-b287-ae4757a07fec	4	36045622	42518804	4052	0.4809
36250bb2-38da-4c65-b287-ae4757a07fec	4	42519684	59239094	7362	0.4386
36250bb2-38da-4c65-b287-ae4757a07fec	4	59240898	67014337	4236	0.3961
36250bb2-38da-4c65-b287-ae4757a07fec	4	67014398	75569396	4217	0.4301
36250bb2-38da-4c65-b287-ae4757a07fec	4	75571607	84041500	5156	0.4628
36250bb2-38da-4c65-b287-ae4757a07fec	4	84042499	125937032	23701	0.4245
36250bb2-38da-4c65-b287-ae4757a07fec	4	125937907	125940693	2	2.3125
36250bb2-38da-4c65-b287-ae4757a07fec	4	125943872	135831848	4593	0.399
36250bb2-38da-4c65-b287-ae4757a07fec	4	135831880	135909021	33	-0.0063
36250bb2-38da-4c65-b287-ae4757a07fec	4	135909550	151697332	8867	0.4273
36250bb2-38da-4c65-b287-ae4757a07fec	4	151698637	154203568	1512	0.4761
36250bb2-38da-4c65-b287-ae4757a07fec	4	154204270	182427677	15867	0.4182
36250bb2-38da-4c65-b287-ae4757a07fec	4	182428277	187842528	2205	0.4774
36250bb2-38da-4c65-b287-ae4757a07fec	5	913983	4388929	2200	0.507
36250bb2-38da-4c65-b287-ae4757a07fec	5	4391540	18024691	8854	0.4644
36250bb2-38da-4c65-b287-ae4757a07fec	5	18024899	31334328	7118	0.4153
36250bb2-38da-4c65-b287-ae4757a07fec	5	31334379	43604395	7169	0.4653
36250bb2-38da-4c65-b287-ae4757a07fec	5	43608576	52988250	2058	0.4217
36250bb2-38da-4c65-b287-ae4757a07fec	5	52988345	81323227	15984	0.4669
36250bb2-38da-4c65-b287-ae4757a07fec	5	81323651	131867108	27391	0.4338
36250bb2-38da-4c65-b287-ae4757a07fec	5	131867231	143870166	7065	0.4962
36250bb2-38da-4c65-b287-ae4757a07fec	5	143870314	148748079	3049	0.4386
36250bb2-38da-4c65-b287-ae4757a07fec	5	148748469	151644491	1998	0.5099
36250bb2-38da-4c65-b287-ae4757a07fec	5	151645580	161542669	6570	0.4573
36250bb2-38da-4c65-b287-ae4757a07fec	5	161543587	166825143	3184	0.4149
36250bb2-38da-4c65-b287-ae4757a07fec	5	166825472	168810733	1386	0.4537
36250bb2-38da-4c65-b287-ae4757a07fec	5	168812576	180367208	6812	0.521
36250bb2-38da-4c65-b287-ae4757a07fec	5	180370429	180637969	113	-0.2554
36250bb2-38da-4c65-b287-ae4757a07fec	5	180641741	180934240	79	0.5036
36250bb2-38da-4c65-b287-ae4757a07fec	6	1011760	7134168	4531	-0.2714
36250bb2-38da-4c65-b287-ae4757a07fec	6	7137767	12839522	3967	-0.3189
36250bb2-38da-4c65-b287-ae4757a07fec	6	12841753	18500726	3829	-0.2693
36250bb2-38da-4c65-b287-ae4757a07fec	6	18500786	24517477	4332	-0.3303
36250bb2-38da-4c65-b287-ae4757a07fec	6	24517549	44803304	9911	-0.2526
36250bb2-38da-4c65-b287-ae4757a07fec	6	44803485	170596889	70360	-0.3293
36250bb2-38da-4c65-b287-ae4757a07fec	7	664936	3002026	766	0.5789
36250bb2-38da-4c65-b287-ae4757a07fec	7	3011306	4127027	486	0.1907
36250bb2-38da-4c65-b287-ae4757a07fec	7	4127041	8584916	2014	0.5073
36250bb2-38da-4c65-b287-ae4757a07fec	7	8587943	20662578	6708	0.4337
36250bb2-38da-4c65-b287-ae4757a07fec	7	20666446	20670414	2	-1.4959
36250bb2-38da-4c65-b287-ae4757a07fec	7	20671025	21392904	525	0.4419
36250bb2-38da-4c65-b287-ae4757a07fec	7	21393124	51826438	19927	0.4752
36250bb2-38da-4c65-b287-ae4757a07fec	7	51826544	70352351	5910	0.4355
36250bb2-38da-4c65-b287-ae4757a07fec	7	70354054	78273577	2981	0.4852
36250bb2-38da-4c65-b287-ae4757a07fec	7	78276182	78466555	192	0.1458
36250bb2-38da-4c65-b287-ae4757a07fec	7	78467162	98002535	10534	0.4233
36250bb2-38da-4c65-b287-ae4757a07fec	7	98003100	107853849	4737	0.4934
36250bb2-38da-4c65-b287-ae4757a07fec	7	107854169	127478048	10483	0.4249
36250bb2-38da-4c65-b287-ae4757a07fec	7	127480989	132176176	2343	0.4907
36250bb2-38da-4c65-b287-ae4757a07fec	7	132176656	132176829	2	1.8358
36250bb2-38da-4c65-b287-ae4757a07fec	7	132177771	132660205	386	0.4943
36250bb2-38da-4c65-b287-ae4757a07fec	7	132661161	138583481	3663	0.443
36250bb2-38da-4c65-b287-ae4757a07fec	7	138595769	143954322	2476	0.5055
36250bb2-38da-4c65-b287-ae4757a07fec	7	143958106	148651271	2785	0.4361
36250bb2-38da-4c65-b287-ae4757a07fec	7	148651324	158592540	4987	0.5093
36250bb2-38da-4c65-b287-ae4757a07fec	8	667625	3207046	1085	0.5076
36250bb2-38da-4c65-b287-ae4757a07fec	8	3209086	6399012	1609	0.4542
36250bb2-38da-4c65-b287-ae4757a07fec	8	6404671	13013650	2800	0.5174
36250bb2-38da-4c65-b287-ae4757a07fec	8	13015148	19432647	4901	0.4476
36250bb2-38da-4c65-b287-ae4757a07fec	8	19433594	30717423	7705	0.5018
36250bb2-38da-4c65-b287-ae4757a07fec	8	30717521	64392646	17241	0.4531
36250bb2-38da-4c65-b287-ae4757a07fec	8	64393324	64591640	106	0.0536
36250bb2-38da-4c65-b287-ae4757a07fec	8	64595138	78964196	8282	0.4391
36250bb2-38da-4c65-b287-ae4757a07fec	8	78964509	79556122	357	0.1126
36250bb2-38da-4c65-b287-ae4757a07fec	8	79561616	99879054	11313	0.433
36250bb2-38da-4c65-b287-ae4757a07fec	8	99886207	103162809	2024	0.4899
36250bb2-38da-4c65-b287-ae4757a07fec	8	103164158	122539657	11079	0.4236
36250bb2-38da-4c65-b287-ae4757a07fec	8	122540557	123023009	365	0.5571
36250bb2-38da-4c65-b287-ae4757a07fec	8	123025805	132871775	6792	0.4871
36250bb2-38da-4c65-b287-ae4757a07fec	8	132875098	133818125	841	0.5537
36250bb2-38da-4c65-b287-ae4757a07fec	8	133823206	138131668	3184	0.4466
36250bb2-38da-4c65-b287-ae4757a07fec	8	138132671	144182542	2479	0.5251
36250bb2-38da-4c65-b287-ae4757a07fec	9	789794	2037362	638	-0.2476
36250bb2-38da-4c65-b287-ae4757a07fec	9	2037518	33065665	19520	-0.3058
36250bb2-38da-4c65-b287-ae4757a07fec	9	33070808	36897802	2105	-0.2292
36250bb2-38da-4c65-b287-ae4757a07fec	9	36897886	88181132	15087	-0.3091
36250bb2-38da-4c65-b287-ae4757a07fec	9	88182688	100747570	7831	-0.2556
36250bb2-38da-4c65-b287-ae4757a07fec	9	100750747	113319652	8382	-0.293
36250bb2-38da-4c65-b287-ae4757a07fec	9	113323143	113327307	2	-2.2588
36250bb2-38da-4c65-b287-ae4757a07fec	9	113327518	121191645	5791	-0.2983
36250bb2-38da-4c65-b287-ae4757a07fec	9	121191674	138044505	8946	-0.2196
36250bb2-38da-4c65-b287-ae4757a07fec	10	366509	6142741	3753	-0.2592
36250bb2-38da-4c65-b287-ae4757a07fec	10	6142784	6146580	6	-1.8208
36250bb2-38da-4c65-b287-ae4757a07fec	10	6150848	15537513	7311	-0.2643
36250bb2-38da-4c65-b287-ae4757a07fec	10	15537546	31837932	11111	-0.3023
36250bb2-38da-4c65-b287-ae4757a07fec	10	31841305	31853482	10	-1.0891
36250bb2-38da-4c65-b287-ae4757a07fec	10	31853922	38444579	3945	-0.3039
36250bb2-38da-4c65-b287-ae4757a07fec	10	38462431	49704961	3453	-0.2487
36250bb2-38da-4c65-b287-ae4757a07fec	10	49711519	67374289	10166	-0.3277
36250bb2-38da-4c65-b287-ae4757a07fec	10	67375112	68303980	489	-0.301
36250bb2-38da-4c65-b287-ae4757a07fec	10	68304058	74262716	3411	-0.2367
36250bb2-38da-4c65-b287-ae4757a07fec	10	74271851	95427369	13282	-0.3055
36250bb2-38da-4c65-b287-ae4757a07fec	10	95428762	97230382	1235	-0.2448
36250bb2-38da-4c65-b287-ae4757a07fec	10	97231105	97231541	2	-2.3559
36250bb2-38da-4c65-b287-ae4757a07fec	10	97233439	104054799	3606	-0.2526
36250bb2-38da-4c65-b287-ae4757a07fec	10	104055068	130383003	18607	-0.2922
36250bb2-38da-4c65-b287-ae4757a07fec	10	131110205	131315978	181	-1.0179
36250bb2-38da-4c65-b287-ae4757a07fec	10	131316720	133411599	513	-0.2575
36250bb2-38da-4c65-b287-ae4757a07fec	11	456012	3788119	1095	-0.2015
36250bb2-38da-4c65-b287-ae4757a07fec	11	3789273	19919832	11180	-0.2806
36250bb2-38da-4c65-b287-ae4757a07fec	11	19925922	44193303	15574	-0.3225
36250bb2-38da-4c65-b287-ae4757a07fec	11	44193999	48996010	2290	-0.2343
36250bb2-38da-4c65-b287-ae4757a07fec	11	48999554	58559322	1762	-0.2994
36250bb2-38da-4c65-b287-ae4757a07fec	11	58559590	77188071	8525	-0.2275
36250bb2-38da-4c65-b287-ae4757a07fec	11	77188686	79980323	1811	-0.3099
36250bb2-38da-4c65-b287-ae4757a07fec	11	79980739	80889472	674	-0.4383
36250bb2-38da-4c65-b287-ae4757a07fec	11	80890376	115946736	21746	-0.3249
36250bb2-38da-4c65-b287-ae4757a07fec	11	115946806	120281882	2996	-0.2323
36250bb2-38da-4c65-b287-ae4757a07fec	11	120286459	129406947	6695	-0.2908
36250bb2-38da-4c65-b287-ae4757a07fec	11	129407064	130383312	569	-0.2279
36250bb2-38da-4c65-b287-ae4757a07fec	11	130383815	134272740	2429	-0.317
36250bb2-38da-4c65-b287-ae4757a07fec	12	780472	1768988	220	0.4691
36250bb2-38da-4c65-b287-ae4757a07fec	12	1769210	12174721	6104	0.5291
36250bb2-38da-4c65-b287-ae4757a07fec	12	12175040	15659595	2141	0.4795
36250bb2-38da-4c65-b287-ae4757a07fec	12	15659641	45323530	14807	0.443
36250bb2-38da-4c65-b287-ae4757a07fec	12	45324502	57904378	6593	0.5092
36250bb2-38da-4c65-b287-ae4757a07fec	12	57907364	103368692	28045	0.4346
36250bb2-38da-4c65-b287-ae4757a07fec	12	103368860	111420914	5046	0.503
36250bb2-38da-4c65-b287-ae4757a07fec	12	111422331	112512962	500	0.4036
36250bb2-38da-4c65-b287-ae4757a07fec	12	112513489	120282079	5061	0.4866
36250bb2-38da-4c65-b287-ae4757a07fec	12	120284261	125328681	2478	0.5479
36250bb2-38da-4c65-b287-ae4757a07fec	12	125328839	132605822	3308	0.4894
36250bb2-38da-4c65-b287-ae4757a07fec	13	18874255	32775707	8437	-0.2963
36250bb2-38da-4c65-b287-ae4757a07fec	13	32775728	39074382	4294	-0.3343
36250bb2-38da-4c65-b287-ae4757a07fec	13	39074903	53073157	7926	-0.2888
36250bb2-38da-4c65-b287-ae4757a07fec	13	53074303	92386320	21867	-0.3401
36250bb2-38da-4c65-b287-ae4757a07fec	13	92386469	92387559	3	-2.3685
36250bb2-38da-4c65-b287-ae4757a07fec	13	92392039	94025043	1145	-0.3305
36250bb2-38da-4c65-b287-ae4757a07fec	13	94025601	94174987	112	-3.1707
36250bb2-38da-4c65-b287-ae4757a07fec	13	94176902	114226675	13041	-0.3178
36250bb2-38da-4c65-b287-ae4757a07fec	14	20033191	20763416	477	-0.2933
36250bb2-38da-4c65-b287-ae4757a07fec	14	20763502	24651469	1322	-0.2423
36250bb2-38da-4c65-b287-ae4757a07fec	14	24651591	46337956	11630	-0.3125
36250bb2-38da-4c65-b287-ae4757a07fec	14	46340079	46677159	180	0.0576
36250bb2-38da-4c65-b287-ae4757a07fec	14	46681241	62782924	10058	-0.2983
36250bb2-38da-4c65-b287-ae4757a07fec	14	62783899	65137023	1487	-0.2404
36250bb2-38da-4c65-b287-ae4757a07fec	14	65137643	65140045	2	-2.4491
36250bb2-38da-4c65-b287-ae4757a07fec	14	65141660	77292892	7152	-0.2522
36250bb2-38da-4c65-b287-ae4757a07fec	14	77293254	78362781	802	-0.2895
36250bb2-38da-4c65-b287-ae4757a07fec	14	78363815	88698109	6602	-0.3259
36250bb2-38da-4c65-b287-ae4757a07fec	14	88701083	105533894	9921	-0.2473
36250bb2-38da-4c65-b287-ae4757a07fec	15	23437561	38884763	7532	-0.2846
36250bb2-38da-4c65-b287-ae4757a07fec	15	38887120	38887225	2	-2.3621
36250bb2-38da-4c65-b287-ae4757a07fec	15	38887457	40260090	953	-0.2644
36250bb2-38da-4c65-b287-ae4757a07fec	15	40263010	44033258	1700	-0.2017
36250bb2-38da-4c65-b287-ae4757a07fec	15	44040028	59029102	9110	-0.2731
36250bb2-38da-4c65-b287-ae4757a07fec	15	59029757	92367076	20113	-0.2384
36250bb2-38da-4c65-b287-ae4757a07fec	15	92373007	101344124	5277	-0.2816
36250bb2-38da-4c65-b287-ae4757a07fec	16	603333	5233490	1751	0.5648
36250bb2-38da-4c65-b287-ae4757a07fec	16	5235519	9725177	2835	0.5019
36250bb2-38da-4c65-b287-ae4757a07fec	16	9725192	13110843	2556	0.5609
36250bb2-38da-4c65-b287-ae4757a07fec	16	13113467	56464694	13571	0.5035
36250bb2-38da-4c65-b287-ae4757a07fec	16	56467908	58502720	1213	0.546
36250bb2-38da-4c65-b287-ae4757a07fec	16	58503014	59255695	473	0.4708
36250bb2-38da-4c65-b287-ae4757a07fec	16	59256233	59260077	2	-1.5332
36250bb2-38da-4c65-b287-ae4757a07fec	16	59260742	65578844	4055	0.4362
36250bb2-38da-4c65-b287-ae4757a07fec	16	65579299	67774384	1260	0.5401
36250bb2-38da-4c65-b287-ae4757a07fec	16	67774707	67777714	2	-1.3396
36250bb2-38da-4c65-b287-ae4757a07fec	16	67778027	68694708	413	0.5565
36250bb2-38da-4c65-b287-ae4757a07fec	16	68695073	83467607	9981	0.5066
36250bb2-38da-4c65-b287-ae4757a07fec	16	83471720	87723252	2738	0.5734
36250bb2-38da-4c65-b287-ae4757a07fec	16	87723775	87768705	34	-0.1377
36250bb2-38da-4c65-b287-ae4757a07fec	16	87770911	89317317	292	0.5688
36250bb2-38da-4c65-b287-ae4757a07fec	17	1074619	11057821	5240	-0.2017
36250bb2-38da-4c65-b287-ae4757a07fec	17	11058767	13721185	1879	-0.2908
36250bb2-38da-4c65-b287-ae4757a07fec	17	13721370	17624697	1292	-0.2164
36250bb2-38da-4c65-b287-ae4757a07fec	17	17625356	17631020	2	-2.4713
36250bb2-38da-4c65-b287-ae4757a07fec	17	17631025	51572165	11865	-0.2058
36250bb2-38da-4c65-b287-ae4757a07fec	17	51572839	54886494	1998	-0.2952
36250bb2-38da-4c65-b287-ae4757a07fec	17	54886696	68395135	7531	-0.2417
36250bb2-38da-4c65-b287-ae4757a07fec	17	68396397	71141784	1919	-0.288
36250bb2-38da-4c65-b287-ae4757a07fec	17	71141807	71142114	3	-2.1217
36250bb2-38da-4c65-b287-ae4757a07fec	17	71142262	73586736	1839	-0.2711
36250bb2-38da-4c65-b287-ae4757a07fec	17	73586998	82959812	3615	-0.2051
36250bb2-38da-4c65-b287-ae4757a07fec	18	326691	24742750	10285	-0.2794
36250bb2-38da-4c65-b287-ae4757a07fec	18	24742939	75283279	29843	-0.312
36250bb2-38da-4c65-b287-ae4757a07fec	18	75283582	75794906	408	-1.0519
36250bb2-38da-4c65-b287-ae4757a07fec	18	75795384	79349796	2303	-0.2954
36250bb2-38da-4c65-b287-ae4757a07fec	19	283868	19598211	7642	0.2009
36250bb2-38da-4c65-b287-ae4757a07fec	19	19599311	33190481	5294	0.1373
36250bb2-38da-4c65-b287-ae4757a07fec	19	33190564	58370362	11196	0.1847
36250bb2-38da-4c65-b287-ae4757a07fec	20	472817	592793	76	0.2696
36250bb2-38da-4c65-b287-ae4757a07fec	20	592880	1740359	668	0.5385
36250bb2-38da-4c65-b287-ae4757a07fec	20	1740381	2278370	427	0.2593
36250bb2-38da-4c65-b287-ae4757a07fec	20	2280542	2407831	132	0.5598
36250bb2-38da-4c65-b287-ae4757a07fec	20	2408998	3045016	433	0.2234
36250bb2-38da-4c65-b287-ae4757a07fec	20	3045423	5406336	1363	0.5493
36250bb2-38da-4c65-b287-ae4757a07fec	20	5406413	22805462	12011	0.4778
36250bb2-38da-4c65-b287-ae4757a07fec	20	22805678	25625446	1646	0.5258
36250bb2-38da-4c65-b287-ae4757a07fec	20	25625532	26172856	162	0.3767
36250bb2-38da-4c65-b287-ae4757a07fec	20	26172881	36998124	2700	0.5505
36250bb2-38da-4c65-b287-ae4757a07fec	20	37003756	37094427	149	0.3507
36250bb2-38da-4c65-b287-ae4757a07fec	20	37097999	43780903	4453	0.5208
36250bb2-38da-4c65-b287-ae4757a07fec	20	43781290	43909379	69	0.6643
36250bb2-38da-4c65-b287-ae4757a07fec	20	43912221	50335941	4037	0.5538
36250bb2-38da-4c65-b287-ae4757a07fec	20	50336573	50441492	66	0.7432
36250bb2-38da-4c65-b287-ae4757a07fec	20	50443691	56582080	4463	0.5093
36250bb2-38da-4c65-b287-ae4757a07fec	20	56584542	63588502	4676	0.566
36250bb2-38da-4c65-b287-ae4757a07fec	21	13974127	31733510	11358	-0.3162
36250bb2-38da-4c65-b287-ae4757a07fec	21	31733902	46262057	9179	-0.2398
36250bb2-38da-4c65-b287-ae4757a07fec	22	16934932	36452480	9309	-0.9205
36250bb2-38da-4c65-b287-ae4757a07fec	22	36460761	36469597	4	-4.3146
36250bb2-38da-4c65-b287-ae4757a07fec	22	36471393	46093321	5345	-0.8623
36250bb2-38da-4c65-b287-ae4757a07fec	22	46098802	46100143	3	-4.2444
36250bb2-38da-4c65-b287-ae4757a07fec	22	46106192	47345708	856	-0.9804
36250bb2-38da-4c65-b287-ae4757a07fec	22	47353491	47356361	2	-6.6156
36250bb2-38da-4c65-b287-ae4757a07fec	22	47356532	48940621	1293	-1.0133
36250bb2-38da-4c65-b287-ae4757a07fec	X	3236359	38944905	15909	0.0044
36250bb2-38da-4c65-b287-ae4757a07fec	X	38945291	74008883	12257	0.0378
36250bb2-38da-4c65-b287-ae4757a07fec	X	74011150	75011364	421	-0.0018
36250bb2-38da-4c65-b287-ae4757a07fec	X	75014098	75020322	3	-1.8155
36250bb2-38da-4c65-b287-ae4757a07fec	X	75020712	118212779	18131	-0.0196
36250bb2-38da-4c65-b287-ae4757a07fec	X	118212889	120316098	1110	0.059
36250bb2-38da-4c65-b287-ae4757a07fec	X	120316560	155677414	15975	-0.0159
