GDC_Aliquot	Chromosome	Start	End	Num_Probes	Segment_Mean
3f30b69f-77aa-4ece-850a-75060bdc60ec	1	3301765	5030959	1259	0.0774
3f30b69f-77aa-4ece-850a-75060bdc60ec	1	5033681	62463883	31303	-0.7621
3f30b69f-77aa-4ece-850a-75060bdc60ec	1	62475245	192450875	60500	0.0353
3f30b69f-77aa-4ece-850a-75060bdc60ec	1	192450930	192451767	3	-1.8779
3f30b69f-77aa-4ece-850a-75060bdc60ec	1	192452097	241413626	31836	0.0375
3f30b69f-77aa-4ece-850a-75060bdc60ec	1	241413794	241417983	3	-1.7823
3f30b69f-77aa-4ece-850a-75060bdc60ec	1	241418117	247650984	3184	0.0436
3f30b69f-77aa-4ece-850a-75060bdc60ec	2	480597	176818676	94324	0.0289
3f30b69f-77aa-4ece-850a-75060bdc60ec	2	176819488	226074028	27530	-0.0051
3f30b69f-77aa-4ece-850a-75060bdc60ec	2	226074425	241537572	9007	0.0241
3f30b69f-77aa-4ece-850a-75060bdc60ec	3	2170634	75130612	43390	0.0279
3f30b69f-77aa-4ece-850a-75060bdc60ec	3	75133934	185170856	55785	0.0075
3f30b69f-77aa-4ece-850a-75060bdc60ec	3	185170940	197812401	6938	0.0324
3f30b69f-77aa-4ece-850a-75060bdc60ec	4	1059384	18854588	10966	0.044
3f30b69f-77aa-4ece-850a-75060bdc60ec	4	18860026	18866761	5	-1.1541
3f30b69f-77aa-4ece-850a-75060bdc60ec	4	18868906	18953032	60	-0.027
3f30b69f-77aa-4ece-850a-75060bdc60ec	4	18955622	18956482	3	-2.519
3f30b69f-77aa-4ece-850a-75060bdc60ec	4	18956603	126676176	59104	0.0141
3f30b69f-77aa-4ece-850a-75060bdc60ec	4	126676685	126743486	52	-1.0787
3f30b69f-77aa-4ece-850a-75060bdc60ec	4	126750787	187842528	32225	0.0144
3f30b69f-77aa-4ece-850a-75060bdc60ec	5	913983	38690407	22231	0.0221
3f30b69f-77aa-4ece-850a-75060bdc60ec	5	38693016	38693207	2	-2.5685
3f30b69f-77aa-4ece-850a-75060bdc60ec	5	38693613	180934240	77841	0.0284
3f30b69f-77aa-4ece-850a-75060bdc60ec	6	1011760	28227482	18125	0.0333
3f30b69f-77aa-4ece-850a-75060bdc60ec	6	28227731	34052150	1712	0.0742
3f30b69f-77aa-4ece-850a-75060bdc60ec	6	34055068	34058712	2	-2.1821
3f30b69f-77aa-4ece-850a-75060bdc60ec	6	34064077	44417344	6258	0.0634
3f30b69f-77aa-4ece-850a-75060bdc60ec	6	44417803	170596889	70087	0.0223
3f30b69f-77aa-4ece-850a-75060bdc60ec	7	664936	158592540	81179	0.0312
3f30b69f-77aa-4ece-850a-75060bdc60ec	8	667625	144182542	81381	0.0237
3f30b69f-77aa-4ece-850a-75060bdc60ec	9	789794	2949812	1472	-0.8044
3f30b69f-77aa-4ece-850a-75060bdc60ec	9	2951475	2952527	4	-4.1316
3f30b69f-77aa-4ece-850a-75060bdc60ec	9	2953905	7871852	2796	-0.7683
3f30b69f-77aa-4ece-850a-75060bdc60ec	9	7876295	8061232	105	0.0489
3f30b69f-77aa-4ece-850a-75060bdc60ec	9	8063475	9238929	825	-0.8067
3f30b69f-77aa-4ece-850a-75060bdc60ec	9	9239154	9445270	39	0.0435
3f30b69f-77aa-4ece-850a-75060bdc60ec	9	9447625	9530755	74	-0.7161
3f30b69f-77aa-4ece-850a-75060bdc60ec	9	9531452	9654834	64	-0.04
3f30b69f-77aa-4ece-850a-75060bdc60ec	9	9658042	11010591	678	-0.7673
3f30b69f-77aa-4ece-850a-75060bdc60ec	9	11011600	11016456	5	-3.3982
3f30b69f-77aa-4ece-850a-75060bdc60ec	9	11020591	18354780	4597	-0.7959
3f30b69f-77aa-4ece-850a-75060bdc60ec	9	18355046	18356961	2	-4.2291
3f30b69f-77aa-4ece-850a-75060bdc60ec	9	18358130	38752071	12426	-0.7776
3f30b69f-77aa-4ece-850a-75060bdc60ec	9	68423153	119544285	34357	0.033
3f30b69f-77aa-4ece-850a-75060bdc60ec	9	119545150	138044505	10070	0.0754
3f30b69f-77aa-4ece-850a-75060bdc60ec	10	366509	133411599	80446	0.0346
3f30b69f-77aa-4ece-850a-75060bdc60ec	11	456012	81680571	43123	0.0297
3f30b69f-77aa-4ece-850a-75060bdc60ec	11	81682549	134272740	33622	-0.023
3f30b69f-77aa-4ece-850a-75060bdc60ec	12	780472	13851318	7374	0.0518
3f30b69f-77aa-4ece-850a-75060bdc60ec	12	13851417	99917859	47947	0.0225
3f30b69f-77aa-4ece-850a-75060bdc60ec	12	99918173	132605822	18281	0.0457
3f30b69f-77aa-4ece-850a-75060bdc60ec	13	18874255	114226675	56309	0.0216
3f30b69f-77aa-4ece-850a-75060bdc60ec	14	20033191	105533894	49263	0.0419
3f30b69f-77aa-4ece-850a-75060bdc60ec	15	23437561	101344124	44313	0.0513
3f30b69f-77aa-4ece-850a-75060bdc60ec	16	603333	5708184	2063	0.0751
3f30b69f-77aa-4ece-850a-75060bdc60ec	16	5708531	5708906	2	-2.4257
3f30b69f-77aa-4ece-850a-75060bdc60ec	16	5709018	89317317	38733	0.0481
3f30b69f-77aa-4ece-850a-75060bdc60ec	17	1074619	82959812	36949	0.0611
3f30b69f-77aa-4ece-850a-75060bdc60ec	18	326691	7934974	3967	0.0271
3f30b69f-77aa-4ece-850a-75060bdc60ec	18	7935755	7940119	6	-2.0622
3f30b69f-77aa-4ece-850a-75060bdc60ec	18	7943221	79349796	38544	0.0282
3f30b69f-77aa-4ece-850a-75060bdc60ec	19	283868	37726443	15369	0.0751
3f30b69f-77aa-4ece-850a-75060bdc60ec	19	37730644	37955571	107	-0.6303
3f30b69f-77aa-4ece-850a-75060bdc60ec	19	37955702	39604594	765	0.0756
3f30b69f-77aa-4ece-850a-75060bdc60ec	19	39607246	40283871	401	-0.7163
3f30b69f-77aa-4ece-850a-75060bdc60ec	19	40294167	40552896	103	0.0757
3f30b69f-77aa-4ece-850a-75060bdc60ec	19	40555976	47779238	2850	-0.6893
3f30b69f-77aa-4ece-850a-75060bdc60ec	19	47782282	52241364	1783	0.0695
3f30b69f-77aa-4ece-850a-75060bdc60ec	19	52246154	53176696	265	-0.701
3f30b69f-77aa-4ece-850a-75060bdc60ec	19	53214367	58370362	2303	0.0787
3f30b69f-77aa-4ece-850a-75060bdc60ec	20	472817	63588502	37192	0.059
3f30b69f-77aa-4ece-850a-75060bdc60ec	21	13974127	46262057	20392	0.0403
3f30b69f-77aa-4ece-850a-75060bdc60ec	22	16934932	40496553	11341	0.0761
3f30b69f-77aa-4ece-850a-75060bdc60ec	22	40504073	40507026	2	-1.9691
3f30b69f-77aa-4ece-850a-75060bdc60ec	22	40513152	48940621	5610	0.08
3f30b69f-77aa-4ece-850a-75060bdc60ec	X	3236359	155677414	63337	0.0027
