GDC_Aliquot	Chromosome	Start	End	Num_Probes	Segment_Mean
586958fe-f0d2-466d-be89-af58aea6dc2c	1	3301765	7773370	2897	-0.0455
586958fe-f0d2-466d-be89-af58aea6dc2c	1	7773425	10661202	1371	-0.1133
586958fe-f0d2-466d-be89-af58aea6dc2c	1	10661309	23212517	6931	-0.055
586958fe-f0d2-466d-be89-af58aea6dc2c	1	23213138	29145923	2509	-0.113
586958fe-f0d2-466d-be89-af58aea6dc2c	1	29146182	30624705	1075	-0.027
586958fe-f0d2-466d-be89-af58aea6dc2c	1	30625576	33518706	1260	-0.0968
586958fe-f0d2-466d-be89-af58aea6dc2c	1	33520233	34811039	955	-0.039
586958fe-f0d2-466d-be89-af58aea6dc2c	1	34814188	36569244	783	-0.1033
586958fe-f0d2-466d-be89-af58aea6dc2c	1	36569987	38922124	1415	-0.0383
586958fe-f0d2-466d-be89-af58aea6dc2c	1	38925542	38930398	5	-0.8036
586958fe-f0d2-466d-be89-af58aea6dc2c	1	38933197	41654173	1370	-0.0879
586958fe-f0d2-466d-be89-af58aea6dc2c	1	41658206	42004603	270	-0.577
586958fe-f0d2-466d-be89-af58aea6dc2c	1	42005270	47441932	2758	-0.0878
586958fe-f0d2-466d-be89-af58aea6dc2c	1	47441990	48755631	928	-0.0093
586958fe-f0d2-466d-be89-af58aea6dc2c	1	48755684	62942489	8953	-0.0715
586958fe-f0d2-466d-be89-af58aea6dc2c	1	62944136	62944948	2	-2.4848
586958fe-f0d2-466d-be89-af58aea6dc2c	1	62945637	70453993	5065	-0.0874
586958fe-f0d2-466d-be89-af58aea6dc2c	1	70455054	70594648	111	0.112
586958fe-f0d2-466d-be89-af58aea6dc2c	1	70603424	70752765	106	-0.0783
586958fe-f0d2-466d-be89-af58aea6dc2c	1	70753868	87710295	10067	-0.1047
586958fe-f0d2-466d-be89-af58aea6dc2c	1	87710333	87710376	2	-1.3555
586958fe-f0d2-466d-be89-af58aea6dc2c	1	87710527	109771909	12707	-0.109
586958fe-f0d2-466d-be89-af58aea6dc2c	1	109772255	119614159	6301	-0.0752
586958fe-f0d2-466d-be89-af58aea6dc2c	1	119619529	119691428	54	0.3984
586958fe-f0d2-466d-be89-af58aea6dc2c	1	119696136	152205810	1135	-0.1
586958fe-f0d2-466d-be89-af58aea6dc2c	1	152206229	153587321	819	-0.0369
586958fe-f0d2-466d-be89-af58aea6dc2c	1	153587655	156833150	1450	-0.1078
586958fe-f0d2-466d-be89-af58aea6dc2c	1	156834329	156977106	71	0.4848
586958fe-f0d2-466d-be89-af58aea6dc2c	1	156977276	184654425	18432	-0.0804
586958fe-f0d2-466d-be89-af58aea6dc2c	1	184655059	200904392	9464	-0.1217
586958fe-f0d2-466d-be89-af58aea6dc2c	1	200905024	208030137	4553	-0.0754
586958fe-f0d2-466d-be89-af58aea6dc2c	1	208032298	208754701	607	-0.0139
586958fe-f0d2-466d-be89-af58aea6dc2c	1	208754753	215188616	4491	-0.0797
586958fe-f0d2-466d-be89-af58aea6dc2c	1	215188864	220334018	3475	-0.1148
586958fe-f0d2-466d-be89-af58aea6dc2c	1	220334087	232868177	7599	-0.0817
586958fe-f0d2-466d-be89-af58aea6dc2c	1	232869435	232878141	16	-0.8336
586958fe-f0d2-466d-be89-af58aea6dc2c	1	232878310	233293246	334	-0.1096
586958fe-f0d2-466d-be89-af58aea6dc2c	1	233297754	233390183	84	-0.6136
586958fe-f0d2-466d-be89-af58aea6dc2c	1	233390216	233390965	3	0.7572
586958fe-f0d2-466d-be89-af58aea6dc2c	1	233394786	247642766	9164	-0.6307
586958fe-f0d2-466d-be89-af58aea6dc2c	1	247643628	247650984	6	-0.2911
586958fe-f0d2-466d-be89-af58aea6dc2c	2	480597	23623566	15150	-0.2982
586958fe-f0d2-466d-be89-af58aea6dc2c	2	23631258	24012104	172	-0.5805
586958fe-f0d2-466d-be89-af58aea6dc2c	2	24020490	47769457	13405	-0.3072
586958fe-f0d2-466d-be89-af58aea6dc2c	2	47773216	52430806	2393	-0.3476
586958fe-f0d2-466d-be89-af58aea6dc2c	2	52432498	57603964	2780	-0.3087
586958fe-f0d2-466d-be89-af58aea6dc2c	2	57614768	57897224	139	-0.0698
586958fe-f0d2-466d-be89-af58aea6dc2c	2	57899807	75809380	10434	-0.3076
586958fe-f0d2-466d-be89-af58aea6dc2c	2	75811099	86818365	5795	-0.3364
586958fe-f0d2-466d-be89-af58aea6dc2c	2	86820350	134243967	20003	-0.3029
586958fe-f0d2-466d-be89-af58aea6dc2c	2	134244024	134457291	157	-0.6022
586958fe-f0d2-466d-be89-af58aea6dc2c	2	134458353	137605381	1919	-0.2948
586958fe-f0d2-466d-be89-af58aea6dc2c	2	137610524	140597564	1294	-0.3486
586958fe-f0d2-466d-be89-af58aea6dc2c	2	140598029	140598385	2	-1.9545
586958fe-f0d2-466d-be89-af58aea6dc2c	2	140598690	177899184	22216	-0.3239
586958fe-f0d2-466d-be89-af58aea6dc2c	2	177903230	177903774	2	1.0804
586958fe-f0d2-466d-be89-af58aea6dc2c	2	177903956	215435540	20198	-0.3257
586958fe-f0d2-466d-be89-af58aea6dc2c	2	215435653	218102996	1860	-0.2618
586958fe-f0d2-466d-be89-af58aea6dc2c	2	218107176	227333581	5830	-0.3059
586958fe-f0d2-466d-be89-af58aea6dc2c	2	227333930	227334743	2	-2.0157
586958fe-f0d2-466d-be89-af58aea6dc2c	2	227337353	241537572	8291	-0.3068
586958fe-f0d2-466d-be89-af58aea6dc2c	3	2170634	7511574	2804	-0.3361
586958fe-f0d2-466d-be89-af58aea6dc2c	3	7517178	11379416	2639	-0.2978
586958fe-f0d2-466d-be89-af58aea6dc2c	3	11380845	30790921	11684	-0.3572
586958fe-f0d2-466d-be89-af58aea6dc2c	3	30791855	30792155	2	-2.2057
586958fe-f0d2-466d-be89-af58aea6dc2c	3	30793275	53437311	12250	-0.3461
586958fe-f0d2-466d-be89-af58aea6dc2c	3	53447687	55537489	1634	-0.2953
586958fe-f0d2-466d-be89-af58aea6dc2c	3	55537732	55537902	3	-1.4746
586958fe-f0d2-466d-be89-af58aea6dc2c	3	55540792	56056162	421	-0.3015
586958fe-f0d2-466d-be89-af58aea6dc2c	3	56058113	64438428	4734	-0.34
586958fe-f0d2-466d-be89-af58aea6dc2c	3	64438995	64439342	3	-1.6334
586958fe-f0d2-466d-be89-af58aea6dc2c	3	64441426	73740141	6718	-0.3445
586958fe-f0d2-466d-be89-af58aea6dc2c	3	73743450	110712439	17307	-0.3736
586958fe-f0d2-466d-be89-af58aea6dc2c	3	110714503	126097220	9178	-0.3374
586958fe-f0d2-466d-be89-af58aea6dc2c	3	126098361	126098375	2	-3.5409
586958fe-f0d2-466d-be89-af58aea6dc2c	3	126101511	133296904	4146	-0.3239
586958fe-f0d2-466d-be89-af58aea6dc2c	3	133297060	133650668	204	0.1611
586958fe-f0d2-466d-be89-af58aea6dc2c	3	133652529	143015058	5127	-0.3276
586958fe-f0d2-466d-be89-af58aea6dc2c	3	143018701	143018715	2	-2.7095
586958fe-f0d2-466d-be89-af58aea6dc2c	3	143019008	150876996	3881	-0.3583
586958fe-f0d2-466d-be89-af58aea6dc2c	3	150877492	150891907	10	-0.8986
586958fe-f0d2-466d-be89-af58aea6dc2c	3	150892079	162114435	6280	-0.3649
586958fe-f0d2-466d-be89-af58aea6dc2c	3	162117641	167985252	2432	-0.3969
586958fe-f0d2-466d-be89-af58aea6dc2c	3	167992296	197812401	15614	-0.3583
586958fe-f0d2-466d-be89-af58aea6dc2c	4	1059384	3567914	1001	0.1886
586958fe-f0d2-466d-be89-af58aea6dc2c	4	3569235	10867424	4241	0.2546
586958fe-f0d2-466d-be89-af58aea6dc2c	4	10867449	28359307	11964	0.183
586958fe-f0d2-466d-be89-af58aea6dc2c	4	28361568	30218586	1169	0.4836
586958fe-f0d2-466d-be89-af58aea6dc2c	4	30220771	30220825	2	-1.3148
586958fe-f0d2-466d-be89-af58aea6dc2c	4	30220981	31017657	461	0.5055
586958fe-f0d2-466d-be89-af58aea6dc2c	4	31018330	34753028	2066	0.6085
586958fe-f0d2-466d-be89-af58aea6dc2c	4	34753217	35128262	181	0.4841
586958fe-f0d2-466d-be89-af58aea6dc2c	4	35128924	35144214	9	0.8615
586958fe-f0d2-466d-be89-af58aea6dc2c	4	35144600	35189542	37	0.4787
586958fe-f0d2-466d-be89-af58aea6dc2c	4	35194064	35319116	79	0.7237
586958fe-f0d2-466d-be89-af58aea6dc2c	4	35324445	38285588	2019	0.4967
586958fe-f0d2-466d-be89-af58aea6dc2c	4	38285712	38610661	234	0.6465
586958fe-f0d2-466d-be89-af58aea6dc2c	4	38613220	39423161	470	0.7641
586958fe-f0d2-466d-be89-af58aea6dc2c	4	39424581	39451134	19	0.6971
586958fe-f0d2-466d-be89-af58aea6dc2c	4	39451234	39496923	22	0.4202
586958fe-f0d2-466d-be89-af58aea6dc2c	4	39498719	39697775	79	0.7424
586958fe-f0d2-466d-be89-af58aea6dc2c	4	39699074	43891370	2201	0.496
586958fe-f0d2-466d-be89-af58aea6dc2c	4	43895560	43958912	42	0.2944
586958fe-f0d2-466d-be89-af58aea6dc2c	4	43959405	43961013	3	-0.4687
586958fe-f0d2-466d-be89-af58aea6dc2c	4	43964068	45189839	582	0.3013
586958fe-f0d2-466d-be89-af58aea6dc2c	4	45190550	45190848	2	-1.0667
586958fe-f0d2-466d-be89-af58aea6dc2c	4	45193059	46887861	790	0.2731
586958fe-f0d2-466d-be89-af58aea6dc2c	4	46888126	58322626	4843	0.3105
586958fe-f0d2-466d-be89-af58aea6dc2c	4	58326414	73692453	7798	0.259
586958fe-f0d2-466d-be89-af58aea6dc2c	4	73692470	85722704	7356	0.2915
586958fe-f0d2-466d-be89-af58aea6dc2c	4	85722755	85722949	2	1.4134
586958fe-f0d2-466d-be89-af58aea6dc2c	4	85722977	89074558	2003	0.2863
586958fe-f0d2-466d-be89-af58aea6dc2c	4	89074647	89075056	4	1.0622
586958fe-f0d2-466d-be89-af58aea6dc2c	4	89075074	89655812	378	0.3248
586958fe-f0d2-466d-be89-af58aea6dc2c	4	89664279	105194551	8429	0.2652
586958fe-f0d2-466d-be89-af58aea6dc2c	4	105195014	113912256	5078	0.2893
586958fe-f0d2-466d-be89-af58aea6dc2c	4	113912461	120690350	3832	0.2539
586958fe-f0d2-466d-be89-af58aea6dc2c	4	120690399	123433129	1471	0.2966
586958fe-f0d2-466d-be89-af58aea6dc2c	4	123437415	126108933	1580	0.2601
586958fe-f0d2-466d-be89-af58aea6dc2c	4	126109429	126109450	2	-1.3028
586958fe-f0d2-466d-be89-af58aea6dc2c	4	126110085	129180530	1420	0.2691
586958fe-f0d2-466d-be89-af58aea6dc2c	4	129188594	136269785	3272	0.0744
586958fe-f0d2-466d-be89-af58aea6dc2c	4	136273607	156216347	11505	0.1076
586958fe-f0d2-466d-be89-af58aea6dc2c	4	156219439	171222879	8374	0.0873
586958fe-f0d2-466d-be89-af58aea6dc2c	4	171222949	172217680	569	-0.1313
586958fe-f0d2-466d-be89-af58aea6dc2c	4	172224282	181356930	4765	0.0837
586958fe-f0d2-466d-be89-af58aea6dc2c	4	181359036	181566272	178	-0.0333
586958fe-f0d2-466d-be89-af58aea6dc2c	4	181569021	181771172	156	-0.5214
586958fe-f0d2-466d-be89-af58aea6dc2c	4	181771245	181772739	3	-2
586958fe-f0d2-466d-be89-af58aea6dc2c	4	181773959	181859415	65	-0.425
586958fe-f0d2-466d-be89-af58aea6dc2c	4	181859920	181863568	6	-0.1195
586958fe-f0d2-466d-be89-af58aea6dc2c	4	181868461	182170578	244	0.1247
586958fe-f0d2-466d-be89-af58aea6dc2c	4	182176179	182254573	77	-0.1016
586958fe-f0d2-466d-be89-af58aea6dc2c	4	182254746	183573131	429	0.0089
586958fe-f0d2-466d-be89-af58aea6dc2c	4	183576356	187544955	1741	-0.0742
586958fe-f0d2-466d-be89-af58aea6dc2c	4	187545696	187842528	176	-0.3801
586958fe-f0d2-466d-be89-af58aea6dc2c	5	913983	10133984	6791	0.4117
586958fe-f0d2-466d-be89-af58aea6dc2c	5	10137660	10703127	398	0.683
586958fe-f0d2-466d-be89-af58aea6dc2c	5	10704510	11196862	206	0.8289
586958fe-f0d2-466d-be89-af58aea6dc2c	5	11197210	13262034	1034	0.6527
586958fe-f0d2-466d-be89-af58aea6dc2c	5	13262461	13560359	212	0.3691
586958fe-f0d2-466d-be89-af58aea6dc2c	5	13564624	13781343	158	0.5628
586958fe-f0d2-466d-be89-af58aea6dc2c	5	13781371	16228423	1290	0.4013
586958fe-f0d2-466d-be89-af58aea6dc2c	5	16231019	16327074	86	0.5517
586958fe-f0d2-466d-be89-af58aea6dc2c	5	16330378	17220166	578	0.3588
586958fe-f0d2-466d-be89-af58aea6dc2c	5	17220730	17391119	86	0.5498
586958fe-f0d2-466d-be89-af58aea6dc2c	5	17391920	17896824	166	0.3769
586958fe-f0d2-466d-be89-af58aea6dc2c	5	17898280	20129327	1208	0.3386
586958fe-f0d2-466d-be89-af58aea6dc2c	5	20130020	20354923	111	0.4338
586958fe-f0d2-466d-be89-af58aea6dc2c	5	20354965	20379412	16	0.2133
586958fe-f0d2-466d-be89-af58aea6dc2c	5	20385448	20787031	87	0.4844
586958fe-f0d2-466d-be89-af58aea6dc2c	5	20788784	30829619	5318	0.3173
586958fe-f0d2-466d-be89-af58aea6dc2c	5	30829672	39878117	5524	0.3851
586958fe-f0d2-466d-be89-af58aea6dc2c	5	39883866	40641881	477	0.4528
586958fe-f0d2-466d-be89-af58aea6dc2c	5	40642195	66227060	11349	0.3693
586958fe-f0d2-466d-be89-af58aea6dc2c	5	66233684	80226678	7667	0.3894
586958fe-f0d2-466d-be89-af58aea6dc2c	5	80226786	112095697	16284	0.3493
586958fe-f0d2-466d-be89-af58aea6dc2c	5	112096316	112738301	510	0.4155
586958fe-f0d2-466d-be89-af58aea6dc2c	5	112738334	112842196	180	0.3175
586958fe-f0d2-466d-be89-af58aea6dc2c	5	112844560	117659730	2933	0.3631
586958fe-f0d2-466d-be89-af58aea6dc2c	5	117660411	119508143	1150	0.3205
586958fe-f0d2-466d-be89-af58aea6dc2c	5	119508585	119508868	3	-0.4589
586958fe-f0d2-466d-be89-af58aea6dc2c	5	119514980	121760699	1158	0.3393
586958fe-f0d2-466d-be89-af58aea6dc2c	5	121765151	121765689	5	-0.5205
586958fe-f0d2-466d-be89-af58aea6dc2c	5	121767521	129138650	4434	0.3614
586958fe-f0d2-466d-be89-af58aea6dc2c	5	129139049	131951250	1407	0.3099
586958fe-f0d2-466d-be89-af58aea6dc2c	5	131952775	132179720	139	0.3587
586958fe-f0d2-466d-be89-af58aea6dc2c	5	132185229	133206872	543	0.3668
586958fe-f0d2-466d-be89-af58aea6dc2c	5	133207309	134127578	764	0.437
586958fe-f0d2-466d-be89-af58aea6dc2c	5	134128966	134401584	137	0.2873
586958fe-f0d2-466d-be89-af58aea6dc2c	5	134409493	134556291	82	0.7401
586958fe-f0d2-466d-be89-af58aea6dc2c	5	134557171	135036154	212	0.339
586958fe-f0d2-466d-be89-af58aea6dc2c	5	135036710	136561723	1096	0.4394
586958fe-f0d2-466d-be89-af58aea6dc2c	5	136565342	136947532	219	0.3542
586958fe-f0d2-466d-be89-af58aea6dc2c	5	136951245	137417258	410	0.4467
586958fe-f0d2-466d-be89-af58aea6dc2c	5	137417531	147967638	6016	0.3755
586958fe-f0d2-466d-be89-af58aea6dc2c	5	147968656	161313507	8884	0.2707
586958fe-f0d2-466d-be89-af58aea6dc2c	5	161313648	167376316	3672	0.2199
586958fe-f0d2-466d-be89-af58aea6dc2c	5	167378986	176923685	6211	0.3001
586958fe-f0d2-466d-be89-af58aea6dc2c	5	176932135	178206115	394	0.2021
586958fe-f0d2-466d-be89-af58aea6dc2c	5	178208386	178873404	401	0.2718
586958fe-f0d2-466d-be89-af58aea6dc2c	5	178876310	179523828	379	0.0642
586958fe-f0d2-466d-be89-af58aea6dc2c	5	179525343	179681642	88	-0.0551
586958fe-f0d2-466d-be89-af58aea6dc2c	5	179683849	179839475	63	-0.2363
586958fe-f0d2-466d-be89-af58aea6dc2c	5	179840783	179841779	2	-1.7158
586958fe-f0d2-466d-be89-af58aea6dc2c	5	179842075	180934240	512	-0.2666
586958fe-f0d2-466d-be89-af58aea6dc2c	6	1011760	14792861	10004	0.3937
586958fe-f0d2-466d-be89-af58aea6dc2c	6	14792885	38914118	12832	0.3566
586958fe-f0d2-466d-be89-af58aea6dc2c	6	38916203	39842750	655	0.4022
586958fe-f0d2-466d-be89-af58aea6dc2c	6	39843776	40013221	148	0.7678
586958fe-f0d2-466d-be89-af58aea6dc2c	6	40014615	41741685	1305	0.4306
586958fe-f0d2-466d-be89-af58aea6dc2c	6	41743584	43762745	1017	0.3233
586958fe-f0d2-466d-be89-af58aea6dc2c	6	43766101	46958100	1880	0.4004
586958fe-f0d2-466d-be89-af58aea6dc2c	6	46960032	46960083	2	-0.5899
586958fe-f0d2-466d-be89-af58aea6dc2c	6	46963821	47248826	236	0.4038
586958fe-f0d2-466d-be89-af58aea6dc2c	6	47249069	48811979	900	0.3628
586958fe-f0d2-466d-be89-af58aea6dc2c	6	48815972	50807005	1046	0.3203
586958fe-f0d2-466d-be89-af58aea6dc2c	6	50809329	61624080	4108	0.3756
586958fe-f0d2-466d-be89-af58aea6dc2c	6	61624695	87836099	14559	0.3353
586958fe-f0d2-466d-be89-af58aea6dc2c	6	87836472	88320556	306	0.3977
586958fe-f0d2-466d-be89-af58aea6dc2c	6	88322358	88711846	279	0.7465
586958fe-f0d2-466d-be89-af58aea6dc2c	6	88717472	92140335	2104	0.3486
586958fe-f0d2-466d-be89-af58aea6dc2c	6	92141378	104963989	6593	0.326
586958fe-f0d2-466d-be89-af58aea6dc2c	6	104964260	114930564	6127	0.3528
586958fe-f0d2-466d-be89-af58aea6dc2c	6	114936470	114964219	11	-0.1476
586958fe-f0d2-466d-be89-af58aea6dc2c	6	114969176	115786787	381	0.3216
586958fe-f0d2-466d-be89-af58aea6dc2c	6	115789971	115790564	3	1.2449
586958fe-f0d2-466d-be89-af58aea6dc2c	6	115791133	134375877	10899	0.3433
586958fe-f0d2-466d-be89-af58aea6dc2c	6	134376239	134376302	2	-0.9427
586958fe-f0d2-466d-be89-af58aea6dc2c	6	134376858	134770926	291	0.3497
586958fe-f0d2-466d-be89-af58aea6dc2c	6	134773134	134773134	2	-0.7726
586958fe-f0d2-466d-be89-af58aea6dc2c	6	134775986	137614054	1920	0.3547
586958fe-f0d2-466d-be89-af58aea6dc2c	6	137614228	137931946	201	0.5029
586958fe-f0d2-466d-be89-af58aea6dc2c	6	137932342	156229089	11619	0.3423
586958fe-f0d2-466d-be89-af58aea6dc2c	6	156229266	170416099	7543	0.3759
586958fe-f0d2-466d-be89-af58aea6dc2c	6	170417917	170596889	116	0.2981
586958fe-f0d2-466d-be89-af58aea6dc2c	7	664936	4535949	1470	0.534
586958fe-f0d2-466d-be89-af58aea6dc2c	7	4536283	20320838	8236	0.4852
586958fe-f0d2-466d-be89-af58aea6dc2c	7	20321307	21231415	681	0.5264
586958fe-f0d2-466d-be89-af58aea6dc2c	7	21231678	21455028	161	0.7958
586958fe-f0d2-466d-be89-af58aea6dc2c	7	21456779	23124587	1247	0.5378
586958fe-f0d2-466d-be89-af58aea6dc2c	7	23124654	23918145	467	0.4594
586958fe-f0d2-466d-be89-af58aea6dc2c	7	23918249	50302666	17014	0.5346
586958fe-f0d2-466d-be89-af58aea6dc2c	7	50307654	51352299	817	0.5923
586958fe-f0d2-466d-be89-af58aea6dc2c	7	51352630	53124145	1322	0.5188
586958fe-f0d2-466d-be89-af58aea6dc2c	7	53129242	53129510	3	-0.6309
586958fe-f0d2-466d-be89-af58aea6dc2c	7	53140373	54296028	695	0.4809
586958fe-f0d2-466d-be89-af58aea6dc2c	7	54298235	55613605	1021	0.5417
586958fe-f0d2-466d-be89-af58aea6dc2c	7	55616279	57176334	434	0.4567
586958fe-f0d2-466d-be89-af58aea6dc2c	7	57184979	66218552	615	0.3381
586958fe-f0d2-466d-be89-af58aea6dc2c	7	66221401	66786927	169	0.2188
586958fe-f0d2-466d-be89-af58aea6dc2c	7	66790693	67151617	123	0.3571
586958fe-f0d2-466d-be89-af58aea6dc2c	7	67290858	67313340	4	-0.2971
586958fe-f0d2-466d-be89-af58aea6dc2c	7	67315066	67419508	48	0.3244
586958fe-f0d2-466d-be89-af58aea6dc2c	7	67419551	71685810	2651	0.3868
586958fe-f0d2-466d-be89-af58aea6dc2c	7	71686864	130120334	29296	0.3491
586958fe-f0d2-466d-be89-af58aea6dc2c	7	130127796	131460424	736	0.4972
586958fe-f0d2-466d-be89-af58aea6dc2c	7	131462409	134828221	2128	0.559
586958fe-f0d2-466d-be89-af58aea6dc2c	7	134828515	140829022	3543	0.514
586958fe-f0d2-466d-be89-af58aea6dc2c	7	140829286	140829299	2	-0.687
586958fe-f0d2-466d-be89-af58aea6dc2c	7	140831761	141979925	735	0.5
586958fe-f0d2-466d-be89-af58aea6dc2c	7	141986383	152859405	5208	0.3636
586958fe-f0d2-466d-be89-af58aea6dc2c	7	152859739	157081393	2377	0.4197
586958fe-f0d2-466d-be89-af58aea6dc2c	7	157082056	157086981	2	1.5147
586958fe-f0d2-466d-be89-af58aea6dc2c	7	157087704	157923814	476	0.4115
586958fe-f0d2-466d-be89-af58aea6dc2c	7	157927861	158017089	10	-0.0315
586958fe-f0d2-466d-be89-af58aea6dc2c	7	158018409	158592540	227	0.5716
586958fe-f0d2-466d-be89-af58aea6dc2c	8	667625	74643553	41399	-0.3426
586958fe-f0d2-466d-be89-af58aea6dc2c	8	74643737	89184720	7714	-0.3647
586958fe-f0d2-466d-be89-af58aea6dc2c	8	89189487	107960070	10834	-0.3274
586958fe-f0d2-466d-be89-af58aea6dc2c	8	107960099	115771843	4007	-0.3759
586958fe-f0d2-466d-be89-af58aea6dc2c	8	115774582	127542531	7963	-0.3317
586958fe-f0d2-466d-be89-af58aea6dc2c	8	127546745	128152393	469	-0.3103
586958fe-f0d2-466d-be89-af58aea6dc2c	8	128153357	128154024	3	-1.451
586958fe-f0d2-466d-be89-af58aea6dc2c	8	128154301	131107515	2014	-0.3113
586958fe-f0d2-466d-be89-af58aea6dc2c	8	131109917	131111296	3	-1.5491
586958fe-f0d2-466d-be89-af58aea6dc2c	8	131111367	138354650	5427	-0.3139
586958fe-f0d2-466d-be89-af58aea6dc2c	8	138354684	139762206	1175	-0.2544
586958fe-f0d2-466d-be89-af58aea6dc2c	8	139765008	142756596	712	-0.3031
586958fe-f0d2-466d-be89-af58aea6dc2c	8	142762148	144182542	394	-0.3709
586958fe-f0d2-466d-be89-af58aea6dc2c	9	789794	793269	11	0.279
586958fe-f0d2-466d-be89-af58aea6dc2c	9	793611	962778	144	0.115
586958fe-f0d2-466d-be89-af58aea6dc2c	9	965006	3032897	1486	-0.0717
586958fe-f0d2-466d-be89-af58aea6dc2c	9	3033001	3880973	474	0.1225
586958fe-f0d2-466d-be89-af58aea6dc2c	9	3881005	3986297	116	-0.1015
586958fe-f0d2-466d-be89-af58aea6dc2c	9	3989651	4007714	24	0.2475
586958fe-f0d2-466d-be89-af58aea6dc2c	9	4007769	4204021	240	-0.0691
586958fe-f0d2-466d-be89-af58aea6dc2c	9	4280840	5754117	923	0.1099
586958fe-f0d2-466d-be89-af58aea6dc2c	9	5756223	6090160	219	0.3007
586958fe-f0d2-466d-be89-af58aea6dc2c	9	6090276	6255511	63	0.1456
586958fe-f0d2-466d-be89-af58aea6dc2c	9	6256144	7171606	100	-0.0333
586958fe-f0d2-466d-be89-af58aea6dc2c	9	7173346	7442126	148	0.1592
586958fe-f0d2-466d-be89-af58aea6dc2c	9	7442254	7523801	98	0.2816
586958fe-f0d2-466d-be89-af58aea6dc2c	9	7524075	7685999	161	0.1762
586958fe-f0d2-466d-be89-af58aea6dc2c	9	7688633	9231961	1108	-0.1005
586958fe-f0d2-466d-be89-af58aea6dc2c	9	9232141	13275747	1493	0.1434
586958fe-f0d2-466d-be89-af58aea6dc2c	9	13282734	13692591	297	-0.093
586958fe-f0d2-466d-be89-af58aea6dc2c	9	13703904	14189816	434	0.1811
586958fe-f0d2-466d-be89-af58aea6dc2c	9	14191523	15062573	731	-0.0596
586958fe-f0d2-466d-be89-af58aea6dc2c	9	15064518	15299793	216	0.1493
586958fe-f0d2-466d-be89-af58aea6dc2c	9	15300970	16123978	583	-0.0822
586958fe-f0d2-466d-be89-af58aea6dc2c	9	16124776	16219482	115	0.1658
586958fe-f0d2-466d-be89-af58aea6dc2c	9	16221744	16226020	7	-0.992
586958fe-f0d2-466d-be89-af58aea6dc2c	9	16230841	16761599	492	0.1624
586958fe-f0d2-466d-be89-af58aea6dc2c	9	16761623	16840210	70	0.002
586958fe-f0d2-466d-be89-af58aea6dc2c	9	16841372	16898060	54	0.1503
586958fe-f0d2-466d-be89-af58aea6dc2c	9	16913791	17336481	300	-0.0962
586958fe-f0d2-466d-be89-af58aea6dc2c	9	17339587	17519463	134	0.1397
586958fe-f0d2-466d-be89-af58aea6dc2c	9	17527468	17727221	59	-0.0183
586958fe-f0d2-466d-be89-af58aea6dc2c	9	17727708	17782122	60	0.1195
586958fe-f0d2-466d-be89-af58aea6dc2c	9	17782327	17831835	83	-0.067
586958fe-f0d2-466d-be89-af58aea6dc2c	9	17832234	17929269	84	0.1695
586958fe-f0d2-466d-be89-af58aea6dc2c	9	17932015	19058108	1050	0.3371
586958fe-f0d2-466d-be89-af58aea6dc2c	9	19058823	19578307	356	0.3138
586958fe-f0d2-466d-be89-af58aea6dc2c	9	19579429	19862351	215	0.1768
586958fe-f0d2-466d-be89-af58aea6dc2c	9	19864223	20270745	322	0.3088
586958fe-f0d2-466d-be89-af58aea6dc2c	9	20275356	20382287	116	0.1647
586958fe-f0d2-466d-be89-af58aea6dc2c	9	20386304	23024947	1756	0.3125
586958fe-f0d2-466d-be89-af58aea6dc2c	9	23027843	23297362	175	0.1465
586958fe-f0d2-466d-be89-af58aea6dc2c	9	23303967	25992540	1668	0.3063
586958fe-f0d2-466d-be89-af58aea6dc2c	9	25993274	26068551	41	0.0292
586958fe-f0d2-466d-be89-af58aea6dc2c	9	26069192	27912334	1221	0.3349
586958fe-f0d2-466d-be89-af58aea6dc2c	9	27913504	28397852	217	0.1886
586958fe-f0d2-466d-be89-af58aea6dc2c	9	28398856	29697752	538	0.3053
586958fe-f0d2-466d-be89-af58aea6dc2c	9	29701284	30211120	194	0.1492
586958fe-f0d2-466d-be89-af58aea6dc2c	9	30212784	31423886	642	0.2408
586958fe-f0d2-466d-be89-af58aea6dc2c	9	31426841	32036754	402	0.1451
586958fe-f0d2-466d-be89-af58aea6dc2c	9	32038498	35070180	1847	0.343
586958fe-f0d2-466d-be89-af58aea6dc2c	9	35084369	35113250	21	0.7443
586958fe-f0d2-466d-be89-af58aea6dc2c	9	35118314	69118752	2904	0.3577
586958fe-f0d2-466d-be89-af58aea6dc2c	9	69125255	69127809	3	-0.5183
586958fe-f0d2-466d-be89-af58aea6dc2c	9	69131137	69527784	278	0.352
586958fe-f0d2-466d-be89-af58aea6dc2c	9	69532292	69534559	6	-0.2356
586958fe-f0d2-466d-be89-af58aea6dc2c	9	69541194	70932129	996	0.3636
586958fe-f0d2-466d-be89-af58aea6dc2c	9	70932588	86514835	10644	0.3297
586958fe-f0d2-466d-be89-af58aea6dc2c	9	86522099	90984793	3210	0.3742
586958fe-f0d2-466d-be89-af58aea6dc2c	9	90988088	97266477	3754	0.3307
586958fe-f0d2-466d-be89-af58aea6dc2c	9	97267067	99401504	1466	0.3767
586958fe-f0d2-466d-be89-af58aea6dc2c	9	99402255	106454560	4136	0.317
586958fe-f0d2-466d-be89-af58aea6dc2c	9	106458545	109107072	2130	0.3713
586958fe-f0d2-466d-be89-af58aea6dc2c	9	109107805	109107943	2	-0.8556
586958fe-f0d2-466d-be89-af58aea6dc2c	9	109111785	110936657	1409	0.3682
586958fe-f0d2-466d-be89-af58aea6dc2c	9	110937100	112598883	1118	0.3049
586958fe-f0d2-466d-be89-af58aea6dc2c	9	112604798	124118482	7961	0.3731
586958fe-f0d2-466d-be89-af58aea6dc2c	9	124120426	124368783	150	0.5075
586958fe-f0d2-466d-be89-af58aea6dc2c	9	124369370	127468476	1802	0.3652
586958fe-f0d2-466d-be89-af58aea6dc2c	9	127472448	131710905	2255	0.328
586958fe-f0d2-466d-be89-af58aea6dc2c	9	131712062	133581988	1196	0.3648
586958fe-f0d2-466d-be89-af58aea6dc2c	9	133582273	135787340	1103	0.4107
586958fe-f0d2-466d-be89-af58aea6dc2c	9	135792823	138044505	623	0.3395
586958fe-f0d2-466d-be89-af58aea6dc2c	10	366509	1641446	549	-0.3681
586958fe-f0d2-466d-be89-af58aea6dc2c	10	1641600	1642670	2	-2.8462
586958fe-f0d2-466d-be89-af58aea6dc2c	10	1642855	22420324	15247	-0.3853
586958fe-f0d2-466d-be89-af58aea6dc2c	10	22421086	47181470	12509	-0.349
586958fe-f0d2-466d-be89-af58aea6dc2c	10	47182939	49438001	1149	-0.2839
586958fe-f0d2-466d-be89-af58aea6dc2c	10	49440692	69441979	11478	-0.357
586958fe-f0d2-466d-be89-af58aea6dc2c	10	69446951	72027422	1874	-0.3004
586958fe-f0d2-466d-be89-af58aea6dc2c	10	72032510	76763816	2419	-0.3488
586958fe-f0d2-466d-be89-af58aea6dc2c	10	76764378	80415005	2304	-0.2863
586958fe-f0d2-466d-be89-af58aea6dc2c	10	80415193	133411599	33665	-0.3342
586958fe-f0d2-466d-be89-af58aea6dc2c	11	456012	7400060	3474	-0.3386
586958fe-f0d2-466d-be89-af58aea6dc2c	11	7400403	20064869	8981	-0.3143
586958fe-f0d2-466d-be89-af58aea6dc2c	11	20064896	44904164	15967	-0.3434
586958fe-f0d2-466d-be89-af58aea6dc2c	11	44904388	44906077	3	-2.0042
586958fe-f0d2-466d-be89-af58aea6dc2c	11	44906969	60450317	4595	-0.3386
586958fe-f0d2-466d-be89-af58aea6dc2c	11	60454677	60457362	5	0.4477
586958fe-f0d2-466d-be89-af58aea6dc2c	11	60463593	62004892	784	-0.3357
586958fe-f0d2-466d-be89-af58aea6dc2c	11	62010997	62018066	11	0.266
586958fe-f0d2-466d-be89-af58aea6dc2c	11	62019738	84203653	11173	-0.3271
586958fe-f0d2-466d-be89-af58aea6dc2c	11	84207276	84207296	2	-2.059
586958fe-f0d2-466d-be89-af58aea6dc2c	11	84208263	87696233	2098	-0.3401
586958fe-f0d2-466d-be89-af58aea6dc2c	11	87696773	87823928	90	-0.7516
586958fe-f0d2-466d-be89-af58aea6dc2c	11	87824228	105069049	10680	-0.3469
586958fe-f0d2-466d-be89-af58aea6dc2c	11	105069183	105105939	4	-2.2775
586958fe-f0d2-466d-be89-af58aea6dc2c	11	105107732	109762666	2639	-0.3568
586958fe-f0d2-466d-be89-af58aea6dc2c	11	109766922	109767051	2	0.9362
586958fe-f0d2-466d-be89-af58aea6dc2c	11	109768123	113057841	2148	-0.3205
586958fe-f0d2-466d-be89-af58aea6dc2c	11	113058635	113146439	80	-0.6754
586958fe-f0d2-466d-be89-af58aea6dc2c	11	113146469	134272740	14732	-0.3179
586958fe-f0d2-466d-be89-af58aea6dc2c	12	780472	2046264	373	0.531
586958fe-f0d2-466d-be89-af58aea6dc2c	12	2046384	2660358	431	0.651
586958fe-f0d2-466d-be89-af58aea6dc2c	12	2661725	6427703	2784	0.567
586958fe-f0d2-466d-be89-af58aea6dc2c	12	6427959	51806621	23104	0.5062
586958fe-f0d2-466d-be89-af58aea6dc2c	12	51808240	51914990	20	0.5782
586958fe-f0d2-466d-be89-af58aea6dc2c	12	51916521	52085148	87	0.8077
586958fe-f0d2-466d-be89-af58aea6dc2c	12	52086398	52881550	586	0.5915
586958fe-f0d2-466d-be89-af58aea6dc2c	12	52881902	54102382	582	0.4879
586958fe-f0d2-466d-be89-af58aea6dc2c	12	54106013	54245437	69	0.8656
586958fe-f0d2-466d-be89-af58aea6dc2c	12	54249018	56202659	1067	0.4938
586958fe-f0d2-466d-be89-af58aea6dc2c	12	56207514	56264010	31	0.7598
586958fe-f0d2-466d-be89-af58aea6dc2c	12	56268256	56842186	247	0.4863
586958fe-f0d2-466d-be89-af58aea6dc2c	12	56843977	56846593	2	-0.6661
586958fe-f0d2-466d-be89-af58aea6dc2c	12	56846660	58742754	1106	0.5207
586958fe-f0d2-466d-be89-af58aea6dc2c	12	58744854	58745152	3	-0.5186
586958fe-f0d2-466d-be89-af58aea6dc2c	12	58747617	64812862	3582	0.4918
586958fe-f0d2-466d-be89-af58aea6dc2c	12	64812968	68589440	2601	0.5312
586958fe-f0d2-466d-be89-af58aea6dc2c	12	68589665	68856768	173	0.4813
586958fe-f0d2-466d-be89-af58aea6dc2c	12	68866648	69167072	208	0.5648
586958fe-f0d2-466d-be89-af58aea6dc2c	12	69167939	69501649	208	0.695
586958fe-f0d2-466d-be89-af58aea6dc2c	12	69502982	71607417	1332	0.5302
586958fe-f0d2-466d-be89-af58aea6dc2c	12	71607839	73486338	979	0.7951
586958fe-f0d2-466d-be89-af58aea6dc2c	12	73493598	86353948	7831	0.6818
586958fe-f0d2-466d-be89-af58aea6dc2c	12	86359041	87490776	513	0.5148
586958fe-f0d2-466d-be89-af58aea6dc2c	12	87494791	87872835	177	0.6477
586958fe-f0d2-466d-be89-af58aea6dc2c	12	87876555	94630589	4257	0.533
586958fe-f0d2-466d-be89-af58aea6dc2c	12	94634736	101143876	4249	0.3596
586958fe-f0d2-466d-be89-af58aea6dc2c	12	101155434	101335384	118	0.5648
586958fe-f0d2-466d-be89-af58aea6dc2c	12	101335504	102353526	571	0.3483
586958fe-f0d2-466d-be89-af58aea6dc2c	12	102354924	102690111	223	0.5454
586958fe-f0d2-466d-be89-af58aea6dc2c	12	102691792	104134251	1000	0.3777
586958fe-f0d2-466d-be89-af58aea6dc2c	12	104135571	104143628	5	-0.0765
586958fe-f0d2-466d-be89-af58aea6dc2c	12	104145665	104248717	58	0.4186
586958fe-f0d2-466d-be89-af58aea6dc2c	12	104250196	105079467	579	0.6808
586958fe-f0d2-466d-be89-af58aea6dc2c	12	105080296	109749869	3047	0.3888
586958fe-f0d2-466d-be89-af58aea6dc2c	12	109750187	111007535	578	0.3155
586958fe-f0d2-466d-be89-af58aea6dc2c	12	111008311	111347130	163	0.381
586958fe-f0d2-466d-be89-af58aea6dc2c	12	111349088	111572457	97	0.2663
586958fe-f0d2-466d-be89-af58aea6dc2c	12	111577803	111610821	7	-0.3295
586958fe-f0d2-466d-be89-af58aea6dc2c	12	111613147	112527338	432	0.2647
586958fe-f0d2-466d-be89-af58aea6dc2c	12	112527679	113094662	451	0.3684
586958fe-f0d2-466d-be89-af58aea6dc2c	12	113105816	113140711	20	0.7732
586958fe-f0d2-466d-be89-af58aea6dc2c	12	113144234	113593481	205	0.3249
586958fe-f0d2-466d-be89-af58aea6dc2c	12	113593534	115232781	975	0.4009
586958fe-f0d2-466d-be89-af58aea6dc2c	12	115233132	119556252	3045	0.3465
586958fe-f0d2-466d-be89-af58aea6dc2c	12	119556267	123835317	1876	0.2826
586958fe-f0d2-466d-be89-af58aea6dc2c	12	123835999	124283241	319	0.3507
586958fe-f0d2-466d-be89-af58aea6dc2c	12	124285141	124318485	28	0.5099
586958fe-f0d2-466d-be89-af58aea6dc2c	12	124330466	124498676	69	-0.1195
586958fe-f0d2-466d-be89-af58aea6dc2c	12	124500344	124500604	3	-0.8748
586958fe-f0d2-466d-be89-af58aea6dc2c	12	124501908	124638623	89	-0.1413
586958fe-f0d2-466d-be89-af58aea6dc2c	12	124638931	124639016	2	-2.1382
586958fe-f0d2-466d-be89-af58aea6dc2c	12	124639246	124817906	133	-0.1283
586958fe-f0d2-466d-be89-af58aea6dc2c	12	124822302	125016225	125	-0.5098
586958fe-f0d2-466d-be89-af58aea6dc2c	12	125017001	127002679	1355	-0.1358
586958fe-f0d2-466d-be89-af58aea6dc2c	12	127006387	127009134	5	-1.2362
586958fe-f0d2-466d-be89-af58aea6dc2c	12	127010817	132605822	2138	-0.1474
586958fe-f0d2-466d-be89-af58aea6dc2c	13	18874255	26331068	3881	-0.3302
586958fe-f0d2-466d-be89-af58aea6dc2c	13	26332862	26333894	2	-2.3666
586958fe-f0d2-466d-be89-af58aea6dc2c	13	26336975	54333809	17530	-0.3291
586958fe-f0d2-466d-be89-af58aea6dc2c	13	54333978	68568076	6631	-0.3886
586958fe-f0d2-466d-be89-af58aea6dc2c	13	68568108	68568123	2	-1.5649
586958fe-f0d2-466d-be89-af58aea6dc2c	13	68568637	70790431	1341	-0.4092
586958fe-f0d2-466d-be89-af58aea6dc2c	13	70791975	70821533	12	-0.1477
586958fe-f0d2-466d-be89-af58aea6dc2c	13	70822320	77651667	4571	0.0591
586958fe-f0d2-466d-be89-af58aea6dc2c	13	77653407	77855944	116	-0.1136
586958fe-f0d2-466d-be89-af58aea6dc2c	13	77856879	92974348	8881	0.0495
586958fe-f0d2-466d-be89-af58aea6dc2c	13	92982337	101987103	5963	0.0847
586958fe-f0d2-466d-be89-af58aea6dc2c	13	101987251	104867719	2301	0.0545
586958fe-f0d2-466d-be89-af58aea6dc2c	13	104867868	104868133	2	-1.3269
586958fe-f0d2-466d-be89-af58aea6dc2c	13	104870097	106730287	922	0.0782
586958fe-f0d2-466d-be89-af58aea6dc2c	13	106731890	106732362	2	1.403
586958fe-f0d2-466d-be89-af58aea6dc2c	13	106732887	108625945	1433	0.0659
586958fe-f0d2-466d-be89-af58aea6dc2c	13	108626478	113237207	3029	0.1186
586958fe-f0d2-466d-be89-af58aea6dc2c	13	113237283	114226675	296	0.0789
586958fe-f0d2-466d-be89-af58aea6dc2c	14	20033191	30497932	5228	0.5111
586958fe-f0d2-466d-be89-af58aea6dc2c	14	30515053	30637187	65	0.2363
586958fe-f0d2-466d-be89-af58aea6dc2c	14	30642654	31480357	424	0.1447
586958fe-f0d2-466d-be89-af58aea6dc2c	14	31484875	37065186	3715	0.2169
586958fe-f0d2-466d-be89-af58aea6dc2c	14	37067323	37067556	2	-1.5451
586958fe-f0d2-466d-be89-af58aea6dc2c	14	37067701	44835336	3518	0.1664
586958fe-f0d2-466d-be89-af58aea6dc2c	14	44841185	44841243	2	1.4074
586958fe-f0d2-466d-be89-af58aea6dc2c	14	44843105	48844196	1849	0.1733
586958fe-f0d2-466d-be89-af58aea6dc2c	14	48846124	53888343	3215	0.2135
586958fe-f0d2-466d-be89-af58aea6dc2c	14	53888358	53888475	4	-0.4922
586958fe-f0d2-466d-be89-af58aea6dc2c	14	53888715	54841319	674	0.2383
586958fe-f0d2-466d-be89-af58aea6dc2c	14	54849453	55350207	240	0.1417
586958fe-f0d2-466d-be89-af58aea6dc2c	14	55350763	55510221	112	0.6078
586958fe-f0d2-466d-be89-af58aea6dc2c	14	55510806	72325859	10315	0.197
586958fe-f0d2-466d-be89-af58aea6dc2c	14	72329662	72330079	3	-1.5059
586958fe-f0d2-466d-be89-af58aea6dc2c	14	72330137	73282200	666	0.2297
586958fe-f0d2-466d-be89-af58aea6dc2c	14	73284019	75904424	1432	0.1656
586958fe-f0d2-466d-be89-af58aea6dc2c	14	75907518	78685963	1935	0.2173
586958fe-f0d2-466d-be89-af58aea6dc2c	14	78686042	78900327	152	0.4201
586958fe-f0d2-466d-be89-af58aea6dc2c	14	78901053	79941810	733	0.195
586958fe-f0d2-466d-be89-af58aea6dc2c	14	79941859	86681818	4274	0.1637
586958fe-f0d2-466d-be89-af58aea6dc2c	14	86682702	93477148	3972	0.1998
586958fe-f0d2-466d-be89-af58aea6dc2c	14	93478224	101571290	5734	0.2441
586958fe-f0d2-466d-be89-af58aea6dc2c	14	101575718	105533894	1478	0.1908
586958fe-f0d2-466d-be89-af58aea6dc2c	15	23437561	40356548	8553	0.5247
586958fe-f0d2-466d-be89-af58aea6dc2c	15	40357728	52657308	6624	0.4968
586958fe-f0d2-466d-be89-af58aea6dc2c	15	52657454	53458377	621	0.5392
586958fe-f0d2-466d-be89-af58aea6dc2c	15	53468319	57494222	2392	0.1633
586958fe-f0d2-466d-be89-af58aea6dc2c	15	57494406	58622127	957	0.217
586958fe-f0d2-466d-be89-af58aea6dc2c	15	58622306	59841110	744	0.15
586958fe-f0d2-466d-be89-af58aea6dc2c	15	59841277	63526290	2921	0.2288
586958fe-f0d2-466d-be89-af58aea6dc2c	15	63527284	65899355	1085	0.1506
586958fe-f0d2-466d-be89-af58aea6dc2c	15	65902204	101344124	20871	0.2052
586958fe-f0d2-466d-be89-af58aea6dc2c	16	603333	954694	69	0.4141
586958fe-f0d2-466d-be89-af58aea6dc2c	16	955360	4866347	1486	0.3018
586958fe-f0d2-466d-be89-af58aea6dc2c	16	4866384	28158393	11677	0.4055
586958fe-f0d2-466d-be89-af58aea6dc2c	16	28159689	47937807	1367	0.3445
586958fe-f0d2-466d-be89-af58aea6dc2c	16	47940052	48814938	471	0.3831
586958fe-f0d2-466d-be89-af58aea6dc2c	16	48814963	48933776	98	0.5537
586958fe-f0d2-466d-be89-af58aea6dc2c	16	48933823	48934255	3	-0.2816
586958fe-f0d2-466d-be89-af58aea6dc2c	16	48934503	49023761	72	0.5442
586958fe-f0d2-466d-be89-af58aea6dc2c	16	49033822	49073513	47	0.3571
586958fe-f0d2-466d-be89-af58aea6dc2c	16	49073875	49081442	14	0.6754
586958fe-f0d2-466d-be89-af58aea6dc2c	16	49081725	49347852	239	0.4047
586958fe-f0d2-466d-be89-af58aea6dc2c	16	49348265	50021738	470	0.6016
586958fe-f0d2-466d-be89-af58aea6dc2c	16	50024036	50585960	300	0.3982
586958fe-f0d2-466d-be89-af58aea6dc2c	16	50589567	50590317	3	-0.5174
586958fe-f0d2-466d-be89-af58aea6dc2c	16	50592631	51045898	330	0.444
586958fe-f0d2-466d-be89-af58aea6dc2c	16	51046303	52887923	1399	0.3892
586958fe-f0d2-466d-be89-af58aea6dc2c	16	52889126	54063247	873	0.3326
586958fe-f0d2-466d-be89-af58aea6dc2c	16	54063265	57714933	2534	0.4059
586958fe-f0d2-466d-be89-af58aea6dc2c	16	57718749	57858524	77	0.679
586958fe-f0d2-466d-be89-af58aea6dc2c	16	57871272	59008724	712	0.3749
586958fe-f0d2-466d-be89-af58aea6dc2c	16	59009310	59228516	142	0.5169
586958fe-f0d2-466d-be89-af58aea6dc2c	16	59231021	59248518	12	0.1758
586958fe-f0d2-466d-be89-af58aea6dc2c	16	59251252	59866494	442	0.412
586958fe-f0d2-466d-be89-af58aea6dc2c	16	59869344	60319183	227	0.3195
586958fe-f0d2-466d-be89-af58aea6dc2c	16	60325624	60577209	162	0.4788
586958fe-f0d2-466d-be89-af58aea6dc2c	16	60579630	60670735	61	0.2847
586958fe-f0d2-466d-be89-af58aea6dc2c	16	60674639	60790835	87	0.4813
586958fe-f0d2-466d-be89-af58aea6dc2c	16	60815528	62187829	819	0.3411
586958fe-f0d2-466d-be89-af58aea6dc2c	16	62188390	62484874	206	0.488
586958fe-f0d2-466d-be89-af58aea6dc2c	16	62485864	65059476	1676	0.3619
586958fe-f0d2-466d-be89-af58aea6dc2c	16	65059943	66583134	1173	0.4284
586958fe-f0d2-466d-be89-af58aea6dc2c	16	66584426	81844876	9389	0.3754
586958fe-f0d2-466d-be89-af58aea6dc2c	16	81845269	85863812	2653	0.4151
586958fe-f0d2-466d-be89-af58aea6dc2c	16	85864282	87154600	1226	0.4636
586958fe-f0d2-466d-be89-af58aea6dc2c	16	87156293	89317317	670	0.4026
586958fe-f0d2-466d-be89-af58aea6dc2c	17	1074619	27417133	9915	-0.348
586958fe-f0d2-466d-be89-af58aea6dc2c	17	27417471	27430463	7	-1.702
586958fe-f0d2-466d-be89-af58aea6dc2c	17	27430849	82959812	27304	-0.339
586958fe-f0d2-466d-be89-af58aea6dc2c	18	326691	10471735	5936	-0.8037
586958fe-f0d2-466d-be89-af58aea6dc2c	18	10476824	14648458	2298	-0.6323
586958fe-f0d2-466d-be89-af58aea6dc2c	18	14653029	27380070	3760	-0.0858
586958fe-f0d2-466d-be89-af58aea6dc2c	18	27380087	44454280	10218	-0.111
586958fe-f0d2-466d-be89-af58aea6dc2c	18	44455877	48965518	3120	-0.0661
586958fe-f0d2-466d-be89-af58aea6dc2c	18	48968928	49101963	79	0.3378
586958fe-f0d2-466d-be89-af58aea6dc2c	18	49108384	62200503	8595	-0.0992
586958fe-f0d2-466d-be89-af58aea6dc2c	18	62202956	71356219	5135	-0.1353
586958fe-f0d2-466d-be89-af58aea6dc2c	18	71356416	79349796	3774	-0.0926
586958fe-f0d2-466d-be89-af58aea6dc2c	19	283868	1846112	292	0.2761
586958fe-f0d2-466d-be89-af58aea6dc2c	19	1867913	23756504	8662	0.4743
586958fe-f0d2-466d-be89-af58aea6dc2c	19	23759040	33831232	4417	0.5547
586958fe-f0d2-466d-be89-af58aea6dc2c	19	33831754	58370362	10779	0.469
586958fe-f0d2-466d-be89-af58aea6dc2c	20	472817	14711021	9049	-0.327
586958fe-f0d2-466d-be89-af58aea6dc2c	20	15182862	15265826	54	-3.8367
586958fe-f0d2-466d-be89-af58aea6dc2c	20	15265858	15374061	73	-2.6338
586958fe-f0d2-466d-be89-af58aea6dc2c	20	15374920	15847285	458	-4.3658
586958fe-f0d2-466d-be89-af58aea6dc2c	20	15849202	62165306	27366	-0.306
586958fe-f0d2-466d-be89-af58aea6dc2c	20	62166337	62167717	3	-1.9758
586958fe-f0d2-466d-be89-af58aea6dc2c	20	62168137	63588502	495	-0.3517
586958fe-f0d2-466d-be89-af58aea6dc2c	21	13974127	17549324	2134	-0.3559
586958fe-f0d2-466d-be89-af58aea6dc2c	21	17549420	17549503	2	-2.0108
586958fe-f0d2-466d-be89-af58aea6dc2c	21	17554543	27448105	6508	-0.368
586958fe-f0d2-466d-be89-af58aea6dc2c	21	27448355	27448539	3	-1.3973
586958fe-f0d2-466d-be89-af58aea6dc2c	21	27448655	27678527	153	-0.3722
586958fe-f0d2-466d-be89-af58aea6dc2c	21	27679454	27685409	3	-2.2309
586958fe-f0d2-466d-be89-af58aea6dc2c	21	27689101	46262057	11756	-0.335
586958fe-f0d2-466d-be89-af58aea6dc2c	22	16934932	23888961	1044	-0.3501
586958fe-f0d2-466d-be89-af58aea6dc2c	22	23890688	24064505	53	0.2168
586958fe-f0d2-466d-be89-af58aea6dc2c	22	24069282	26625750	1589	-0.3159
586958fe-f0d2-466d-be89-af58aea6dc2c	22	26635757	26655374	12	0.1826
586958fe-f0d2-466d-be89-af58aea6dc2c	22	26660157	28840778	1681	-0.2943
586958fe-f0d2-466d-be89-af58aea6dc2c	22	28841175	28911170	50	-2.4855
586958fe-f0d2-466d-be89-af58aea6dc2c	22	28919846	28930615	14	-5.2928
586958fe-f0d2-466d-be89-af58aea6dc2c	22	28931919	28964309	24	-2.277
586958fe-f0d2-466d-be89-af58aea6dc2c	22	28967356	32102744	1706	-0.3586
586958fe-f0d2-466d-be89-af58aea6dc2c	22	32103639	35178108	2725	-0.3091
586958fe-f0d2-466d-be89-af58aea6dc2c	22	35178381	48940621	8166	-0.3484
586958fe-f0d2-466d-be89-af58aea6dc2c	X	3236359	14866549	4652	-0.0619
586958fe-f0d2-466d-be89-af58aea6dc2c	X	14869832	14907738	24	-0.4542
586958fe-f0d2-466d-be89-af58aea6dc2c	X	14912905	16933599	878	-0.0941
586958fe-f0d2-466d-be89-af58aea6dc2c	X	16942474	29345325	6205	-0.0037
586958fe-f0d2-466d-be89-af58aea6dc2c	X	29347829	32410696	1769	-0.1483
586958fe-f0d2-466d-be89-af58aea6dc2c	X	32416346	32753304	196	-0.0151
586958fe-f0d2-466d-be89-af58aea6dc2c	X	32753484	32943753	158	-0.2229
586958fe-f0d2-466d-be89-af58aea6dc2c	X	32948651	34731325	65	0.0453
586958fe-f0d2-466d-be89-af58aea6dc2c	X	34731709	36076132	760	0.1214
586958fe-f0d2-466d-be89-af58aea6dc2c	X	36080028	36082227	2	-1.1394
586958fe-f0d2-466d-be89-af58aea6dc2c	X	36082548	36483391	245	0.1039
586958fe-f0d2-466d-be89-af58aea6dc2c	X	36485140	54481102	7532	0.157
586958fe-f0d2-466d-be89-af58aea6dc2c	X	54483875	58291715	1490	0.1077
586958fe-f0d2-466d-be89-af58aea6dc2c	X	62952913	76644973	4908	0.0049
586958fe-f0d2-466d-be89-af58aea6dc2c	X	76648483	97715918	8258	-0.0544
586958fe-f0d2-466d-be89-af58aea6dc2c	X	97715973	107867059	4715	-0.013
586958fe-f0d2-466d-be89-af58aea6dc2c	X	107867912	107868802	2	-1.5678
586958fe-f0d2-466d-be89-af58aea6dc2c	X	107873582	147300610	18794	-0.0009
586958fe-f0d2-466d-be89-af58aea6dc2c	X	147303543	147536055	192	-0.1525
586958fe-f0d2-466d-be89-af58aea6dc2c	X	147537056	155677414	3072	0.0303
