GDC_Aliquot	Chromosome	Start	End	Num_Probes	Segment_Mean
8cb9f38a-147a-47d0-a631-a1a1cca4c118	1	3301765	5185758	1328	-0.4525
8cb9f38a-147a-47d0-a631-a1a1cca4c118	1	5186566	5190437	3	-6.7175
8cb9f38a-147a-47d0-a631-a1a1cca4c118	1	5192144	247650984	127990	-0.435
8cb9f38a-147a-47d0-a631-a1a1cca4c118	2	480597	6084753	3195	-0.3989
8cb9f38a-147a-47d0-a631-a1a1cca4c118	2	6084828	6086884	2	-3.3438
8cb9f38a-147a-47d0-a631-a1a1cca4c118	2	6086951	68340557	37035	-0.3994
8cb9f38a-147a-47d0-a631-a1a1cca4c118	2	68340729	68340895	2	-3.486
8cb9f38a-147a-47d0-a631-a1a1cca4c118	2	68340927	241537572	91588	-0.3944
8cb9f38a-147a-47d0-a631-a1a1cca4c118	3	2170634	11713345	5631	-0.4481
8cb9f38a-147a-47d0-a631-a1a1cca4c118	3	11715740	11717039	3	-2.5113
8cb9f38a-147a-47d0-a631-a1a1cca4c118	3	11720790	153024048	78337	-0.4402
8cb9f38a-147a-47d0-a631-a1a1cca4c118	3	153025152	153025335	2	-3.1752
8cb9f38a-147a-47d0-a631-a1a1cca4c118	3	153026384	197812401	22912	-0.4443
8cb9f38a-147a-47d0-a631-a1a1cca4c118	4	1059384	10429107	4919	0.3472
8cb9f38a-147a-47d0-a631-a1a1cca4c118	4	10429159	137017547	70663	0.3084
8cb9f38a-147a-47d0-a631-a1a1cca4c118	4	137017561	137050960	2	3.0373
8cb9f38a-147a-47d0-a631-a1a1cca4c118	4	137054931	181238603	24662	0.3106
8cb9f38a-147a-47d0-a631-a1a1cca4c118	4	181242754	181636852	289	-0.4696
8cb9f38a-147a-47d0-a631-a1a1cca4c118	4	181641160	181895448	247	0.302
8cb9f38a-147a-47d0-a631-a1a1cca4c118	4	181896315	182146517	195	0.7797
8cb9f38a-147a-47d0-a631-a1a1cca4c118	4	182147817	187842528	2445	0.3223
8cb9f38a-147a-47d0-a631-a1a1cca4c118	5	913983	1322578	71	1.0446
8cb9f38a-147a-47d0-a631-a1a1cca4c118	5	1325652	5650799	3233	0.3058
8cb9f38a-147a-47d0-a631-a1a1cca4c118	5	5652934	6546321	715	0.7856
8cb9f38a-147a-47d0-a631-a1a1cca4c118	5	6547477	17956881	7018	0.299
8cb9f38a-147a-47d0-a631-a1a1cca4c118	5	17957233	19352904	724	0.7371
8cb9f38a-147a-47d0-a631-a1a1cca4c118	5	19355028	25767303	3187	0.2817
8cb9f38a-147a-47d0-a631-a1a1cca4c118	5	25768782	26629824	515	1.0863
8cb9f38a-147a-47d0-a631-a1a1cca4c118	5	26630346	29465488	1494	0.289
8cb9f38a-147a-47d0-a631-a1a1cca4c118	5	29465696	29567884	64	0.9405
8cb9f38a-147a-47d0-a631-a1a1cca4c118	5	29569649	29950877	224	1.3211
8cb9f38a-147a-47d0-a631-a1a1cca4c118	5	29951477	30677492	406	1.0885
8cb9f38a-147a-47d0-a631-a1a1cca4c118	5	30679508	30682238	6	0.8349
8cb9f38a-147a-47d0-a631-a1a1cca4c118	5	30685896	31042439	251	0.312
8cb9f38a-147a-47d0-a631-a1a1cca4c118	5	31045577	36503725	3289	0.7739
8cb9f38a-147a-47d0-a631-a1a1cca4c118	5	36503828	37909886	649	0.3077
8cb9f38a-147a-47d0-a631-a1a1cca4c118	5	37928099	38177471	217	1.1196
8cb9f38a-147a-47d0-a631-a1a1cca4c118	5	38178134	40066117	1320	0.7793
8cb9f38a-147a-47d0-a631-a1a1cca4c118	5	40066406	45383300	2720	1.1058
8cb9f38a-147a-47d0-a631-a1a1cca4c118	5	50828231	80105549	16563	0.7807
8cb9f38a-147a-47d0-a631-a1a1cca4c118	5	80106620	132185229	28291	0.7692
8cb9f38a-147a-47d0-a631-a1a1cca4c118	5	132185373	180934240	30086	0.7853
8cb9f38a-147a-47d0-a631-a1a1cca4c118	6	1011760	16871918	11344	0.3432
8cb9f38a-147a-47d0-a631-a1a1cca4c118	6	16872001	22397999	3788	0.3039
8cb9f38a-147a-47d0-a631-a1a1cca4c118	6	22398779	56660518	18673	0.3333
8cb9f38a-147a-47d0-a631-a1a1cca4c118	6	56662233	87691816	14794	0.2987
8cb9f38a-147a-47d0-a631-a1a1cca4c118	6	87699594	87749867	29	-0.4433
8cb9f38a-147a-47d0-a631-a1a1cca4c118	6	87753509	110599259	12868	0.3134
8cb9f38a-147a-47d0-a631-a1a1cca4c118	6	110600451	111470260	412	0.2313
8cb9f38a-147a-47d0-a631-a1a1cca4c118	6	111470493	170596889	35170	0.3237
8cb9f38a-147a-47d0-a631-a1a1cca4c118	7	664936	4273313	1370	0.3436
8cb9f38a-147a-47d0-a631-a1a1cca4c118	7	4274356	24366223	11326	0.3079
8cb9f38a-147a-47d0-a631-a1a1cca4c118	7	24366233	30769594	4088	0.3389
8cb9f38a-147a-47d0-a631-a1a1cca4c118	7	30799015	30836507	32	-0.4507
8cb9f38a-147a-47d0-a631-a1a1cca4c118	7	30836816	54871387	15656	0.3186
8cb9f38a-147a-47d0-a631-a1a1cca4c118	7	54871723	75962111	5926	0.2824
8cb9f38a-147a-47d0-a631-a1a1cca4c118	7	75971851	78763686	1313	0.324
8cb9f38a-147a-47d0-a631-a1a1cca4c118	7	78766004	78773577	12	-0.4171
8cb9f38a-147a-47d0-a631-a1a1cca4c118	7	78773754	158592540	42183	0.3158
8cb9f38a-147a-47d0-a631-a1a1cca4c118	8	667625	144182542	81938	-0.4502
8cb9f38a-147a-47d0-a631-a1a1cca4c118	9	789794	21869080	13607	0.3004
8cb9f38a-147a-47d0-a631-a1a1cca4c118	9	21874269	21980471	55	-2.1291
8cb9f38a-147a-47d0-a631-a1a1cca4c118	9	21986219	129965134	50722	0.2943
8cb9f38a-147a-47d0-a631-a1a1cca4c118	9	129965574	129972000	3	-1.6284
8cb9f38a-147a-47d0-a631-a1a1cca4c118	9	129972967	130952083	665	0.2932
8cb9f38a-147a-47d0-a631-a1a1cca4c118	9	130952740	130957032	2	-1.4282
8cb9f38a-147a-47d0-a631-a1a1cca4c118	9	130966973	131872749	578	0.3084
8cb9f38a-147a-47d0-a631-a1a1cca4c118	9	131873125	131891693	11	-0.3506
8cb9f38a-147a-47d0-a631-a1a1cca4c118	9	131892360	138044505	2785	0.3309
8cb9f38a-147a-47d0-a631-a1a1cca4c118	10	366509	15505679	11063	0.325
8cb9f38a-147a-47d0-a631-a1a1cca4c118	10	15506087	43560680	15857	0.2983
8cb9f38a-147a-47d0-a631-a1a1cca4c118	10	43561044	46016391	1328	0.3283
8cb9f38a-147a-47d0-a631-a1a1cca4c118	10	46017981	49711707	1405	0.4067
8cb9f38a-147a-47d0-a631-a1a1cca4c118	10	49712347	133411599	51586	0.3119
8cb9f38a-147a-47d0-a631-a1a1cca4c118	11	456012	97530979	52960	-0.4341
8cb9f38a-147a-47d0-a631-a1a1cca4c118	11	97531416	97531447	3	-2.5798
8cb9f38a-147a-47d0-a631-a1a1cca4c118	11	97533176	134272740	24344	-0.433
8cb9f38a-147a-47d0-a631-a1a1cca4c118	12	780472	6391704	3567	0.3378
8cb9f38a-147a-47d0-a631-a1a1cca4c118	12	6392144	122655073	66069	0.3048
8cb9f38a-147a-47d0-a631-a1a1cca4c118	12	122656528	132605822	4678	0.3241
8cb9f38a-147a-47d0-a631-a1a1cca4c118	13	18874255	23104698	2120	-0.4372
8cb9f38a-147a-47d0-a631-a1a1cca4c118	13	23104796	23106146	4	-2.5731
8cb9f38a-147a-47d0-a631-a1a1cca4c118	13	23106545	78909591	32640	-0.434
8cb9f38a-147a-47d0-a631-a1a1cca4c118	13	78915917	78925839	8	-2.4408
8cb9f38a-147a-47d0-a631-a1a1cca4c118	13	78926583	114226675	22023	-0.447
8cb9f38a-147a-47d0-a631-a1a1cca4c118	14	20033191	105533894	49735	0.3021
8cb9f38a-147a-47d0-a631-a1a1cca4c118	15	23437561	39723624	8208	0.3152
8cb9f38a-147a-47d0-a631-a1a1cca4c118	15	39725850	57493595	9977	0.2984
8cb9f38a-147a-47d0-a631-a1a1cca4c118	15	57493808	101344124	26572	0.3214
8cb9f38a-147a-47d0-a631-a1a1cca4c118	16	603333	68782357	28174	0.3067
8cb9f38a-147a-47d0-a631-a1a1cca4c118	16	68783178	68783536	2	-2.3128
8cb9f38a-147a-47d0-a631-a1a1cca4c118	16	68784047	78677968	5904	0.296
8cb9f38a-147a-47d0-a631-a1a1cca4c118	16	78678501	89317317	7097	0.3373
8cb9f38a-147a-47d0-a631-a1a1cca4c118	17	1074619	3580388	1124	-0.4397
8cb9f38a-147a-47d0-a631-a1a1cca4c118	17	3580491	3581074	2	-3.1461
8cb9f38a-147a-47d0-a631-a1a1cca4c118	17	3591067	17624697	7279	-0.4539
8cb9f38a-147a-47d0-a631-a1a1cca4c118	17	17625356	17631020	2	-2.8139
8cb9f38a-147a-47d0-a631-a1a1cca4c118	17	17631025	31518087	3228	-0.4274
8cb9f38a-147a-47d0-a631-a1a1cca4c118	17	31519316	31545612	14	-1.1433
8cb9f38a-147a-47d0-a631-a1a1cca4c118	17	31547530	49718308	7822	-0.4226
8cb9f38a-147a-47d0-a631-a1a1cca4c118	17	49720034	49720153	2	-2.6903
8cb9f38a-147a-47d0-a631-a1a1cca4c118	17	49721363	82613253	17495	-0.4436
8cb9f38a-147a-47d0-a631-a1a1cca4c118	17	82613318	82613629	2	-3.0266
8cb9f38a-147a-47d0-a631-a1a1cca4c118	17	82613819	82959812	181	-0.4106
8cb9f38a-147a-47d0-a631-a1a1cca4c118	18	326691	75552633	40313	-0.4423
8cb9f38a-147a-47d0-a631-a1a1cca4c118	18	75553267	75553290	2	-3.567
8cb9f38a-147a-47d0-a631-a1a1cca4c118	18	75555016	79349796	2507	-0.462
8cb9f38a-147a-47d0-a631-a1a1cca4c118	19	283868	58370362	24146	0.2994
8cb9f38a-147a-47d0-a631-a1a1cca4c118	20	472817	4750496	2689	0.3357
8cb9f38a-147a-47d0-a631-a1a1cca4c118	20	4750713	18662819	9311	0.3101
8cb9f38a-147a-47d0-a631-a1a1cca4c118	20	18664389	20027886	1206	0.3748
8cb9f38a-147a-47d0-a631-a1a1cca4c118	20	20027937	37802005	6975	0.3152
8cb9f38a-147a-47d0-a631-a1a1cca4c118	20	37804977	63588502	17352	0.3381
8cb9f38a-147a-47d0-a631-a1a1cca4c118	21	13974127	41904689	18646	0.3107
8cb9f38a-147a-47d0-a631-a1a1cca4c118	21	41905036	45964261	1820	0.363
8cb9f38a-147a-47d0-a631-a1a1cca4c118	21	45979081	46262057	108	0.2405
8cb9f38a-147a-47d0-a631-a1a1cca4c118	22	16934932	29029444	4507	-0.4548
8cb9f38a-147a-47d0-a631-a1a1cca4c118	22	29033381	29061634	29	-3.4298
8cb9f38a-147a-47d0-a631-a1a1cca4c118	22	29062453	48940621	12474	-0.4482
8cb9f38a-147a-47d0-a631-a1a1cca4c118	X	3236359	46452208	19544	0.0049
8cb9f38a-147a-47d0-a631-a1a1cca4c118	X	46452332	66009626	5456	-0.0301
8cb9f38a-147a-47d0-a631-a1a1cca4c118	X	66009904	66010572	2	2.033
8cb9f38a-147a-47d0-a631-a1a1cca4c118	X	66010584	85829920	7595	-0.0348
8cb9f38a-147a-47d0-a631-a1a1cca4c118	X	85830055	130414455	20186	-0.005
8cb9f38a-147a-47d0-a631-a1a1cca4c118	X	130417997	130418030	2	3.4623
8cb9f38a-147a-47d0-a631-a1a1cca4c118	X	130418935	155677414	11027	0.0056
