GDC_Aliquot	Chromosome	Start	End	Num_Probes	Segment_Mean
1acc357d-6f1e-4f1f-a752-777196037a59	1	3301765	9200841	3621	-0.405
1acc357d-6f1e-4f1f-a752-777196037a59	1	9201508	9357887	44	0.3023
1acc357d-6f1e-4f1f-a752-777196037a59	1	9358577	16387008	3547	-0.4176
1acc357d-6f1e-4f1f-a752-777196037a59	1	16389879	16471261	45	0.3266
1acc357d-6f1e-4f1f-a752-777196037a59	1	16999460	21875756	3081	-0.4109
1acc357d-6f1e-4f1f-a752-777196037a59	1	21882371	22127166	76	0.4255
1acc357d-6f1e-4f1f-a752-777196037a59	1	22146835	22906237	503	-0.4047
1acc357d-6f1e-4f1f-a752-777196037a59	1	22907704	23089581	92	0.3463
1acc357d-6f1e-4f1f-a752-777196037a59	1	23094362	23123142	17	-0.4067
1acc357d-6f1e-4f1f-a752-777196037a59	1	23126110	23606067	279	0.3225
1acc357d-6f1e-4f1f-a752-777196037a59	1	23608442	32538854	4143	-0.4277
1acc357d-6f1e-4f1f-a752-777196037a59	1	32542882	33009862	172	0.0099
1acc357d-6f1e-4f1f-a752-777196037a59	1	33010691	44214794	6257	-0.4141
1acc357d-6f1e-4f1f-a752-777196037a59	1	44215441	44511834	175	-0.0038
1acc357d-6f1e-4f1f-a752-777196037a59	1	44512647	65220315	12810	-0.4253
1acc357d-6f1e-4f1f-a752-777196037a59	1	65220811	118016835	31340	-0.4626
1acc357d-6f1e-4f1f-a752-777196037a59	1	118017424	119979137	1140	-0.4324
1acc357d-6f1e-4f1f-a752-777196037a59	1	119979978	151735743	687	-0.0117
1acc357d-6f1e-4f1f-a752-777196037a59	1	151741636	152183308	250	0.3349
1acc357d-6f1e-4f1f-a752-777196037a59	1	152185315	162716441	6019	0.0248
1acc357d-6f1e-4f1f-a752-777196037a59	1	162719805	163467957	628	0.8795
1acc357d-6f1e-4f1f-a752-777196037a59	1	163470224	167051804	2698	0.045
1acc357d-6f1e-4f1f-a752-777196037a59	1	167051953	167055371	5	-1.5892
1acc357d-6f1e-4f1f-a752-777196037a59	1	167059022	184640686	11278	0.0242
1acc357d-6f1e-4f1f-a752-777196037a59	1	184646248	200676685	9318	-0.0196
1acc357d-6f1e-4f1f-a752-777196037a59	1	200676791	201014120	146	0.0316
1acc357d-6f1e-4f1f-a752-777196037a59	1	201014894	201101654	87	0.4178
1acc357d-6f1e-4f1f-a752-777196037a59	1	201102756	205122522	2725	0.0441
1acc357d-6f1e-4f1f-a752-777196037a59	1	205122602	205718745	369	0.3635
1acc357d-6f1e-4f1f-a752-777196037a59	1	205719162	247650984	26841	0.0244
1acc357d-6f1e-4f1f-a752-777196037a59	2	480597	27782701	16800	-0.4795
1acc357d-6f1e-4f1f-a752-777196037a59	2	27784960	28058239	124	-0.1094
1acc357d-6f1e-4f1f-a752-777196037a59	2	28066256	35106731	3940	-0.4695
1acc357d-6f1e-4f1f-a752-777196037a59	2	35119874	35253248	76	-0.9913
1acc357d-6f1e-4f1f-a752-777196037a59	2	35258018	37357500	1195	-0.486
1acc357d-6f1e-4f1f-a752-777196037a59	2	38045199	38635081	438	0.2778
1acc357d-6f1e-4f1f-a752-777196037a59	2	38646657	59589979	12109	-0.4976
1acc357d-6f1e-4f1f-a752-777196037a59	2	59591512	59807802	163	1.3108
1acc357d-6f1e-4f1f-a752-777196037a59	2	59809173	60212800	311	1.5729
1acc357d-6f1e-4f1f-a752-777196037a59	2	60213064	60618168	260	1.2917
1acc357d-6f1e-4f1f-a752-777196037a59	2	60618425	60725180	56	0.9442
1acc357d-6f1e-4f1f-a752-777196037a59	2	60734447	61429713	324	1.3509
1acc357d-6f1e-4f1f-a752-777196037a59	2	61432269	61735767	145	0.9711
1acc357d-6f1e-4f1f-a752-777196037a59	2	61743112	63381589	772	-0.4392
1acc357d-6f1e-4f1f-a752-777196037a59	2	63385431	65652282	1199	0.9593
1acc357d-6f1e-4f1f-a752-777196037a59	2	65653417	65923711	267	1.3251
1acc357d-6f1e-4f1f-a752-777196037a59	2	65931010	66585206	447	-0.4648
1acc357d-6f1e-4f1f-a752-777196037a59	2	66587105	68142711	1102	0.9979
1acc357d-6f1e-4f1f-a752-777196037a59	2	68149121	68236480	48	-0.6381
1acc357d-6f1e-4f1f-a752-777196037a59	2	68237139	68268518	18	0.7356
1acc357d-6f1e-4f1f-a752-777196037a59	2	68269040	68830198	255	0.9863
1acc357d-6f1e-4f1f-a752-777196037a59	2	68831467	78756922	5580	0.5514
1acc357d-6f1e-4f1f-a752-777196037a59	2	79470645	88831554	4570	-0.4743
1acc357d-6f1e-4f1f-a752-777196037a59	2	94675825	111215173	8242	-0.0386
1acc357d-6f1e-4f1f-a752-777196037a59	2	111639145	135363745	11829	0.5757
1acc357d-6f1e-4f1f-a752-777196037a59	2	135370296	141441852	3225	0.5407
1acc357d-6f1e-4f1f-a752-777196037a59	2	141441892	141529053	83	-0.0205
1acc357d-6f1e-4f1f-a752-777196037a59	2	141532530	215392624	41463	0.5342
1acc357d-6f1e-4f1f-a752-777196037a59	2	215392974	218225642	1944	0.6005
1acc357d-6f1e-4f1f-a752-777196037a59	2	218225870	233666581	9086	0.5502
1acc357d-6f1e-4f1f-a752-777196037a59	2	233670076	241537572	4912	0.6016
1acc357d-6f1e-4f1f-a752-777196037a59	3	2170634	3488949	757	-0.0737
1acc357d-6f1e-4f1f-a752-777196037a59	3	3490061	3511303	17	-0.7808
1acc357d-6f1e-4f1f-a752-777196037a59	3	3511443	9794129	3615	-0.0468
1acc357d-6f1e-4f1f-a752-777196037a59	3	9796602	9866945	29	0.5481
1acc357d-6f1e-4f1f-a752-777196037a59	3	9867065	9951748	37	0.964
1acc357d-6f1e-4f1f-a752-777196037a59	3	9953167	10028991	22	0.4162
1acc357d-6f1e-4f1f-a752-777196037a59	3	10039861	49251583	22875	-0.0602
1acc357d-6f1e-4f1f-a752-777196037a59	3	49254363	49355834	39	0.5451
1acc357d-6f1e-4f1f-a752-777196037a59	3	49363977	51931316	1046	-0.0223
1acc357d-6f1e-4f1f-a752-777196037a59	3	51935683	52014280	22	0.4532
1acc357d-6f1e-4f1f-a752-777196037a59	3	52015002	52043626	9	1.1273
1acc357d-6f1e-4f1f-a752-777196037a59	3	52046571	52050024	3	-1.3026
1acc357d-6f1e-4f1f-a752-777196037a59	3	52057238	52421208	121	-0.0373
1acc357d-6f1e-4f1f-a752-777196037a59	3	52423212	52428830	5	0.2055
1acc357d-6f1e-4f1f-a752-777196037a59	3	52434493	52573272	61	0.893
1acc357d-6f1e-4f1f-a752-777196037a59	3	52575478	52863200	150	-0.0477
1acc357d-6f1e-4f1f-a752-777196037a59	3	52866248	53291535	233	0.5895
1acc357d-6f1e-4f1f-a752-777196037a59	3	53293218	76023951	14528	-0.019
1acc357d-6f1e-4f1f-a752-777196037a59	3	76024484	118302628	20906	-0.0694
1acc357d-6f1e-4f1f-a752-777196037a59	3	118302899	141279645	12979	-0.0267
1acc357d-6f1e-4f1f-a752-777196037a59	3	141280709	182503053	20815	-0.0624
1acc357d-6f1e-4f1f-a752-777196037a59	3	182504527	184180057	553	-0.0271
1acc357d-6f1e-4f1f-a752-777196037a59	3	184183404	184240129	29	0.5743
1acc357d-6f1e-4f1f-a752-777196037a59	3	184250199	196770477	7207	-0.03
1acc357d-6f1e-4f1f-a752-777196037a59	3	197242908	197258473	13	-1.202
1acc357d-6f1e-4f1f-a752-777196037a59	3	197260270	197812401	138	-0.0493
1acc357d-6f1e-4f1f-a752-777196037a59	4	1059384	2383772	457	-0.0598
1acc357d-6f1e-4f1f-a752-777196037a59	4	2384684	4577657	951	-0.0191
1acc357d-6f1e-4f1f-a752-777196037a59	4	4580184	6531334	1519	0.0401
1acc357d-6f1e-4f1f-a752-777196037a59	4	6533818	15402086	5673	-0.0279
1acc357d-6f1e-4f1f-a752-777196037a59	4	15402762	38960042	14911	-0.0694
1acc357d-6f1e-4f1f-a752-777196037a59	4	38964851	39150116	99	0.5631
1acc357d-6f1e-4f1f-a752-777196037a59	4	39165167	40865822	759	-0.1043
1acc357d-6f1e-4f1f-a752-777196037a59	4	40868889	47860537	3612	-0.0581
1acc357d-6f1e-4f1f-a752-777196037a59	4	47863872	47863985	2	-1.9448
1acc357d-6f1e-4f1f-a752-777196037a59	4	47867952	57970026	4057	-0.0406
1acc357d-6f1e-4f1f-a752-777196037a59	4	57970339	180604429	67239	-0.086
1acc357d-6f1e-4f1f-a752-777196037a59	4	181157671	182134218	781	-0.5215
1acc357d-6f1e-4f1f-a752-777196037a59	4	182136425	183537793	504	-0.0493
1acc357d-6f1e-4f1f-a752-777196037a59	4	183542160	183561518	20	0.586
1acc357d-6f1e-4f1f-a752-777196037a59	4	183562723	185977375	824	-0.0529
1acc357d-6f1e-4f1f-a752-777196037a59	4	185979560	186061784	64	0.6209
1acc357d-6f1e-4f1f-a752-777196037a59	4	186062188	187842528	1022	-0.0233
1acc357d-6f1e-4f1f-a752-777196037a59	5	913983	1300469	62	2.8553
1acc357d-6f1e-4f1f-a752-777196037a59	5	1308959	3268825	1211	-1.122
1acc357d-6f1e-4f1f-a752-777196037a59	5	3269544	3272615	5	-4.6138
1acc357d-6f1e-4f1f-a752-777196037a59	5	3273037	5680888	1941	-1.13
1acc357d-6f1e-4f1f-a752-777196037a59	5	5715019	5790815	70	2.4043
1acc357d-6f1e-4f1f-a752-777196037a59	5	5791291	6010582	193	2.7376
1acc357d-6f1e-4f1f-a752-777196037a59	5	6010598	6091281	77	2.5196
1acc357d-6f1e-4f1f-a752-777196037a59	5	6093588	6414457	246	3.0416
1acc357d-6f1e-4f1f-a752-777196037a59	5	6415690	6625978	191	2.5704
1acc357d-6f1e-4f1f-a752-777196037a59	5	6627994	14024306	4760	-1.0891
1acc357d-6f1e-4f1f-a752-777196037a59	5	14026180	14047520	14	-3.6785
1acc357d-6f1e-4f1f-a752-777196037a59	5	14048154	17747964	1837	-1.099
1acc357d-6f1e-4f1f-a752-777196037a59	5	17756092	17868839	87	1.1425
1acc357d-6f1e-4f1f-a752-777196037a59	5	17872258	17960987	66	0.2549
1acc357d-6f1e-4f1f-a752-777196037a59	5	17993315	18200920	122	1.1236
1acc357d-6f1e-4f1f-a752-777196037a59	5	18202649	18696217	307	1.5047
1acc357d-6f1e-4f1f-a752-777196037a59	5	18696725	18778593	50	1.0919
1acc357d-6f1e-4f1f-a752-777196037a59	5	18778683	19017511	58	2.3996
1acc357d-6f1e-4f1f-a752-777196037a59	5	19017980	19149293	77	2.9057
1acc357d-6f1e-4f1f-a752-777196037a59	5	19151424	19329118	80	2.261
1acc357d-6f1e-4f1f-a752-777196037a59	5	19329155	19332221	3	1.5029
1acc357d-6f1e-4f1f-a752-777196037a59	5	19332493	19453974	90	0.4939
1acc357d-6f1e-4f1f-a752-777196037a59	5	19462863	19476194	13	1.6707
1acc357d-6f1e-4f1f-a752-777196037a59	5	19480121	19522928	32	0.5449
1acc357d-6f1e-4f1f-a752-777196037a59	5	19523060	19539763	18	1.2514
1acc357d-6f1e-4f1f-a752-777196037a59	5	19545212	19681656	72	0.5772
1acc357d-6f1e-4f1f-a752-777196037a59	5	19684908	19725356	19	1.3557
1acc357d-6f1e-4f1f-a752-777196037a59	5	19732694	20153560	230	0.5755
1acc357d-6f1e-4f1f-a752-777196037a59	5	20162267	20676092	187	-0.9798
1acc357d-6f1e-4f1f-a752-777196037a59	5	20771724	20785344	7	0.2863
1acc357d-6f1e-4f1f-a752-777196037a59	5	20787031	20937226	33	-0.637
1acc357d-6f1e-4f1f-a752-777196037a59	5	20937946	20948058	5	0.4174
1acc357d-6f1e-4f1f-a752-777196037a59	5	20950527	21063227	76	-1.1209
1acc357d-6f1e-4f1f-a752-777196037a59	5	21067188	21339080	163	2.9625
1acc357d-6f1e-4f1f-a752-777196037a59	5	21341983	21361673	7	1.5515
1acc357d-6f1e-4f1f-a752-777196037a59	5	21391680	21612050	32	3.2844
1acc357d-6f1e-4f1f-a752-777196037a59	5	21617555	22001290	244	2.4682
1acc357d-6f1e-4f1f-a752-777196037a59	5	22002945	22114740	50	1.8297
1acc357d-6f1e-4f1f-a752-777196037a59	5	22115481	22419490	126	2.2654
1acc357d-6f1e-4f1f-a752-777196037a59	5	22424080	22644085	116	2.563
1acc357d-6f1e-4f1f-a752-777196037a59	5	22652480	22846774	119	2.2332
1acc357d-6f1e-4f1f-a752-777196037a59	5	22852875	23101564	158	1.8591
1acc357d-6f1e-4f1f-a752-777196037a59	5	23101737	23192602	44	2.7092
1acc357d-6f1e-4f1f-a752-777196037a59	5	23193329	23289064	63	2.1959
1acc357d-6f1e-4f1f-a752-777196037a59	5	23289842	23298283	24	3.0551
1acc357d-6f1e-4f1f-a752-777196037a59	5	23304126	23771798	276	-1.0282
1acc357d-6f1e-4f1f-a752-777196037a59	5	23772618	24061287	128	3.1456
1acc357d-6f1e-4f1f-a752-777196037a59	5	24061305	24284110	138	2.0611
1acc357d-6f1e-4f1f-a752-777196037a59	5	24285370	24290300	2	-0.4075
1acc357d-6f1e-4f1f-a752-777196037a59	5	24291055	24884285	352	2.1565
1acc357d-6f1e-4f1f-a752-777196037a59	5	24884808	24926044	20	2.792
1acc357d-6f1e-4f1f-a752-777196037a59	5	24926538	24968177	33	2.3011
1acc357d-6f1e-4f1f-a752-777196037a59	5	24968516	25077162	59	2.8195
1acc357d-6f1e-4f1f-a752-777196037a59	5	25384764	25410900	19	-0.0685
1acc357d-6f1e-4f1f-a752-777196037a59	5	25411871	25564011	102	-1.0907
1acc357d-6f1e-4f1f-a752-777196037a59	5	25568460	25972796	256	2.7445
1acc357d-6f1e-4f1f-a752-777196037a59	5	26002907	26358066	206	-1.1054
1acc357d-6f1e-4f1f-a752-777196037a59	5	26363296	26437541	51	0.5822
1acc357d-6f1e-4f1f-a752-777196037a59	5	26440732	26910363	292	-1.0683
1acc357d-6f1e-4f1f-a752-777196037a59	5	26911237	27415789	250	0.2358
1acc357d-6f1e-4f1f-a752-777196037a59	5	27426236	27505750	51	0.6984
1acc357d-6f1e-4f1f-a752-777196037a59	5	27535302	27648270	42	1.1774
1acc357d-6f1e-4f1f-a752-777196037a59	5	27651587	27882906	123	0.792
1acc357d-6f1e-4f1f-a752-777196037a59	5	27883950	28099893	122	1.1415
1acc357d-6f1e-4f1f-a752-777196037a59	5	28102328	28113098	7	1.7174
1acc357d-6f1e-4f1f-a752-777196037a59	5	28117370	28121667	6	0.8896
1acc357d-6f1e-4f1f-a752-777196037a59	5	28126801	28225928	49	-0.039
1acc357d-6f1e-4f1f-a752-777196037a59	5	28229072	28288879	35	2.5509
1acc357d-6f1e-4f1f-a752-777196037a59	5	28289465	28357409	40	0.8078
1acc357d-6f1e-4f1f-a752-777196037a59	5	28363018	28581767	128	-0.0632
1acc357d-6f1e-4f1f-a752-777196037a59	5	28584348	28634684	24	1.0543
1acc357d-6f1e-4f1f-a752-777196037a59	5	28635718	28766375	30	0.7023
1acc357d-6f1e-4f1f-a752-777196037a59	5	28782750	29047361	139	0.2607
1acc357d-6f1e-4f1f-a752-777196037a59	5	29050456	29069734	22	2.3031
1acc357d-6f1e-4f1f-a752-777196037a59	5	29076365	29076892	5	3.499
1acc357d-6f1e-4f1f-a752-777196037a59	5	29076919	29125707	29	2.493
1acc357d-6f1e-4f1f-a752-777196037a59	5	29129105	29425722	176	-1.0816
1acc357d-6f1e-4f1f-a752-777196037a59	5	29431519	29440802	6	0.7782
1acc357d-6f1e-4f1f-a752-777196037a59	5	29441301	29662946	121	-1.1214
1acc357d-6f1e-4f1f-a752-777196037a59	5	29670350	29709290	37	0.2238
1acc357d-6f1e-4f1f-a752-777196037a59	5	29715557	29861043	92	-1.1129
1acc357d-6f1e-4f1f-a752-777196037a59	5	29866314	30007844	102	0.2576
1acc357d-6f1e-4f1f-a752-777196037a59	5	30008689	30191298	104	1.1475
1acc357d-6f1e-4f1f-a752-777196037a59	5	30193972	31600187	1007	0.2886
1acc357d-6f1e-4f1f-a752-777196037a59	5	31604344	31880435	212	1.2369
1acc357d-6f1e-4f1f-a752-777196037a59	5	31882106	32349672	269	0.3488
1acc357d-6f1e-4f1f-a752-777196037a59	5	32356870	32406698	27	2.5776
1acc357d-6f1e-4f1f-a752-777196037a59	5	32408550	32793068	294	2.2164
1acc357d-6f1e-4f1f-a752-777196037a59	5	32793707	33525378	440	2.4324
1acc357d-6f1e-4f1f-a752-777196037a59	5	33526886	33546588	42	1.98
1acc357d-6f1e-4f1f-a752-777196037a59	5	33546670	33923806	262	2.4401
1acc357d-6f1e-4f1f-a752-777196037a59	5	33926009	35048497	205	2.6369
1acc357d-6f1e-4f1f-a752-777196037a59	5	35048506	35358901	188	2.9221
1acc357d-6f1e-4f1f-a752-777196037a59	5	35358952	35841379	341	2.6663
1acc357d-6f1e-4f1f-a752-777196037a59	5	35842711	35842723	2	5.2332
1acc357d-6f1e-4f1f-a752-777196037a59	5	35844754	35874996	29	2.8143
1acc357d-6f1e-4f1f-a752-777196037a59	5	35875125	36373927	345	2.1958
1acc357d-6f1e-4f1f-a752-777196037a59	5	36376249	38569755	1266	0.3085
1acc357d-6f1e-4f1f-a752-777196037a59	5	38570322	38698354	85	1.0414
1acc357d-6f1e-4f1f-a752-777196037a59	5	38699070	39533229	572	0.3084
1acc357d-6f1e-4f1f-a752-777196037a59	5	39545311	39574923	29	0.8605
1acc357d-6f1e-4f1f-a752-777196037a59	5	39577819	45378354	3028	0.2763
1acc357d-6f1e-4f1f-a752-777196037a59	5	45383300	100944026	26711	-0.0611
1acc357d-6f1e-4f1f-a752-777196037a59	5	100947898	101371558	225	-1.1452
1acc357d-6f1e-4f1f-a752-777196037a59	5	101375704	101383089	4	-0.4709
1acc357d-6f1e-4f1f-a752-777196037a59	5	101423699	104357435	1386	0.2698
1acc357d-6f1e-4f1f-a752-777196037a59	5	104454278	104612534	117	-1.0477
1acc357d-6f1e-4f1f-a752-777196037a59	5	104619021	116401949	7024	-0.058
1acc357d-6f1e-4f1f-a752-777196037a59	5	116414936	116431958	15	0.6813
1acc357d-6f1e-4f1f-a752-777196037a59	5	116435813	133123234	9456	-0.0633
1acc357d-6f1e-4f1f-a752-777196037a59	5	133124020	137734756	3149	-0.0109
1acc357d-6f1e-4f1f-a752-777196037a59	5	137739032	141976383	1827	-0.051
1acc357d-6f1e-4f1f-a752-777196037a59	5	141976594	142061935	57	0.6127
1acc357d-6f1e-4f1f-a752-777196037a59	5	142064828	167557120	16447	-0.052
1acc357d-6f1e-4f1f-a752-777196037a59	5	167558252	175905543	5804	0.0024
1acc357d-6f1e-4f1f-a752-777196037a59	5	175910383	180934240	2042	-0.0373
1acc357d-6f1e-4f1f-a752-777196037a59	6	1011760	39083142	22772	-0.0338
1acc357d-6f1e-4f1f-a752-777196037a59	6	39083663	41018289	1473	0.0307
1acc357d-6f1e-4f1f-a752-777196037a59	6	41018884	42788734	1037	-0.0231
1acc357d-6f1e-4f1f-a752-777196037a59	6	42791112	43363247	274	0.5496
1acc357d-6f1e-4f1f-a752-777196037a59	6	43367612	47908792	2738	-0.0199
1acc357d-6f1e-4f1f-a752-777196037a59	6	47914914	159185841	62047	-0.0504
1acc357d-6f1e-4f1f-a752-777196037a59	6	159185950	170596889	5919	-0.0059
1acc357d-6f1e-4f1f-a752-777196037a59	7	664936	1464355	152	0.6026
1acc357d-6f1e-4f1f-a752-777196037a59	7	1464784	5538858	1718	0.0014
1acc357d-6f1e-4f1f-a752-777196037a59	7	5538888	5616670	29	0.4138
1acc357d-6f1e-4f1f-a752-777196037a59	7	5621055	5642779	17	-0.0192
1acc357d-6f1e-4f1f-a752-777196037a59	7	5643640	21387411	8477	-0.0528
1acc357d-6f1e-4f1f-a752-777196037a59	7	21388219	74615750	27430	-0.0205
1acc357d-6f1e-4f1f-a752-777196037a59	7	74616516	74951861	47	0.5844
1acc357d-6f1e-4f1f-a752-777196037a59	7	74953065	75823109	167	-0.0359
1acc357d-6f1e-4f1f-a752-777196037a59	7	75823266	75852505	14	0.6718
1acc357d-6f1e-4f1f-a752-777196037a59	7	75852566	87508065	6438	-0.065
1acc357d-6f1e-4f1f-a752-777196037a59	7	87508709	87665899	98	0.4943
1acc357d-6f1e-4f1f-a752-777196037a59	7	87669438	105678416	8380	-0.0461
1acc357d-6f1e-4f1f-a752-777196037a59	7	105680446	106293308	508	0.588
1acc357d-6f1e-4f1f-a752-777196037a59	7	106327473	152640477	24615	-0.0504
1acc357d-6f1e-4f1f-a752-777196037a59	7	152640561	158592540	3144	0.0152
1acc357d-6f1e-4f1f-a752-777196037a59	8	667625	1345065	236	-1.1304
1acc357d-6f1e-4f1f-a752-777196037a59	8	1345465	1360960	6	-4.3346
1acc357d-6f1e-4f1f-a752-777196037a59	8	1365954	1536077	102	-1.0411
1acc357d-6f1e-4f1f-a752-777196037a59	8	1536169	1538116	4	-5.6804
1acc357d-6f1e-4f1f-a752-777196037a59	8	1538672	3623508	1112	-1.1192
1acc357d-6f1e-4f1f-a752-777196037a59	8	3624017	3624038	2	-6.7179
1acc357d-6f1e-4f1f-a752-777196037a59	8	3624233	9882819	2599	-1.1237
1acc357d-6f1e-4f1f-a752-777196037a59	8	9883085	9883353	5	-4.8399
1acc357d-6f1e-4f1f-a752-777196037a59	8	9883968	11452160	859	-1.1626
1acc357d-6f1e-4f1f-a752-777196037a59	8	11452340	11452503	3	-6.122
1acc357d-6f1e-4f1f-a752-777196037a59	8	11465488	13034965	430	-1.1909
1acc357d-6f1e-4f1f-a752-777196037a59	8	13039639	13352212	258	3.0126
1acc357d-6f1e-4f1f-a752-777196037a59	8	13352428	13606434	215	2.5172
1acc357d-6f1e-4f1f-a752-777196037a59	8	13796271	13901486	115	1.2667
1acc357d-6f1e-4f1f-a752-777196037a59	8	13901579	13999190	76	1.7653
1acc357d-6f1e-4f1f-a752-777196037a59	8	14000564	14284859	210	1.304
1acc357d-6f1e-4f1f-a752-777196037a59	8	14284946	14455880	167	0.9637
1acc357d-6f1e-4f1f-a752-777196037a59	8	14455886	14578731	105	-1.0794
1acc357d-6f1e-4f1f-a752-777196037a59	8	14579143	14669472	101	0.3014
1acc357d-6f1e-4f1f-a752-777196037a59	8	14679264	19066546	3257	-1.1174
1acc357d-6f1e-4f1f-a752-777196037a59	8	19067399	19094853	28	-0.1337
1acc357d-6f1e-4f1f-a752-777196037a59	8	19095604	22038402	2293	-1.082
1acc357d-6f1e-4f1f-a752-777196037a59	8	22038520	22046701	5	-3.631
1acc357d-6f1e-4f1f-a752-777196037a59	8	22047234	22277682	84	-1.0709
1acc357d-6f1e-4f1f-a752-777196037a59	8	22280746	22526630	32	0.0828
1acc357d-6f1e-4f1f-a752-777196037a59	8	22527548	22584020	27	0.6602
1acc357d-6f1e-4f1f-a752-777196037a59	8	22587079	22593644	4	-0.1719
1acc357d-6f1e-4f1f-a752-777196037a59	8	22594175	22635611	28	0.5966
1acc357d-6f1e-4f1f-a752-777196037a59	8	22637517	26373819	2437	-1.1044
1acc357d-6f1e-4f1f-a752-777196037a59	8	26392780	26591237	145	1.6018
1acc357d-6f1e-4f1f-a752-777196037a59	8	26591895	27406383	622	1.3024
1acc357d-6f1e-4f1f-a752-777196037a59	8	27406593	27459820	52	1.4749
1acc357d-6f1e-4f1f-a752-777196037a59	8	27462529	27549339	60	-1.1541
1acc357d-6f1e-4f1f-a752-777196037a59	8	27557959	27571711	19	1.334
1acc357d-6f1e-4f1f-a752-777196037a59	8	27576158	29081905	984	-1.1199
1acc357d-6f1e-4f1f-a752-777196037a59	8	29089478	29634450	356	2.6537
1acc357d-6f1e-4f1f-a752-777196037a59	8	29637369	30873655	690	-1.0071
1acc357d-6f1e-4f1f-a752-777196037a59	8	30874013	31063427	107	2.0604
1acc357d-6f1e-4f1f-a752-777196037a59	8	31065410	31065440	3	0.4945
1acc357d-6f1e-4f1f-a752-777196037a59	8	31065861	31120201	39	2.0949
1acc357d-6f1e-4f1f-a752-777196037a59	8	31124681	31126552	3	3.1562
1acc357d-6f1e-4f1f-a752-777196037a59	8	31126670	31136972	7	1.9193
1acc357d-6f1e-4f1f-a752-777196037a59	8	31140518	33979199	1818	0.5834
1acc357d-6f1e-4f1f-a752-777196037a59	8	33986021	33999146	12	2.6567
1acc357d-6f1e-4f1f-a752-777196037a59	8	34002629	34361372	214	-1.0607
1acc357d-6f1e-4f1f-a752-777196037a59	8	34365459	34379474	14	1.9797
1acc357d-6f1e-4f1f-a752-777196037a59	8	34381396	34645745	138	2.1953
1acc357d-6f1e-4f1f-a752-777196037a59	8	34651036	34793728	94	2.6309
1acc357d-6f1e-4f1f-a752-777196037a59	8	34796638	34945055	85	1.6272
1acc357d-6f1e-4f1f-a752-777196037a59	8	34997908	35083664	53	0.5886
1acc357d-6f1e-4f1f-a752-777196037a59	8	35088276	35140618	40	1.7348
1acc357d-6f1e-4f1f-a752-777196037a59	8	35250447	35292591	16	1.2573
1acc357d-6f1e-4f1f-a752-777196037a59	8	35292633	35315351	12	1.6943
1acc357d-6f1e-4f1f-a752-777196037a59	8	35315592	35547661	116	2.1503
1acc357d-6f1e-4f1f-a752-777196037a59	8	35549055	35616132	48	1.7973
1acc357d-6f1e-4f1f-a752-777196037a59	8	35618035	35619878	3	3.3347
1acc357d-6f1e-4f1f-a752-777196037a59	8	35621592	35808961	113	2.0363
1acc357d-6f1e-4f1f-a752-777196037a59	8	35810980	36243258	183	1.638
1acc357d-6f1e-4f1f-a752-777196037a59	8	36245324	36271604	16	2.8764
1acc357d-6f1e-4f1f-a752-777196037a59	8	36272036	37210686	454	-1.0324
1acc357d-6f1e-4f1f-a752-777196037a59	8	37215522	37267620	39	0.5877
1acc357d-6f1e-4f1f-a752-777196037a59	8	37267904	37379415	92	2.3194
1acc357d-6f1e-4f1f-a752-777196037a59	8	37379784	38010956	271	2.8168
1acc357d-6f1e-4f1f-a752-777196037a59	8	38015824	38147775	47	-1.0165
1acc357d-6f1e-4f1f-a752-777196037a59	8	38148460	38149498	2	-3.4952
1acc357d-6f1e-4f1f-a752-777196037a59	8	38150660	38973540	372	-1.003
1acc357d-6f1e-4f1f-a752-777196037a59	8	38977750	40268842	677	0.5522
1acc357d-6f1e-4f1f-a752-777196037a59	8	40269575	42201132	1255	0.6259
1acc357d-6f1e-4f1f-a752-777196037a59	8	42205784	46547532	488	0.5259
1acc357d-6f1e-4f1f-a752-777196037a59	8	46549323	130188886	48248	-0.0336
1acc357d-6f1e-4f1f-a752-777196037a59	8	130189262	143302447	8177	0.0151
1acc357d-6f1e-4f1f-a752-777196037a59	8	143302501	144182542	202	-0.0763
1acc357d-6f1e-4f1f-a752-777196037a59	9	789794	14382956	7614	-0.0201
1acc357d-6f1e-4f1f-a752-777196037a59	9	14383732	14460874	89	-0.9771
1acc357d-6f1e-4f1f-a752-777196037a59	9	14464256	14802906	309	0.0208
1acc357d-6f1e-4f1f-a752-777196037a59	9	14803726	75361443	20003	-0.0308
1acc357d-6f1e-4f1f-a752-777196037a59	9	75361701	111439238	24137	0.0085
1acc357d-6f1e-4f1f-a752-777196037a59	9	111445621	112127825	437	0.5715
1acc357d-6f1e-4f1f-a752-777196037a59	9	112130043	129134244	10776	0.011
1acc357d-6f1e-4f1f-a752-777196037a59	9	129141602	129229841	48	1.3316
1acc357d-6f1e-4f1f-a752-777196037a59	9	129233792	138044505	4420	0.8577
1acc357d-6f1e-4f1f-a752-777196037a59	10	366509	21452305	15251	-0.0198
1acc357d-6f1e-4f1f-a752-777196037a59	10	21452529	21579946	50	0.55
1acc357d-6f1e-4f1f-a752-777196037a59	10	21585597	35100108	8728	-0.0216
1acc357d-6f1e-4f1f-a752-777196037a59	10	35110891	35215866	52	0.5899
1acc357d-6f1e-4f1f-a752-777196037a59	10	35217751	50825940	5415	-0.0083
1acc357d-6f1e-4f1f-a752-777196037a59	10	50826346	69412212	11082	-0.0447
1acc357d-6f1e-4f1f-a752-777196037a59	10	69414708	78762983	5926	-0.0067
1acc357d-6f1e-4f1f-a752-777196037a59	10	78766513	78773588	15	0.6397
1acc357d-6f1e-4f1f-a752-777196037a59	10	78774774	86841831	5126	-0.026
1acc357d-6f1e-4f1f-a752-777196037a59	10	86842557	87108914	103	0.5913
1acc357d-6f1e-4f1f-a752-777196037a59	10	87116095	90754943	2318	-0.0616
1acc357d-6f1e-4f1f-a752-777196037a59	10	90757477	126005651	22334	-0.0147
1acc357d-6f1e-4f1f-a752-777196037a59	10	126009084	128791470	2248	0.0376
1acc357d-6f1e-4f1f-a752-777196037a59	10	128792056	128792058	2	-2.0862
1acc357d-6f1e-4f1f-a752-777196037a59	10	128795708	132336493	1629	0.0443
1acc357d-6f1e-4f1f-a752-777196037a59	10	132385563	133411599	261	-0.0218
1acc357d-6f1e-4f1f-a752-777196037a59	11	456012	2845018	729	0.0013
1acc357d-6f1e-4f1f-a752-777196037a59	11	2848935	2917730	36	0.5579
1acc357d-6f1e-4f1f-a752-777196037a59	11	2937015	8172402	3242	-0.0217
1acc357d-6f1e-4f1f-a752-777196037a59	11	8172997	8173067	3	-1.7624
1acc357d-6f1e-4f1f-a752-777196037a59	11	8173717	18246450	6943	-0.018
1acc357d-6f1e-4f1f-a752-777196037a59	11	18254114	18450411	117	0.5967
1acc357d-6f1e-4f1f-a752-777196037a59	11	18453210	63864700	23412	-0.0358
1acc357d-6f1e-4f1f-a752-777196037a59	11	63868010	64043443	42	0.6442
1acc357d-6f1e-4f1f-a752-777196037a59	11	64045704	64152190	52	0.0883
1acc357d-6f1e-4f1f-a752-777196037a59	11	64152580	64176898	14	0.6656
1acc357d-6f1e-4f1f-a752-777196037a59	11	64177132	71623337	2821	-0.0161
1acc357d-6f1e-4f1f-a752-777196037a59	11	71626328	71719310	16	0.5529
1acc357d-6f1e-4f1f-a752-777196037a59	11	71719657	71816501	17	0.1688
1acc357d-6f1e-4f1f-a752-777196037a59	11	71816650	72040559	88	0.5796
1acc357d-6f1e-4f1f-a752-777196037a59	11	72040767	72047606	5	-0.0298
1acc357d-6f1e-4f1f-a752-777196037a59	11	72048041	72235896	71	0.5569
1acc357d-6f1e-4f1f-a752-777196037a59	11	72247858	79050406	3675	-0.0157
1acc357d-6f1e-4f1f-a752-777196037a59	11	79050960	109163227	18431	-0.0568
1acc357d-6f1e-4f1f-a752-777196037a59	11	109164488	109165269	3	-1.8001
1acc357d-6f1e-4f1f-a752-777196037a59	11	109165471	110334251	693	-0.0643
1acc357d-6f1e-4f1f-a752-777196037a59	11	110337129	113140999	1851	-0.014
1acc357d-6f1e-4f1f-a752-777196037a59	11	113146439	113149860	3	-1.5778
1acc357d-6f1e-4f1f-a752-777196037a59	11	113150643	122251939	6399	-0.0115
1acc357d-6f1e-4f1f-a752-777196037a59	11	122255020	122274286	18	-0.9272
1acc357d-6f1e-4f1f-a752-777196037a59	11	122274620	134272740	8190	-0.0122
1acc357d-6f1e-4f1f-a752-777196037a59	12	780472	6826466	3747	-0.0088
1acc357d-6f1e-4f1f-a752-777196037a59	12	6833508	7123655	107	0.5372
1acc357d-6f1e-4f1f-a752-777196037a59	12	7125942	33368172	15671	-0.0514
1acc357d-6f1e-4f1f-a752-777196037a59	12	33368216	47960803	5066	0.2762
1acc357d-6f1e-4f1f-a752-777196037a59	12	47964933	48509521	314	0.962
1acc357d-6f1e-4f1f-a752-777196037a59	12	48511792	49817550	545	0.2761
1acc357d-6f1e-4f1f-a752-777196037a59	12	49818381	49840042	16	0.8756
1acc357d-6f1e-4f1f-a752-777196037a59	12	49841996	56598016	3577	0.2848
1acc357d-6f1e-4f1f-a752-777196037a59	12	56600446	56830708	86	1.285
1acc357d-6f1e-4f1f-a752-777196037a59	12	56833814	57440002	276	0.225
1acc357d-6f1e-4f1f-a752-777196037a59	12	57440012	61105015	2227	0.7653
1acc357d-6f1e-4f1f-a752-777196037a59	12	61105795	61153618	39	1.1671
1acc357d-6f1e-4f1f-a752-777196037a59	12	61155222	64406869	1890	0.7834
1acc357d-6f1e-4f1f-a752-777196037a59	12	64407190	65207153	453	1.2572
1acc357d-6f1e-4f1f-a752-777196037a59	12	65207255	65507613	144	2.0332
1acc357d-6f1e-4f1f-a752-777196037a59	12	65511888	66995395	997	1.3432
1acc357d-6f1e-4f1f-a752-777196037a59	12	66995770	67983821	719	2.0229
1acc357d-6f1e-4f1f-a752-777196037a59	12	67984542	68866976	668	2.4443
1acc357d-6f1e-4f1f-a752-777196037a59	12	68869500	69460775	392	1.962
1acc357d-6f1e-4f1f-a752-777196037a59	12	69464437	69562553	58	2.5983
1acc357d-6f1e-4f1f-a752-777196037a59	12	69563910	70162959	432	1.9463
1acc357d-6f1e-4f1f-a752-777196037a59	12	70165168	71073616	605	1.7736
1acc357d-6f1e-4f1f-a752-777196037a59	12	71077190	71233797	87	2.0683
1acc357d-6f1e-4f1f-a752-777196037a59	12	71235758	72341721	583	2.2468
1acc357d-6f1e-4f1f-a752-777196037a59	12	72344889	72832632	234	1.7768
1acc357d-6f1e-4f1f-a752-777196037a59	12	72832656	73022324	55	2.4223
1acc357d-6f1e-4f1f-a752-777196037a59	12	73022400	73120200	63	1.9551
1acc357d-6f1e-4f1f-a752-777196037a59	12	73121394	73261188	72	2.3478
1acc357d-6f1e-4f1f-a752-777196037a59	12	73261583	73454813	101	1.8189
1acc357d-6f1e-4f1f-a752-777196037a59	12	73457002	73486338	17	1.7224
1acc357d-6f1e-4f1f-a752-777196037a59	12	73493598	74419316	425	1.3229
1acc357d-6f1e-4f1f-a752-777196037a59	12	74419407	74815359	283	2.0946
1acc357d-6f1e-4f1f-a752-777196037a59	12	74817571	74937544	73	-1.0817
1acc357d-6f1e-4f1f-a752-777196037a59	12	74939001	85606096	6544	0.2591
1acc357d-6f1e-4f1f-a752-777196037a59	12	85609408	85690308	51	-0.4544
1acc357d-6f1e-4f1f-a752-777196037a59	12	85690388	100366316	8988	0.2641
1acc357d-6f1e-4f1f-a752-777196037a59	12	100369388	100484832	50	0.4328
1acc357d-6f1e-4f1f-a752-777196037a59	12	100486171	113235866	7794	0.3032
1acc357d-6f1e-4f1f-a752-777196037a59	12	113236289	120049790	4418	0.3473
1acc357d-6f1e-4f1f-a752-777196037a59	12	120052728	124082932	1782	0.2629
1acc357d-6f1e-4f1f-a752-777196037a59	12	124087415	132605822	4066	0.3463
1acc357d-6f1e-4f1f-a752-777196037a59	13	18874255	36363172	10791	-0.0248
1acc357d-6f1e-4f1f-a752-777196037a59	13	36363544	70698749	18212	-0.0552
1acc357d-6f1e-4f1f-a752-777196037a59	13	70700919	70701289	2	-2.2495
1acc357d-6f1e-4f1f-a752-777196037a59	13	70701508	94102696	14333	-0.061
1acc357d-6f1e-4f1f-a752-777196037a59	13	94113106	114226675	13023	-0.0212
1acc357d-6f1e-4f1f-a752-777196037a59	14	20033191	50224871	15416	0.5455
1acc357d-6f1e-4f1f-a752-777196037a59	14	50226573	50367541	88	1.0052
1acc357d-6f1e-4f1f-a752-777196037a59	14	50370973	50375562	6	0.453
1acc357d-6f1e-4f1f-a752-777196037a59	14	50380389	74782327	14985	-0.0628
1acc357d-6f1e-4f1f-a752-777196037a59	14	74784715	74897674	60	0.4914
1acc357d-6f1e-4f1f-a752-777196037a59	14	74898359	100627968	16680	-0.0606
1acc357d-6f1e-4f1f-a752-777196037a59	14	100632805	100689263	45	0.4081
1acc357d-6f1e-4f1f-a752-777196037a59	14	100692472	100713300	17	0.8638
1acc357d-6f1e-4f1f-a752-777196037a59	14	100714165	104570691	1781	-0.0417
1acc357d-6f1e-4f1f-a752-777196037a59	14	104670444	104941461	72	0.5244
1acc357d-6f1e-4f1f-a752-777196037a59	14	104954039	105365126	141	-0.0526
1acc357d-6f1e-4f1f-a752-777196037a59	14	105382554	105533894	36	0.5188
1acc357d-6f1e-4f1f-a752-777196037a59	15	23437561	82899980	33313	-0.4423
1acc357d-6f1e-4f1f-a752-777196037a59	15	82901329	83262395	143	0.3581
1acc357d-6f1e-4f1f-a752-777196037a59	15	83263317	101344124	10734	-0.4486
1acc357d-6f1e-4f1f-a752-777196037a59	16	603333	1042871	88	0.0059
1acc357d-6f1e-4f1f-a752-777196037a59	16	1059435	1136465	13	0.712
1acc357d-6f1e-4f1f-a752-777196037a59	16	1184871	3942371	962	-0.0663
1acc357d-6f1e-4f1f-a752-777196037a59	16	3943252	4616000	358	0.5624
1acc357d-6f1e-4f1f-a752-777196037a59	16	4621465	23853403	8753	0.0267
1acc357d-6f1e-4f1f-a752-777196037a59	16	23853477	23854211	2	-3.2765
1acc357d-6f1e-4f1f-a752-777196037a59	16	23854902	23947650	72	-0.0074
1acc357d-6f1e-4f1f-a752-777196037a59	16	23948099	23952683	2	-2.4667
1acc357d-6f1e-4f1f-a752-777196037a59	16	23952771	27964490	2716	0.0178
1acc357d-6f1e-4f1f-a752-777196037a59	16	27969181	56534588	7609	-0.0364
1acc357d-6f1e-4f1f-a752-777196037a59	16	56535016	64414220	4794	-0.0843
1acc357d-6f1e-4f1f-a752-777196037a59	16	64415301	67549919	2036	-0.0514
1acc357d-6f1e-4f1f-a752-777196037a59	16	67550756	67780962	77	0.4549
1acc357d-6f1e-4f1f-a752-777196037a59	16	67787419	69290008	703	-0.0732
1acc357d-6f1e-4f1f-a752-777196037a59	16	69291773	69424466	59	0.5271
1acc357d-6f1e-4f1f-a752-777196037a59	16	69432313	89317317	12587	-0.0427
1acc357d-6f1e-4f1f-a752-777196037a59	17	1074619	14231324	7350	-1.047
1acc357d-6f1e-4f1f-a752-777196037a59	17	15654216	32963496	4857	-0.0276
1acc357d-6f1e-4f1f-a752-777196037a59	17	32963951	34897280	854	0.0666
1acc357d-6f1e-4f1f-a752-777196037a59	17	34900227	38349428	1418	0.0009
1acc357d-6f1e-4f1f-a752-777196037a59	17	38350595	38482665	74	0.6237
1acc357d-6f1e-4f1f-a752-777196037a59	17	38489852	38719062	101	0.0027
1acc357d-6f1e-4f1f-a752-777196037a59	17	38733306	38853897	75	0.6195
1acc357d-6f1e-4f1f-a752-777196037a59	17	38863232	39006431	64	-0.0909
1acc357d-6f1e-4f1f-a752-777196037a59	17	39007491	39453870	197	0.5861
1acc357d-6f1e-4f1f-a752-777196037a59	17	39457761	44066232	2201	-0.024
1acc357d-6f1e-4f1f-a752-777196037a59	17	44071829	44192048	43	0.5312
1acc357d-6f1e-4f1f-a752-777196037a59	17	44193597	50062439	2191	-0.0374
1acc357d-6f1e-4f1f-a752-777196037a59	17	50064301	50196542	67	0.509
1acc357d-6f1e-4f1f-a752-777196037a59	17	50196930	74985708	14089	-0.0016
1acc357d-6f1e-4f1f-a752-777196037a59	17	74999282	75104400	53	0.5873
1acc357d-6f1e-4f1f-a752-777196037a59	17	75106406	78501838	1511	-0.0425
1acc357d-6f1e-4f1f-a752-777196037a59	17	78505568	78535782	24	0.5914
1acc357d-6f1e-4f1f-a752-777196037a59	17	78536050	79981980	604	-0.0128
1acc357d-6f1e-4f1f-a752-777196037a59	17	79983395	80510627	222	0.4746
1acc357d-6f1e-4f1f-a752-777196037a59	17	80510684	82125680	509	-0.0611
1acc357d-6f1e-4f1f-a752-777196037a59	17	82256888	82628438	173	0.5794
1acc357d-6f1e-4f1f-a752-777196037a59	17	82643549	82665249	17	-0.0452
1acc357d-6f1e-4f1f-a752-777196037a59	17	82673645	82726459	34	0.5032
1acc357d-6f1e-4f1f-a752-777196037a59	17	82727080	82959812	124	-0.0651
1acc357d-6f1e-4f1f-a752-777196037a59	18	326691	21500779	8358	-0.031
1acc357d-6f1e-4f1f-a752-777196037a59	18	21502650	21882611	140	0.5971
1acc357d-6f1e-4f1f-a752-777196037a59	18	21890777	23569618	933	-0.0817
1acc357d-6f1e-4f1f-a752-777196037a59	18	23569839	23572101	2	-1.6739
1acc357d-6f1e-4f1f-a752-777196037a59	18	23572943	32258555	5391	-0.0705
1acc357d-6f1e-4f1f-a752-777196037a59	18	32258622	32258848	2	-1.8378
1acc357d-6f1e-4f1f-a752-777196037a59	18	32261315	35495086	1937	-0.0759
1acc357d-6f1e-4f1f-a752-777196037a59	18	35495135	35516908	16	-1.1061
1acc357d-6f1e-4f1f-a752-777196037a59	18	35517546	38049755	1614	-0.0311
1acc357d-6f1e-4f1f-a752-777196037a59	18	38050231	44459278	3657	-0.0946
1acc357d-6f1e-4f1f-a752-777196037a59	18	44460061	59581029	10009	-0.0529
1acc357d-6f1e-4f1f-a752-777196037a59	18	59584684	71127180	6618	-0.0993
1acc357d-6f1e-4f1f-a752-777196037a59	18	71131810	79349796	3865	-0.0546
1acc357d-6f1e-4f1f-a752-777196037a59	19	283868	3123115	669	0.5243
1acc357d-6f1e-4f1f-a752-777196037a59	19	3123171	3300341	57	-0.0358
1acc357d-6f1e-4f1f-a752-777196037a59	19	3319783	3461120	45	0.6776
1acc357d-6f1e-4f1f-a752-777196037a59	19	3465230	10167123	2631	-0.0405
1acc357d-6f1e-4f1f-a752-777196037a59	19	10175021	10914501	288	0.497
1acc357d-6f1e-4f1f-a752-777196037a59	19	10916347	12661071	750	-0.0567
1acc357d-6f1e-4f1f-a752-777196037a59	19	12661276	14124713	602	0.5316
1acc357d-6f1e-4f1f-a752-777196037a59	19	14124828	14372533	63	0.9148
1acc357d-6f1e-4f1f-a752-777196037a59	19	14379297	14631841	91	1.2636
1acc357d-6f1e-4f1f-a752-777196037a59	19	14632112	15182944	401	1.5588
1acc357d-6f1e-4f1f-a752-777196037a59	19	15182988	15183190	8	0.6194
1acc357d-6f1e-4f1f-a752-777196037a59	19	15185496	15483647	158	1.9879
1acc357d-6f1e-4f1f-a752-777196037a59	19	15484332	15497265	3	-0.1503
1acc357d-6f1e-4f1f-a752-777196037a59	19	15497929	15749751	130	2.2239
1acc357d-6f1e-4f1f-a752-777196037a59	19	15749916	16297198	334	1.8001
1acc357d-6f1e-4f1f-a752-777196037a59	19	16298065	16493866	93	2.0378
1acc357d-6f1e-4f1f-a752-777196037a59	19	16501900	16786312	109	1.2659
1acc357d-6f1e-4f1f-a752-777196037a59	19	16787008	17078976	144	0.5235
1acc357d-6f1e-4f1f-a752-777196037a59	19	17082708	17434202	141	-0.047
1acc357d-6f1e-4f1f-a752-777196037a59	19	17434918	17435901	2	1.4298
1acc357d-6f1e-4f1f-a752-777196037a59	19	17436370	18538050	450	-0.0552
1acc357d-6f1e-4f1f-a752-777196037a59	19	18541323	18577161	14	0.4426
1acc357d-6f1e-4f1f-a752-777196037a59	19	18577898	18586968	10	1.0737
1acc357d-6f1e-4f1f-a752-777196037a59	19	18590689	18705229	39	0.5672
1acc357d-6f1e-4f1f-a752-777196037a59	19	18711128	18809699	27	1.0115
1acc357d-6f1e-4f1f-a752-777196037a59	19	18809806	19547663	321	-0.0463
1acc357d-6f1e-4f1f-a752-777196037a59	19	19555076	21092734	133	0.5559
1acc357d-6f1e-4f1f-a752-777196037a59	19	21092878	22717097	641	0.0103
1acc357d-6f1e-4f1f-a752-777196037a59	19	22719560	29720486	2182	0.6153
1acc357d-6f1e-4f1f-a752-777196037a59	19	29720914	29815913	80	1.3808
1acc357d-6f1e-4f1f-a752-777196037a59	19	29816191	29882681	56	2.0035
1acc357d-6f1e-4f1f-a752-777196037a59	19	29885608	30158760	179	1.193
1acc357d-6f1e-4f1f-a752-777196037a59	19	30160475	35203668	3325	0.6112
1acc357d-6f1e-4f1f-a752-777196037a59	19	35207747	35356251	106	0.9542
1acc357d-6f1e-4f1f-a752-777196037a59	19	35358159	42250485	3156	0.5487
1acc357d-6f1e-4f1f-a752-777196037a59	19	42257590	42447981	67	1.0395
1acc357d-6f1e-4f1f-a752-777196037a59	19	42451047	45684225	1280	0.5619
1acc357d-6f1e-4f1f-a752-777196037a59	19	45689239	46094922	168	0.7584
1acc357d-6f1e-4f1f-a752-777196037a59	19	46100118	56655655	4165	0.5617
1acc357d-6f1e-4f1f-a752-777196037a59	19	56658834	57398504	454	1.0086
1acc357d-6f1e-4f1f-a752-777196037a59	19	57399105	58370362	460	0.5357
1acc357d-6f1e-4f1f-a752-777196037a59	20	472817	25059467	16370	0.6063
1acc357d-6f1e-4f1f-a752-777196037a59	20	25060248	25078910	14	1.1805
1acc357d-6f1e-4f1f-a752-777196037a59	20	25080672	34105804	1883	0.5928
1acc357d-6f1e-4f1f-a752-777196037a59	20	34109405	34838409	282	0.5218
1acc357d-6f1e-4f1f-a752-777196037a59	20	34844720	34846759	2	-0.9662
1acc357d-6f1e-4f1f-a752-777196037a59	20	34847358	37144677	1106	0.5252
1acc357d-6f1e-4f1f-a752-777196037a59	20	37144941	58627693	14549	0.614
1acc357d-6f1e-4f1f-a752-777196037a59	20	58627947	58628122	2	-1.5113
1acc357d-6f1e-4f1f-a752-777196037a59	20	58628123	59343851	454	0.6205
1acc357d-6f1e-4f1f-a752-777196037a59	20	59344446	62348076	2225	0.6706
1acc357d-6f1e-4f1f-a752-777196037a59	20	62350803	62479776	43	1.1197
1acc357d-6f1e-4f1f-a752-777196037a59	20	62479805	62732192	109	0.664
1acc357d-6f1e-4f1f-a752-777196037a59	20	62732370	63588502	259	0.5804
1acc357d-6f1e-4f1f-a752-777196037a59	21	13974127	37443429	14915	0.4451
1acc357d-6f1e-4f1f-a752-777196037a59	21	37443484	44901257	5013	0.5012
1acc357d-6f1e-4f1f-a752-777196037a59	21	44903030	45038970	69	0.864
1acc357d-6f1e-4f1f-a752-777196037a59	21	45041260	46130840	380	0.5083
1acc357d-6f1e-4f1f-a752-777196037a59	21	46143797	46144998	2	-0.8553
1acc357d-6f1e-4f1f-a752-777196037a59	21	46152583	46262057	60	0.5003
1acc357d-6f1e-4f1f-a752-777196037a59	22	16934932	17639833	419	0.0716
1acc357d-6f1e-4f1f-a752-777196037a59	22	17640393	41163040	11159	-1.0545
1acc357d-6f1e-4f1f-a752-777196037a59	22	41168478	41384780	136	-0.0442
1acc357d-6f1e-4f1f-a752-777196037a59	22	41385039	48225635	4366	-1.0764
1acc357d-6f1e-4f1f-a752-777196037a59	22	48225910	48230207	8	-4.0507
1acc357d-6f1e-4f1f-a752-777196037a59	22	48230320	48428903	196	-1.0511
1acc357d-6f1e-4f1f-a752-777196037a59	22	48430338	48434232	2	-5.7532
1acc357d-6f1e-4f1f-a752-777196037a59	22	48434582	48650905	153	-1.1073
1acc357d-6f1e-4f1f-a752-777196037a59	22	48653086	48658782	4	-5.1485
1acc357d-6f1e-4f1f-a752-777196037a59	22	48663270	48940621	205	-1.2397
1acc357d-6f1e-4f1f-a752-777196037a59	X	3236359	76963425	28829	0.0062
1acc357d-6f1e-4f1f-a752-777196037a59	X	76964056	100097981	9299	-0.0249
1acc357d-6f1e-4f1f-a752-777196037a59	X	100098483	119839300	9222	0.0058
1acc357d-6f1e-4f1f-a752-777196037a59	X	119841542	119997448	67	0.6662
1acc357d-6f1e-4f1f-a752-777196037a59	X	120000675	152674889	15604	0.0025
1acc357d-6f1e-4f1f-a752-777196037a59	X	153434224	153675857	110	0.6535
1acc357d-6f1e-4f1f-a752-777196037a59	X	153689615	155677414	281	-0.0034
