GDC_Aliquot	Chromosome	Start	End	Num_Probes	Segment_Mean
ea969c54-cb09-464a-8841-3a4bf31ec61b	1	3301765	36645939	17658	-0.192
ea969c54-cb09-464a-8841-3a4bf31ec61b	1	36648936	55001140	9762	-0.1602
ea969c54-cb09-464a-8841-3a4bf31ec61b	1	55005626	153616299	41798	-0.1363
ea969c54-cb09-464a-8841-3a4bf31ec61b	1	153622728	157011996	1528	-0.2039
ea969c54-cb09-464a-8841-3a4bf31ec61b	1	157014247	199562127	26831	-0.1344
ea969c54-cb09-464a-8841-3a4bf31ec61b	1	199567842	244458948	29539	-0.1533
ea969c54-cb09-464a-8841-3a4bf31ec61b	1	244462758	247650984	1309	-0.1776
ea969c54-cb09-464a-8841-3a4bf31ec61b	2	480597	4025213	1603	-0.1469
ea969c54-cb09-464a-8841-3a4bf31ec61b	2	4025233	4593410	408	-0.489
ea969c54-cb09-464a-8841-3a4bf31ec61b	2	4593889	185433729	97208	-0.1313
ea969c54-cb09-464a-8841-3a4bf31ec61b	2	186024241	186083167	40	-2.4108
ea969c54-cb09-464a-8841-3a4bf31ec61b	2	186088199	191663077	2922	-0.1046
ea969c54-cb09-464a-8841-3a4bf31ec61b	2	191663185	191664669	2	-1.6994
ea969c54-cb09-464a-8841-3a4bf31ec61b	2	191665740	214397038	12210	-0.1119
ea969c54-cb09-464a-8841-3a4bf31ec61b	2	214397066	214829926	278	-0.1673
ea969c54-cb09-464a-8841-3a4bf31ec61b	2	214830975	214839122	2	1.7132
ea969c54-cb09-464a-8841-3a4bf31ec61b	2	214841527	241537572	16192	-0.1421
ea969c54-cb09-464a-8841-3a4bf31ec61b	3	2170634	8670541	3688	-0.1422
ea969c54-cb09-464a-8841-3a4bf31ec61b	3	8670818	15816100	4547	-0.1795
ea969c54-cb09-464a-8841-3a4bf31ec61b	3	15819932	39972899	14321	-0.1385
ea969c54-cb09-464a-8841-3a4bf31ec61b	3	39977375	39996181	8	-1.6297
ea969c54-cb09-464a-8841-3a4bf31ec61b	3	40000318	197812401	83573	-0.1461
ea969c54-cb09-464a-8841-3a4bf31ec61b	4	1059384	4967053	1711	-0.2077
ea969c54-cb09-464a-8841-3a4bf31ec61b	4	4968018	5438466	345	-3.3952
ea969c54-cb09-464a-8841-3a4bf31ec61b	4	5445750	10244274	2653	-0.2005
ea969c54-cb09-464a-8841-3a4bf31ec61b	4	10245888	61541609	29349	-0.1446
ea969c54-cb09-464a-8841-3a4bf31ec61b	4	61541880	61543437	2	-2.1009
ea969c54-cb09-464a-8841-3a4bf31ec61b	4	61547349	108701738	25838	-0.1373
ea969c54-cb09-464a-8841-3a4bf31ec61b	4	108702194	108703926	2	-2.4215
ea969c54-cb09-464a-8841-3a4bf31ec61b	4	108704315	114494754	3440	-0.1366
ea969c54-cb09-464a-8841-3a4bf31ec61b	4	114495609	114496175	2	1.7035
ea969c54-cb09-464a-8841-3a4bf31ec61b	4	114496846	187842528	39091	-0.1361
ea969c54-cb09-464a-8841-3a4bf31ec61b	5	914118	1979658	187	0.4707
ea969c54-cb09-464a-8841-3a4bf31ec61b	5	1984180	137871235	73926	0.5288
ea969c54-cb09-464a-8841-3a4bf31ec61b	5	137871425	142431298	2054	0.4795
ea969c54-cb09-464a-8841-3a4bf31ec61b	5	142432120	176289673	22092	0.5226
ea969c54-cb09-464a-8841-3a4bf31ec61b	5	176291892	180934240	2027	0.4696
ea969c54-cb09-464a-8841-3a4bf31ec61b	6	1011760	63563091	34712	-0.1633
ea969c54-cb09-464a-8841-3a4bf31ec61b	6	63563787	147624210	47870	-0.1408
ea969c54-cb09-464a-8841-3a4bf31ec61b	6	147629664	170596889	13582	-0.1588
ea969c54-cb09-464a-8841-3a4bf31ec61b	7	664936	7128062	2297	0.4504
ea969c54-cb09-464a-8841-3a4bf31ec61b	7	7128862	43699322	22571	0.5148
ea969c54-cb09-464a-8841-3a4bf31ec61b	7	43702470	45127042	660	0.4274
ea969c54-cb09-464a-8841-3a4bf31ec61b	7	45129507	55638360	7386	0.5095
ea969c54-cb09-464a-8841-3a4bf31ec61b	7	55639896	69783234	2881	0.4328
ea969c54-cb09-464a-8841-3a4bf31ec61b	7	69783512	70832585	637	0.5262
ea969c54-cb09-464a-8841-3a4bf31ec61b	7	70835745	77170679	1894	0.4296
ea969c54-cb09-464a-8841-3a4bf31ec61b	7	77171272	97654878	11198	0.5198
ea969c54-cb09-464a-8841-3a4bf31ec61b	7	97655071	103394145	2119	0.4298
ea969c54-cb09-464a-8841-3a4bf31ec61b	7	103394808	127419387	13129	0.5156
ea969c54-cb09-464a-8841-3a4bf31ec61b	7	127420242	131719678	2126	0.4713
ea969c54-cb09-464a-8841-3a4bf31ec61b	7	131720017	140419829	5183	0.5235
ea969c54-cb09-464a-8841-3a4bf31ec61b	7	140420746	140982532	412	0.4023
ea969c54-cb09-464a-8841-3a4bf31ec61b	7	140982875	142544396	723	0.5
ea969c54-cb09-464a-8841-3a4bf31ec61b	7	142554531	142563940	4	1.5202
ea969c54-cb09-464a-8841-3a4bf31ec61b	7	142581256	158592540	8122	0.5005
ea969c54-cb09-464a-8841-3a4bf31ec61b	8	667625	48734743	25728	-0.1738
ea969c54-cb09-464a-8841-3a4bf31ec61b	8	48741559	138305554	53358	-0.1442
ea969c54-cb09-464a-8841-3a4bf31ec61b	8	138307523	139656234	1135	-0.1699
ea969c54-cb09-464a-8841-3a4bf31ec61b	8	139656317	139657724	2	-3.4651
ea969c54-cb09-464a-8841-3a4bf31ec61b	8	139658470	144182542	1162	-0.2003
ea969c54-cb09-464a-8841-3a4bf31ec61b	9	789794	1556018	171	-0.2173
ea969c54-cb09-464a-8841-3a4bf31ec61b	9	1556054	8000286	4231	-0.1362
ea969c54-cb09-464a-8841-3a4bf31ec61b	9	8001166	8020572	2	1.9406
ea969c54-cb09-464a-8841-3a4bf31ec61b	9	8021065	88256306	32696	-0.1519
ea969c54-cb09-464a-8841-3a4bf31ec61b	9	88260383	88260444	2	-2.8905
ea969c54-cb09-464a-8841-3a4bf31ec61b	9	88260488	123973938	23431	-0.1515
ea969c54-cb09-464a-8841-3a4bf31ec61b	9	123974838	138044505	7188	-0.1989
ea969c54-cb09-464a-8841-3a4bf31ec61b	10	366509	131252568	79900	-0.1613
ea969c54-cb09-464a-8841-3a4bf31ec61b	10	131252628	131253096	2	-2.5681
ea969c54-cb09-464a-8841-3a4bf31ec61b	10	131253190	133411599	548	-0.1806
ea969c54-cb09-464a-8841-3a4bf31ec61b	11	456120	134272740	76741	-0.1582
ea969c54-cb09-464a-8841-3a4bf31ec61b	12	780472	48330855	24834	0.5023
ea969c54-cb09-464a-8841-3a4bf31ec61b	12	48330893	59042579	5673	0.4548
ea969c54-cb09-464a-8841-3a4bf31ec61b	12	59046290	108584988	30650	0.5068
ea969c54-cb09-464a-8841-3a4bf31ec61b	12	108585173	112611111	1887	0.4296
ea969c54-cb09-464a-8841-3a4bf31ec61b	12	112616123	119818355	4790	0.4793
ea969c54-cb09-464a-8841-3a4bf31ec61b	12	119818441	123739297	1659	0.4173
ea969c54-cb09-464a-8841-3a4bf31ec61b	12	123739621	132605822	4273	0.4863
ea969c54-cb09-464a-8841-3a4bf31ec61b	13	18874255	114226675	56324	-0.149
ea969c54-cb09-464a-8841-3a4bf31ec61b	14	20033191	23621402	1271	-0.1907
ea969c54-cb09-464a-8841-3a4bf31ec61b	14	23622341	99083121	44995	-0.1525
ea969c54-cb09-464a-8841-3a4bf31ec61b	14	99083426	105533894	2983	-0.199
ea969c54-cb09-464a-8841-3a4bf31ec61b	15	23437561	41982263	9163	-0.1625
ea969c54-cb09-464a-8841-3a4bf31ec61b	15	41988465	41989143	2	-2.5146
ea969c54-cb09-464a-8841-3a4bf31ec61b	15	41989188	101344124	35128	-0.1662
ea969c54-cb09-464a-8841-3a4bf31ec61b	16	603333	59406715	22351	0.442
ea969c54-cb09-464a-8841-3a4bf31ec61b	16	59407000	66261276	4526	0.492
ea969c54-cb09-464a-8841-3a4bf31ec61b	16	66261357	66598112	188	0.4479
ea969c54-cb09-464a-8841-3a4bf31ec61b	16	66598221	70730498	1717	0.3862
ea969c54-cb09-464a-8841-3a4bf31ec61b	16	70731244	89317317	12128	0.4649
ea969c54-cb09-464a-8841-3a4bf31ec61b	17	1074619	9421759	4137	-0.2222
ea969c54-cb09-464a-8841-3a4bf31ec61b	17	9423169	72343931	28298	-0.1815
ea969c54-cb09-464a-8841-3a4bf31ec61b	17	72343969	82959812	4467	-0.221
ea969c54-cb09-464a-8841-3a4bf31ec61b	18	326691	13650278	7856	-0.1578
ea969c54-cb09-464a-8841-3a4bf31ec61b	18	13655149	13655561	2	-2.5317
ea969c54-cb09-464a-8841-3a4bf31ec61b	18	13660667	79349796	34652	-0.1508
ea969c54-cb09-464a-8841-3a4bf31ec61b	19	283868	19316422	7480	0.4001
ea969c54-cb09-464a-8841-3a4bf31ec61b	19	19317382	35535333	6916	0.4655
ea969c54-cb09-464a-8841-3a4bf31ec61b	19	35535692	58370362	9638	0.4178
ea969c54-cb09-464a-8841-3a4bf31ec61b	20	472817	25763585	16705	0.4981
ea969c54-cb09-464a-8841-3a4bf31ec61b	20	25764087	37524958	3143	0.427
ea969c54-cb09-464a-8841-3a4bf31ec61b	20	37525097	63588502	17441	0.4842
ea969c54-cb09-464a-8841-3a4bf31ec61b	21	13974127	30166993	10362	-0.1405
ea969c54-cb09-464a-8841-3a4bf31ec61b	21	30167021	46262057	10014	-0.1786
ea969c54-cb09-464a-8841-3a4bf31ec61b	22	16934932	48940621	16912	-0.2069
ea969c54-cb09-464a-8841-3a4bf31ec61b	X	3236359	155677414	63475	0.0095
