GDC_Aliquot	Chromosome	Start	End	Num_Probes	Segment_Mean
26a14093-45da-4f34-b8c9-b2f09c44f845	1	3301765	3886613	306	-0.2396
26a14093-45da-4f34-b8c9-b2f09c44f845	1	3888534	21581921	9987	-0.1984
26a14093-45da-4f34-b8c9-b2f09c44f845	1	21590741	21771173	117	0.2451
26a14093-45da-4f34-b8c9-b2f09c44f845	1	21775623	23005076	684	-0.1748
26a14093-45da-4f34-b8c9-b2f09c44f845	1	23011270	23326452	164	0.2774
26a14093-45da-4f34-b8c9-b2f09c44f845	1	23330157	32565141	4351	-0.1925
26a14093-45da-4f34-b8c9-b2f09c44f845	1	32566811	32906586	133	0.3112
26a14093-45da-4f34-b8c9-b2f09c44f845	1	32911416	47860749	8178	-0.1989
26a14093-45da-4f34-b8c9-b2f09c44f845	1	47862978	51448914	1755	-0.256
26a14093-45da-4f34-b8c9-b2f09c44f845	1	51450226	55942785	2733	-0.2174
26a14093-45da-4f34-b8c9-b2f09c44f845	1	55942849	84385623	18230	-0.2607
26a14093-45da-4f34-b8c9-b2f09c44f845	1	84385847	94075458	5978	-0.2361
26a14093-45da-4f34-b8c9-b2f09c44f845	1	94076293	108044755	8179	-0.2624
26a14093-45da-4f34-b8c9-b2f09c44f845	1	108045750	117172127	5625	-0.2131
26a14093-45da-4f34-b8c9-b2f09c44f845	1	117172404	119899280	1598	-0.2549
26a14093-45da-4f34-b8c9-b2f09c44f845	1	119904099	162011771	6474	-0.1981
26a14093-45da-4f34-b8c9-b2f09c44f845	1	162013197	200646389	24679	-0.2551
26a14093-45da-4f34-b8c9-b2f09c44f845	1	200649815	207676604	4393	-0.2118
26a14093-45da-4f34-b8c9-b2f09c44f845	1	207678266	247650984	26047	-0.2555
26a14093-45da-4f34-b8c9-b2f09c44f845	2	480597	9808346	5787	-0.2146
26a14093-45da-4f34-b8c9-b2f09c44f845	2	9809447	9810242	3	-1.3354
26a14093-45da-4f34-b8c9-b2f09c44f845	2	9813820	13328804	2447	-0.1953
26a14093-45da-4f34-b8c9-b2f09c44f845	2	13330410	23145368	6543	-0.2439
26a14093-45da-4f34-b8c9-b2f09c44f845	2	23146679	34945628	6240	-0.2136
26a14093-45da-4f34-b8c9-b2f09c44f845	2	34953431	34957294	4	-2.5382
26a14093-45da-4f34-b8c9-b2f09c44f845	2	34961216	34961551	2	-0.9418
26a14093-45da-4f34-b8c9-b2f09c44f845	2	34968003	36454476	732	-0.2407
26a14093-45da-4f34-b8c9-b2f09c44f845	2	36456127	36456647	3	-1.1728
26a14093-45da-4f34-b8c9-b2f09c44f845	2	36456854	36459152	3	-3.5355
26a14093-45da-4f34-b8c9-b2f09c44f845	2	36462950	140559335	51861	-0.2291
26a14093-45da-4f34-b8c9-b2f09c44f845	2	140562436	141224554	409	-1.0857
26a14093-45da-4f34-b8c9-b2f09c44f845	2	141226768	221606293	46017	-0.2427
26a14093-45da-4f34-b8c9-b2f09c44f845	2	221606740	221606796	2	1.3494
26a14093-45da-4f34-b8c9-b2f09c44f845	2	221607842	230082787	5273	-0.2609
26a14093-45da-4f34-b8c9-b2f09c44f845	2	230084615	241537572	6715	-0.2034
26a14093-45da-4f34-b8c9-b2f09c44f845	3	2170634	8588632	3678	-0.2664
26a14093-45da-4f34-b8c9-b2f09c44f845	3	8591906	18620985	6373	-0.232
26a14093-45da-4f34-b8c9-b2f09c44f845	3	18622242	41677233	13830	-0.2647
26a14093-45da-4f34-b8c9-b2f09c44f845	3	41681187	47561573	3074	-0.2051
26a14093-45da-4f34-b8c9-b2f09c44f845	3	47563078	47971307	178	0.2925
26a14093-45da-4f34-b8c9-b2f09c44f845	3	47975411	53240586	2127	-0.2008
26a14093-45da-4f34-b8c9-b2f09c44f845	3	53240672	70644907	11407	-0.2671
26a14093-45da-4f34-b8c9-b2f09c44f845	3	70645158	72641594	1449	-0.2229
26a14093-45da-4f34-b8c9-b2f09c44f845	3	72643136	81463400	4861	-0.2782
26a14093-45da-4f34-b8c9-b2f09c44f845	3	81465901	81479432	8	-1.2683
26a14093-45da-4f34-b8c9-b2f09c44f845	3	81480968	121484367	19693	-0.2677
26a14093-45da-4f34-b8c9-b2f09c44f845	3	121486979	122964507	756	-0.2247
26a14093-45da-4f34-b8c9-b2f09c44f845	3	122965192	123216576	189	0.2855
26a14093-45da-4f34-b8c9-b2f09c44f845	3	123217572	130520676	4159	-0.2265
26a14093-45da-4f34-b8c9-b2f09c44f845	3	130520880	182636140	27363	-0.2701
26a14093-45da-4f34-b8c9-b2f09c44f845	3	182636155	187944212	2801	-0.2212
26a14093-45da-4f34-b8c9-b2f09c44f845	3	187945349	194343614	4077	-0.2707
26a14093-45da-4f34-b8c9-b2f09c44f845	3	194343649	197812401	1036	-0.2134
26a14093-45da-4f34-b8c9-b2f09c44f845	4	1059384	3534449	995	0.7047
26a14093-45da-4f34-b8c9-b2f09c44f845	4	3534865	3569235	7	-0.0869
26a14093-45da-4f34-b8c9-b2f09c44f845	4	3571076	10429107	3920	0.6902
26a14093-45da-4f34-b8c9-b2f09c44f845	4	10429159	37180861	17450	0.6174
26a14093-45da-4f34-b8c9-b2f09c44f845	4	37182657	39307142	1541	0.678
26a14093-45da-4f34-b8c9-b2f09c44f845	4	39309262	54241451	5874	0.6157
26a14093-45da-4f34-b8c9-b2f09c44f845	4	54249536	54254390	7	-0.1311
26a14093-45da-4f34-b8c9-b2f09c44f845	4	54254415	78146386	13326	0.61
26a14093-45da-4f34-b8c9-b2f09c44f845	4	78147209	78513875	275	0.7041
26a14093-45da-4f34-b8c9-b2f09c44f845	4	78513948	131643869	29697	0.6053
26a14093-45da-4f34-b8c9-b2f09c44f845	4	131644361	131964859	82	0.3942
26a14093-45da-4f34-b8c9-b2f09c44f845	4	131974296	151241110	10468	0.6051
26a14093-45da-4f34-b8c9-b2f09c44f845	4	151243427	153710809	1398	0.6516
26a14093-45da-4f34-b8c9-b2f09c44f845	4	153710910	182282460	16071	0.6031
26a14093-45da-4f34-b8c9-b2f09c44f845	4	182285949	187842528	2321	0.6485
26a14093-45da-4f34-b8c9-b2f09c44f845	5	913983	1021104	52	0.7476
26a14093-45da-4f34-b8c9-b2f09c44f845	5	1287276	1351423	27	0.3252
26a14093-45da-4f34-b8c9-b2f09c44f845	5	1359823	8527732	5421	0.6606
26a14093-45da-4f34-b8c9-b2f09c44f845	5	8528213	8958158	318	0.5955
26a14093-45da-4f34-b8c9-b2f09c44f845	5	8958767	15260868	4097	0.6358
26a14093-45da-4f34-b8c9-b2f09c44f845	5	15260945	31200010	8145	0.5999
26a14093-45da-4f34-b8c9-b2f09c44f845	5	31200455	81458804	25411	0.6319
26a14093-45da-4f34-b8c9-b2f09c44f845	5	81459392	86417175	2684	0.6098
26a14093-45da-4f34-b8c9-b2f09c44f845	5	86420120	86420311	2	-0.7497
26a14093-45da-4f34-b8c9-b2f09c44f845	5	86425593	131976158	24685	0.6092
26a14093-45da-4f34-b8c9-b2f09c44f845	5	131976634	135728800	2417	0.6655
26a14093-45da-4f34-b8c9-b2f09c44f845	5	135729040	139431876	2118	0.6108
26a14093-45da-4f34-b8c9-b2f09c44f845	5	139437401	143847127	2475	0.6649
26a14093-45da-4f34-b8c9-b2f09c44f845	5	143851225	150019403	3961	0.6112
26a14093-45da-4f34-b8c9-b2f09c44f845	5	150019501	151649578	1102	0.6708
26a14093-45da-4f34-b8c9-b2f09c44f845	5	151649600	168667312	11083	0.6116
26a14093-45da-4f34-b8c9-b2f09c44f845	5	168667450	179619970	6450	0.6664
26a14093-45da-4f34-b8c9-b2f09c44f845	5	179620002	179676602	25	0.356
26a14093-45da-4f34-b8c9-b2f09c44f845	5	179676725	180934240	586	0.6966
26a14093-45da-4f34-b8c9-b2f09c44f845	6	1011760	19651232	13196	-0.251
26a14093-45da-4f34-b8c9-b2f09c44f845	6	19652356	24874566	3699	-0.2819
26a14093-45da-4f34-b8c9-b2f09c44f845	6	24875011	27506748	1146	-0.2294
26a14093-45da-4f34-b8c9-b2f09c44f845	6	27506941	27509320	3	-1.4378
26a14093-45da-4f34-b8c9-b2f09c44f845	6	27737819	29655817	763	-0.2285
26a14093-45da-4f34-b8c9-b2f09c44f845	6	29655962	34714830	1535	-0.1718
26a14093-45da-4f34-b8c9-b2f09c44f845	6	34715699	45962789	6888	-0.2299
26a14093-45da-4f34-b8c9-b2f09c44f845	6	45963158	101951404	29102	-0.2838
26a14093-45da-4f34-b8c9-b2f09c44f845	6	101957135	102006670	41	-1.0633
26a14093-45da-4f34-b8c9-b2f09c44f845	6	102008605	102063192	36	-0.2464
26a14093-45da-4f34-b8c9-b2f09c44f845	6	102065480	102073719	9	-1.5184
26a14093-45da-4f34-b8c9-b2f09c44f845	6	102076780	120385131	10323	-0.2685
26a14093-45da-4f34-b8c9-b2f09c44f845	6	120388261	127302279	3947	-0.3065
26a14093-45da-4f34-b8c9-b2f09c44f845	6	127310582	165523850	24304	-0.2687
26a14093-45da-4f34-b8c9-b2f09c44f845	6	165527990	165537164	13	-1.4085
26a14093-45da-4f34-b8c9-b2f09c44f845	6	165541138	170596889	2019	-0.2555
26a14093-45da-4f34-b8c9-b2f09c44f845	7	664936	756025	24	0.1541
26a14093-45da-4f34-b8c9-b2f09c44f845	7	761727	7308193	2447	0.3071
26a14093-45da-4f34-b8c9-b2f09c44f845	7	7308567	24110460	9909	0.2457
26a14093-45da-4f34-b8c9-b2f09c44f845	7	24111478	24162479	66	-0.232
26a14093-45da-4f34-b8c9-b2f09c44f845	7	24164999	52097285	18202	0.2644
26a14093-45da-4f34-b8c9-b2f09c44f845	7	52097345	98793156	19768	0.2307
26a14093-45da-4f34-b8c9-b2f09c44f845	7	98793727	107876264	4396	0.2746
26a14093-45da-4f34-b8c9-b2f09c44f845	7	107876941	127290639	10311	0.2186
26a14093-45da-4f34-b8c9-b2f09c44f845	7	127291699	128756528	721	0.2873
26a14093-45da-4f34-b8c9-b2f09c44f845	7	128756628	138701802	5882	0.2501
26a14093-45da-4f34-b8c9-b2f09c44f845	7	138702047	140448102	883	0.3066
26a14093-45da-4f34-b8c9-b2f09c44f845	7	140448227	148960026	4473	0.2447
26a14093-45da-4f34-b8c9-b2f09c44f845	7	148962524	158592540	4828	0.2897
26a14093-45da-4f34-b8c9-b2f09c44f845	8	667625	4927010	2215	0.6545
26a14093-45da-4f34-b8c9-b2f09c44f845	8	4940046	6389318	472	0.2496
26a14093-45da-4f34-b8c9-b2f09c44f845	8	6389373	13848235	3372	0.6537
26a14093-45da-4f34-b8c9-b2f09c44f845	8	13848310	16914220	2274	0.6018
26a14093-45da-4f34-b8c9-b2f09c44f845	8	16917806	18538435	1340	0.6407
26a14093-45da-4f34-b8c9-b2f09c44f845	8	18546454	18811318	230	0.9258
26a14093-45da-4f34-b8c9-b2f09c44f845	8	18811830	29662345	7587	0.655
26a14093-45da-4f34-b8c9-b2f09c44f845	8	29662955	81377315	27646	0.617
26a14093-45da-4f34-b8c9-b2f09c44f845	8	81381229	92868937	6131	0.5919
26a14093-45da-4f34-b8c9-b2f09c44f845	8	92870766	93874351	565	0.6235
26a14093-45da-4f34-b8c9-b2f09c44f845	8	93880249	93933059	36	0.9971
26a14093-45da-4f34-b8c9-b2f09c44f845	8	93934495	99764715	3502	0.6173
26a14093-45da-4f34-b8c9-b2f09c44f845	8	99765660	103553213	2287	0.6452
26a14093-45da-4f34-b8c9-b2f09c44f845	8	103559264	122450956	10791	0.6024
26a14093-45da-4f34-b8c9-b2f09c44f845	8	122451306	133871425	8113	0.6502
26a14093-45da-4f34-b8c9-b2f09c44f845	8	133872650	138713993	3612	0.6191
26a14093-45da-4f34-b8c9-b2f09c44f845	8	138714105	142814142	1621	0.6705
26a14093-45da-4f34-b8c9-b2f09c44f845	8	142814486	143162209	150	0.954
26a14093-45da-4f34-b8c9-b2f09c44f845	8	143162239	144182542	241	0.6841
26a14093-45da-4f34-b8c9-b2f09c44f845	9	789794	11275227	6342	-0.2409
26a14093-45da-4f34-b8c9-b2f09c44f845	9	12527414	14251244	1234	-1.1416
26a14093-45da-4f34-b8c9-b2f09c44f845	9	14251918	14252209	2	-4.0493
26a14093-45da-4f34-b8c9-b2f09c44f845	9	14252231	34401766	13221	-1.0797
26a14093-45da-4f34-b8c9-b2f09c44f845	9	34407650	34911882	275	-0.1863
26a14093-45da-4f34-b8c9-b2f09c44f845	9	34915608	38752071	2367	-1.079
26a14093-45da-4f34-b8c9-b2f09c44f845	9	68423153	88657644	14103	-0.2633
26a14093-45da-4f34-b8c9-b2f09c44f845	9	88658034	100833453	7633	-0.2213
26a14093-45da-4f34-b8c9-b2f09c44f845	9	100833699	109580279	5857	-0.2599
26a14093-45da-4f34-b8c9-b2f09c44f845	9	109583689	109583826	3	-1.588
26a14093-45da-4f34-b8c9-b2f09c44f845	9	109584647	121518905	8471	-0.2504
26a14093-45da-4f34-b8c9-b2f09c44f845	9	121520928	121521130	2	-1.8876
26a14093-45da-4f34-b8c9-b2f09c44f845	9	121522134	121893770	198	-0.2514
26a14093-45da-4f34-b8c9-b2f09c44f845	9	121895059	128708871	3945	-0.2102
26a14093-45da-4f34-b8c9-b2f09c44f845	9	128718721	128878753	53	0.3103
26a14093-45da-4f34-b8c9-b2f09c44f845	9	128885613	138044505	4572	-0.1884
26a14093-45da-4f34-b8c9-b2f09c44f845	10	366509	14890240	10683	-0.2179
26a14093-45da-4f34-b8c9-b2f09c44f845	10	14890370	38393663	15484	-0.2566
26a14093-45da-4f34-b8c9-b2f09c44f845	10	38394675	43108538	472	-0.1828
26a14093-45da-4f34-b8c9-b2f09c44f845	10	43108575	45404423	1485	-0.2479
26a14093-45da-4f34-b8c9-b2f09c44f845	10	45407827	49849300	1571	-0.1883
26a14093-45da-4f34-b8c9-b2f09c44f845	10	49863777	68705225	10785	-0.2718
26a14093-45da-4f34-b8c9-b2f09c44f845	10	68705373	74011676	3126	-0.2061
26a14093-45da-4f34-b8c9-b2f09c44f845	10	74013604	133411599	37589	-0.2504
26a14093-45da-4f34-b8c9-b2f09c44f845	11	456012	3754925	1079	-0.1764
26a14093-45da-4f34-b8c9-b2f09c44f845	11	3757174	20565841	11774	-0.2491
26a14093-45da-4f34-b8c9-b2f09c44f845	11	20565958	33818307	8421	-0.2843
26a14093-45da-4f34-b8c9-b2f09c44f845	11	33818361	33820193	3	-1.4686
26a14093-45da-4f34-b8c9-b2f09c44f845	11	33820742	43477902	6130	-0.2682
26a14093-45da-4f34-b8c9-b2f09c44f845	11	43477983	47019707	2176	-0.2389
26a14093-45da-4f34-b8c9-b2f09c44f845	11	47025508	47421342	144	0.3377
26a14093-45da-4f34-b8c9-b2f09c44f845	11	47427521	58443102	2180	-0.2612
26a14093-45da-4f34-b8c9-b2f09c44f845	11	58444136	77646656	8795	-0.214
26a14093-45da-4f34-b8c9-b2f09c44f845	11	77649980	86539086	5591	-0.2882
26a14093-45da-4f34-b8c9-b2f09c44f845	11	86539692	86542553	2	-1.5457
26a14093-45da-4f34-b8c9-b2f09c44f845	11	86542945	88519810	1337	-0.2677
26a14093-45da-4f34-b8c9-b2f09c44f845	11	88522130	88523760	2	-1.9008
26a14093-45da-4f34-b8c9-b2f09c44f845	11	88524762	109862076	12937	-0.2799
26a14093-45da-4f34-b8c9-b2f09c44f845	11	109865944	109867633	2	-2.0264
26a14093-45da-4f34-b8c9-b2f09c44f845	11	109867851	115789519	4080	-0.2784
26a14093-45da-4f34-b8c9-b2f09c44f845	11	115791196	121899381	4292	-0.23
26a14093-45da-4f34-b8c9-b2f09c44f845	11	121899405	134272740	8525	-0.2636
26a14093-45da-4f34-b8c9-b2f09c44f845	12	780472	13866129	7456	0.6647
26a14093-45da-4f34-b8c9-b2f09c44f845	12	13866223	18229867	2559	0.6185
26a14093-45da-4f34-b8c9-b2f09c44f845	12	18235011	18235793	13	0.091
26a14093-45da-4f34-b8c9-b2f09c44f845	12	18235993	44526524	12788	0.6131
26a14093-45da-4f34-b8c9-b2f09c44f845	12	44527568	57981163	7098	0.6577
26a14093-45da-4f34-b8c9-b2f09c44f845	12	57986213	58822475	633	0.5986
26a14093-45da-4f34-b8c9-b2f09c44f845	12	58828192	58840007	38	0.3534
26a14093-45da-4f34-b8c9-b2f09c44f845	12	58840286	71305074	7885	0.6158
26a14093-45da-4f34-b8c9-b2f09c44f845	12	71305489	91325213	11662	0.5938
26a14093-45da-4f34-b8c9-b2f09c44f845	12	91325689	97335108	4099	0.63
26a14093-45da-4f34-b8c9-b2f09c44f845	12	97335222	102866166	3406	0.5947
26a14093-45da-4f34-b8c9-b2f09c44f845	12	102866830	120075953	10805	0.6326
26a14093-45da-4f34-b8c9-b2f09c44f845	12	120076653	125719374	2869	0.6812
26a14093-45da-4f34-b8c9-b2f09c44f845	12	125719544	130952424	2355	0.6239
26a14093-45da-4f34-b8c9-b2f09c44f845	12	130952842	132605822	657	0.6978
26a14093-45da-4f34-b8c9-b2f09c44f845	13	18874255	32884976	8519	-0.2723
26a14093-45da-4f34-b8c9-b2f09c44f845	13	32885046	38818216	4046	-0.3099
26a14093-45da-4f34-b8c9-b2f09c44f845	13	38818289	52483236	7799	-0.2644
26a14093-45da-4f34-b8c9-b2f09c44f845	13	52599178	98251223	25985	-0.301
26a14093-45da-4f34-b8c9-b2f09c44f845	13	98252314	101210074	1963	-0.2576
26a14093-45da-4f34-b8c9-b2f09c44f845	13	101210474	110655979	6947	-0.2954
26a14093-45da-4f34-b8c9-b2f09c44f845	13	110656446	114226675	1652	-0.2565
26a14093-45da-4f34-b8c9-b2f09c44f845	14	20033191	20738020	436	-0.274
26a14093-45da-4f34-b8c9-b2f09c44f845	14	20739118	24933688	1625	-0.2213
26a14093-45da-4f34-b8c9-b2f09c44f845	14	24933732	25111453	133	-0.3413
26a14093-45da-4f34-b8c9-b2f09c44f845	14	25112415	25115180	3	-1.4242
26a14093-45da-4f34-b8c9-b2f09c44f845	14	25117444	34238436	5604	-0.2943
26a14093-45da-4f34-b8c9-b2f09c44f845	14	34241882	34589610	199	0.232
26a14093-45da-4f34-b8c9-b2f09c44f845	14	34591792	61403042	14739	-0.2762
26a14093-45da-4f34-b8c9-b2f09c44f845	14	61407377	77248066	9586	-0.244
26a14093-45da-4f34-b8c9-b2f09c44f845	14	77249179	89080713	7500	-0.291
26a14093-45da-4f34-b8c9-b2f09c44f845	14	89082156	99197510	7001	-0.235
26a14093-45da-4f34-b8c9-b2f09c44f845	14	99198647	99201350	3	-1.7914
26a14093-45da-4f34-b8c9-b2f09c44f845	14	99203668	103856646	2438	-0.2268
26a14093-45da-4f34-b8c9-b2f09c44f845	14	103865206	103865220	2	-1.8431
26a14093-45da-4f34-b8c9-b2f09c44f845	14	103868767	105533894	448	-0.2088
26a14093-45da-4f34-b8c9-b2f09c44f845	15	23437561	39761429	8225	-0.2482
26a14093-45da-4f34-b8c9-b2f09c44f845	15	39765891	39766292	2	-1.8586
26a14093-45da-4f34-b8c9-b2f09c44f845	15	39766674	40473161	378	-0.2417
26a14093-45da-4f34-b8c9-b2f09c44f845	15	40475540	44183186	1657	-0.1806
26a14093-45da-4f34-b8c9-b2f09c44f845	15	44183205	54349317	6237	-0.2439
26a14093-45da-4f34-b8c9-b2f09c44f845	15	54352392	54352475	2	-2.4739
26a14093-45da-4f34-b8c9-b2f09c44f845	15	54360069	57670884	1851	-0.2467
26a14093-45da-4f34-b8c9-b2f09c44f845	15	57672283	83945893	15935	-0.2066
26a14093-45da-4f34-b8c9-b2f09c44f845	15	83946048	101344124	10455	-0.2344
26a14093-45da-4f34-b8c9-b2f09c44f845	16	603333	8725215	3906	0.6816
26a14093-45da-4f34-b8c9-b2f09c44f845	16	8728122	8839164	110	0.961
26a14093-45da-4f34-b8c9-b2f09c44f845	16	9132117	12583285	2729	0.6841
26a14093-45da-4f34-b8c9-b2f09c44f845	16	12583326	26789485	5629	0.6517
26a14093-45da-4f34-b8c9-b2f09c44f845	16	26789879	31091268	1328	0.6979
26a14093-45da-4f34-b8c9-b2f09c44f845	16	31101091	49008480	1526	0.6194
26a14093-45da-4f34-b8c9-b2f09c44f845	16	49008633	51136435	1485	0.6752
26a14093-45da-4f34-b8c9-b2f09c44f845	16	51137242	55076830	2983	0.6332
26a14093-45da-4f34-b8c9-b2f09c44f845	16	55078994	58498799	2231	0.6878
26a14093-45da-4f34-b8c9-b2f09c44f845	16	58499104	65063634	4154	0.618
26a14093-45da-4f34-b8c9-b2f09c44f845	16	65063908	69127593	2287	0.6779
26a14093-45da-4f34-b8c9-b2f09c44f845	16	69134385	77001093	4098	0.634
26a14093-45da-4f34-b8c9-b2f09c44f845	16	77001362	81345313	3812	0.6632
26a14093-45da-4f34-b8c9-b2f09c44f845	16	81346375	82069945	563	0.7127
26a14093-45da-4f34-b8c9-b2f09c44f845	16	82070041	83789846	1690	0.6687
26a14093-45da-4f34-b8c9-b2f09c44f845	16	83790015	89317317	2652	0.7176
26a14093-45da-4f34-b8c9-b2f09c44f845	17	1074619	9949728	4605	-0.1888
26a14093-45da-4f34-b8c9-b2f09c44f845	17	9951145	15951833	3019	-0.2465
26a14093-45da-4f34-b8c9-b2f09c44f845	17	15957524	51586462	12701	-0.1846
26a14093-45da-4f34-b8c9-b2f09c44f845	17	51586637	53859177	1365	-0.2595
26a14093-45da-4f34-b8c9-b2f09c44f845	17	53860020	53895416	20	-4.103
26a14093-45da-4f34-b8c9-b2f09c44f845	17	53897052	70102789	9230	-0.2179
26a14093-45da-4f34-b8c9-b2f09c44f845	17	70104268	72188419	1645	-0.2749
26a14093-45da-4f34-b8c9-b2f09c44f845	17	72190888	79981980	3577	-0.1901
26a14093-45da-4f34-b8c9-b2f09c44f845	17	79983395	80389110	174	0.3379
26a14093-45da-4f34-b8c9-b2f09c44f845	17	80391643	82959812	909	-0.1917
26a14093-45da-4f34-b8c9-b2f09c44f845	18	326691	79349796	42519	-1.0945
26a14093-45da-4f34-b8c9-b2f09c44f845	19	283868	5633227	1406	-0.1675
26a14093-45da-4f34-b8c9-b2f09c44f845	19	5633867	5636353	3	-2.2718
26a14093-45da-4f34-b8c9-b2f09c44f845	19	5637877	21352203	6481	-0.1595
26a14093-45da-4f34-b8c9-b2f09c44f845	19	21357314	33386843	5156	-0.2217
26a14093-45da-4f34-b8c9-b2f09c44f845	19	33387292	33404351	7	-0.9616
26a14093-45da-4f34-b8c9-b2f09c44f845	19	33406261	33599971	149	-0.2441
26a14093-45da-4f34-b8c9-b2f09c44f845	19	33602715	49419739	7243	-0.1777
26a14093-45da-4f34-b8c9-b2f09c44f845	19	49436874	49845421	141	0.3364
26a14093-45da-4f34-b8c9-b2f09c44f845	19	49846701	58370362	3546	-0.1819
26a14093-45da-4f34-b8c9-b2f09c44f845	20	472817	4910024	2785	0.7002
26a14093-45da-4f34-b8c9-b2f09c44f845	20	4911113	8832104	2178	0.6568
26a14093-45da-4f34-b8c9-b2f09c44f845	20	8832178	15638693	4498	0.6226
26a14093-45da-4f34-b8c9-b2f09c44f845	20	15640361	35623371	9607	0.6598
26a14093-45da-4f34-b8c9-b2f09c44f845	20	35625083	35907131	114	0.8917
26a14093-45da-4f34-b8c9-b2f09c44f845	20	35907707	37029348	478	0.6535
26a14093-45da-4f34-b8c9-b2f09c44f845	20	37033542	37094427	112	0.4244
26a14093-45da-4f34-b8c9-b2f09c44f845	20	37097999	37832540	425	0.6692
26a14093-45da-4f34-b8c9-b2f09c44f845	20	37833166	38337932	317	0.7472
26a14093-45da-4f34-b8c9-b2f09c44f845	20	38339044	43866324	3758	0.6428
26a14093-45da-4f34-b8c9-b2f09c44f845	20	43866698	47102570	2167	0.6972
26a14093-45da-4f34-b8c9-b2f09c44f845	20	47103140	56806034	6538	0.6569
26a14093-45da-4f34-b8c9-b2f09c44f845	20	56809898	63588502	4564	0.7075
26a14093-45da-4f34-b8c9-b2f09c44f845	21	13974127	30479861	10649	-0.2551
26a14093-45da-4f34-b8c9-b2f09c44f845	21	30481632	38823940	5507	-0.2087
26a14093-45da-4f34-b8c9-b2f09c44f845	21	38823994	41096318	1791	-0.2624
26a14093-45da-4f34-b8c9-b2f09c44f845	21	41096466	43034905	1518	-0.1757
26a14093-45da-4f34-b8c9-b2f09c44f845	21	43572694	43848607	156	0.3058
26a14093-45da-4f34-b8c9-b2f09c44f845	21	43851335	46262057	937	-0.1877
26a14093-45da-4f34-b8c9-b2f09c44f845	22	16934932	37793951	10253	-0.2273
26a14093-45da-4f34-b8c9-b2f09c44f845	22	37798395	37919413	56	0.2495
26a14093-45da-4f34-b8c9-b2f09c44f845	22	37923531	48940621	6755	-0.2155
26a14093-45da-4f34-b8c9-b2f09c44f845	X	3236359	20428975	6930	0.0283
26a14093-45da-4f34-b8c9-b2f09c44f845	X	20429257	29937991	5131	-0.0003
26a14093-45da-4f34-b8c9-b2f09c44f845	X	29938358	29940245	2	-1.264
26a14093-45da-4f34-b8c9-b2f09c44f845	X	29944774	38981011	3902	-0.0025
26a14093-45da-4f34-b8c9-b2f09c44f845	X	38981681	55234780	6846	0.0341
26a14093-45da-4f34-b8c9-b2f09c44f845	X	55235383	82726432	8631	-0.0082
26a14093-45da-4f34-b8c9-b2f09c44f845	X	82727603	82729930	2	-1.3979
26a14093-45da-4f34-b8c9-b2f09c44f845	X	82733124	83009777	172	-0.0068
26a14093-45da-4f34-b8c9-b2f09c44f845	X	83009813	83010450	2	1.2742
26a14093-45da-4f34-b8c9-b2f09c44f845	X	83012230	90041112	3295	-0.0231
26a14093-45da-4f34-b8c9-b2f09c44f845	X	90041965	90052096	9	-0.9326
26a14093-45da-4f34-b8c9-b2f09c44f845	X	90055524	90082003	13	0.0635
26a14093-45da-4f34-b8c9-b2f09c44f845	X	90087236	90094348	7	-0.9442
26a14093-45da-4f34-b8c9-b2f09c44f845	X	90095030	148269537	26357	-0.0042
26a14093-45da-4f34-b8c9-b2f09c44f845	X	148269762	155677414	2630	0.0316
