GDC_Aliquot	Chromosome	Start	End	Num_Probes	Segment_Mean
31c0a89c-deca-4a99-8c8d-ff0a4152cc40	1	3302046	27941987	13195	-0.4455
31c0a89c-deca-4a99-8c8d-ff0a4152cc40	1	27942195	27943535	2	-2.9704
31c0a89c-deca-4a99-8c8d-ff0a4152cc40	1	27944226	32353429	2265	-0.4243
31c0a89c-deca-4a99-8c8d-ff0a4152cc40	1	32365942	32428780	29	0.1217
31c0a89c-deca-4a99-8c8d-ff0a4152cc40	1	32451982	119391420	51973	-0.441
31c0a89c-deca-4a99-8c8d-ff0a4152cc40	1	119392438	149909846	399	0.4269
31c0a89c-deca-4a99-8c8d-ff0a4152cc40	1	149910462	151811390	728	-0.011
31c0a89c-deca-4a99-8c8d-ff0a4152cc40	1	151813896	153235425	859	0.1071
31c0a89c-deca-4a99-8c8d-ff0a4152cc40	1	153238306	162382504	5186	0.0238
31c0a89c-deca-4a99-8c8d-ff0a4152cc40	1	162382694	164486745	1519	0.0952
31c0a89c-deca-4a99-8c8d-ff0a4152cc40	1	164486878	181954433	11556	0.0397
31c0a89c-deca-4a99-8c8d-ff0a4152cc40	1	181956295	183597778	1123	-0.0204
31c0a89c-deca-4a99-8c8d-ff0a4152cc40	1	183598047	198383306	8663	0.0416
31c0a89c-deca-4a99-8c8d-ff0a4152cc40	1	198383308	204093280	3602	0.0024
31c0a89c-deca-4a99-8c8d-ff0a4152cc40	1	204098153	204175121	75	0.3793
31c0a89c-deca-4a99-8c8d-ff0a4152cc40	1	204176157	213100207	6020	0.0291
31c0a89c-deca-4a99-8c8d-ff0a4152cc40	1	213100875	213682245	359	0.3898
31c0a89c-deca-4a99-8c8d-ff0a4152cc40	1	213683044	213759478	69	0.0621
31c0a89c-deca-4a99-8c8d-ff0a4152cc40	1	213760024	214808262	797	0.391
31c0a89c-deca-4a99-8c8d-ff0a4152cc40	1	214810473	215262458	332	0.0695
31c0a89c-deca-4a99-8c8d-ff0a4152cc40	1	215263508	234667903	12481	0.377
31c0a89c-deca-4a99-8c8d-ff0a4152cc40	1	234668406	240545854	4316	0.3376
31c0a89c-deca-4a99-8c8d-ff0a4152cc40	1	240546781	247650984	3864	0.3788
31c0a89c-deca-4a99-8c8d-ff0a4152cc40	2	480597	72678576	42876	0.3604
31c0a89c-deca-4a99-8c8d-ff0a4152cc40	2	72678896	99649959	9549	0.3354
31c0a89c-deca-4a99-8c8d-ff0a4152cc40	2	99652854	113950285	7830	0.3533
31c0a89c-deca-4a99-8c8d-ff0a4152cc40	2	113951151	116497058	1363	0.4103
31c0a89c-deca-4a99-8c8d-ff0a4152cc40	2	116497187	130957083	7284	0.3451
31c0a89c-deca-4a99-8c8d-ff0a4152cc40	2	130960269	131182921	102	-0.0645
31c0a89c-deca-4a99-8c8d-ff0a4152cc40	2	131188740	134635540	1604	0.3535
31c0a89c-deca-4a99-8c8d-ff0a4152cc40	2	134637073	135249405	318	0.0009
31c0a89c-deca-4a99-8c8d-ff0a4152cc40	2	135252652	135978550	311	0.3387
31c0a89c-deca-4a99-8c8d-ff0a4152cc40	2	135979036	138704735	1361	0.0336
31c0a89c-deca-4a99-8c8d-ff0a4152cc40	2	138705317	139562617	513	0.3508
31c0a89c-deca-4a99-8c8d-ff0a4152cc40	2	139568392	159239876	11465	0.002
31c0a89c-deca-4a99-8c8d-ff0a4152cc40	2	159242021	159318483	51	0.3867
31c0a89c-deca-4a99-8c8d-ff0a4152cc40	2	159318543	241537572	47490	0.0097
31c0a89c-deca-4a99-8c8d-ff0a4152cc40	3	2170634	11351613	5413	0.0364
31c0a89c-deca-4a99-8c8d-ff0a4152cc40	3	11351794	11551539	112	-0.431
31c0a89c-deca-4a99-8c8d-ff0a4152cc40	3	11552053	13013995	999	0.0278
31c0a89c-deca-4a99-8c8d-ff0a4152cc40	3	13014076	13046812	26	0.4138
31c0a89c-deca-4a99-8c8d-ff0a4152cc40	3	13046907	52835034	22501	0.0284
31c0a89c-deca-4a99-8c8d-ff0a4152cc40	3	52836116	53067810	129	0.3814
31c0a89c-deca-4a99-8c8d-ff0a4152cc40	3	53069245	59649201	4318	0.0403
31c0a89c-deca-4a99-8c8d-ff0a4152cc40	3	59649489	70604547	7141	0.062
31c0a89c-deca-4a99-8c8d-ff0a4152cc40	3	70606217	77502832	4192	0.015
31c0a89c-deca-4a99-8c8d-ff0a4152cc40	3	77506297	83176235	3063	0.073
31c0a89c-deca-4a99-8c8d-ff0a4152cc40	3	83183369	152674637	36020	0.0295
31c0a89c-deca-4a99-8c8d-ff0a4152cc40	3	152675973	152903492	127	0.2531
31c0a89c-deca-4a99-8c8d-ff0a4152cc40	3	152904107	188163515	18092	0.0143
31c0a89c-deca-4a99-8c8d-ff0a4152cc40	3	188164955	192682181	2940	0.0551
31c0a89c-deca-4a99-8c8d-ff0a4152cc40	3	192683305	197812401	2001	0.0054
31c0a89c-deca-4a99-8c8d-ff0a4152cc40	4	1059384	24626426	14770	0.0369
31c0a89c-deca-4a99-8c8d-ff0a4152cc40	4	24626529	35055952	6272	-0.0062
31c0a89c-deca-4a99-8c8d-ff0a4152cc40	4	35058027	56777782	10462	0.0229
31c0a89c-deca-4a99-8c8d-ff0a4152cc40	4	56782993	76191437	10304	-0.4616
31c0a89c-deca-4a99-8c8d-ff0a4152cc40	4	76191939	77100056	600	0.0194
31c0a89c-deca-4a99-8c8d-ff0a4152cc40	4	77100460	130004884	29912	-0.469
31c0a89c-deca-4a99-8c8d-ff0a4152cc40	4	130006306	130675487	343	0.0266
31c0a89c-deca-4a99-8c8d-ff0a4152cc40	4	130676552	130723723	39	0.3127
31c0a89c-deca-4a99-8c8d-ff0a4152cc40	4	130735308	131018350	164	0.0128
31c0a89c-deca-4a99-8c8d-ff0a4152cc40	4	131019052	131493264	35	0.7049
31c0a89c-deca-4a99-8c8d-ff0a4152cc40	4	131494153	131643869	80	0.3832
31c0a89c-deca-4a99-8c8d-ff0a4152cc40	4	131644361	132491303	358	-0.4238
31c0a89c-deca-4a99-8c8d-ff0a4152cc40	4	132491896	132929564	312	0.0306
31c0a89c-deca-4a99-8c8d-ff0a4152cc40	4	132929804	133440773	135	0.416
31c0a89c-deca-4a99-8c8d-ff0a4152cc40	4	133451317	145841048	6813	-0.4674
31c0a89c-deca-4a99-8c8d-ff0a4152cc40	4	145843567	145853423	10	0.3383
31c0a89c-deca-4a99-8c8d-ff0a4152cc40	4	145854148	148416256	1547	-0.4772
31c0a89c-deca-4a99-8c8d-ff0a4152cc40	4	148416547	149135223	406	0.0393
31c0a89c-deca-4a99-8c8d-ff0a4152cc40	4	149142108	150997179	882	-0.4502
31c0a89c-deca-4a99-8c8d-ff0a4152cc40	4	151103174	151510618	182	0.0003
31c0a89c-deca-4a99-8c8d-ff0a4152cc40	4	151516654	151697332	88	0.3145
31c0a89c-deca-4a99-8c8d-ff0a4152cc40	4	151698637	152153726	326	-0.001
31c0a89c-deca-4a99-8c8d-ff0a4152cc40	4	152154901	155564975	2032	-0.4787
31c0a89c-deca-4a99-8c8d-ff0a4152cc40	4	155566988	157606081	1272	0.048
31c0a89c-deca-4a99-8c8d-ff0a4152cc40	4	157612617	187842528	15909	-0.4694
31c0a89c-deca-4a99-8c8d-ff0a4152cc40	5	914118	7351510	4611	-0.5477
31c0a89c-deca-4a99-8c8d-ff0a4152cc40	5	7354874	7924929	372	0.0068
31c0a89c-deca-4a99-8c8d-ff0a4152cc40	5	7930588	7931168	5	-1.3159
31c0a89c-deca-4a99-8c8d-ff0a4152cc40	5	7932296	10446104	1966	0.058
31c0a89c-deca-4a99-8c8d-ff0a4152cc40	5	10448135	14801957	2655	-0.49
31c0a89c-deca-4a99-8c8d-ff0a4152cc40	5	14802002	14802401	2	-2.2197
31c0a89c-deca-4a99-8c8d-ff0a4152cc40	5	14802444	16665604	776	-0.4524
31c0a89c-deca-4a99-8c8d-ff0a4152cc40	5	16666298	16771531	58	0.0034
31c0a89c-deca-4a99-8c8d-ff0a4152cc40	5	16772867	18767486	1028	-0.5113
31c0a89c-deca-4a99-8c8d-ff0a4152cc40	5	18777092	18992718	63	0.1152
31c0a89c-deca-4a99-8c8d-ff0a4152cc40	5	19017511	23705839	2325	-0.458
31c0a89c-deca-4a99-8c8d-ff0a4152cc40	5	23709765	33588230	5816	0.0271
31c0a89c-deca-4a99-8c8d-ff0a4152cc40	5	33588311	53453120	7957	0.0531
31c0a89c-deca-4a99-8c8d-ff0a4152cc40	5	53455194	172776374	68956	0.0258
31c0a89c-deca-4a99-8c8d-ff0a4152cc40	5	172776510	172854938	70	0.3891
31c0a89c-deca-4a99-8c8d-ff0a4152cc40	5	172856080	180932089	4281	0.0296
31c0a89c-deca-4a99-8c8d-ff0a4152cc40	5	180932733	180934240	5	-0.3366
31c0a89c-deca-4a99-8c8d-ff0a4152cc40	6	1011760	10155100	6666	0.385
31c0a89c-deca-4a99-8c8d-ff0a4152cc40	6	10155424	11852418	1083	0.322
31c0a89c-deca-4a99-8c8d-ff0a4152cc40	6	11852605	42614518	17658	0.364
31c0a89c-deca-4a99-8c8d-ff0a4152cc40	6	42620080	44314163	856	0.3185
31c0a89c-deca-4a99-8c8d-ff0a4152cc40	6	44315061	53584466	5550	0.3791
31c0a89c-deca-4a99-8c8d-ff0a4152cc40	6	53584503	56416990	1856	0.4264
31c0a89c-deca-4a99-8c8d-ff0a4152cc40	6	56417804	56430859	17	0.9078
31c0a89c-deca-4a99-8c8d-ff0a4152cc40	6	56443349	65358273	2212	0.4132
31c0a89c-deca-4a99-8c8d-ff0a4152cc40	6	65358978	84401762	10878	0.3792
31c0a89c-deca-4a99-8c8d-ff0a4152cc40	6	84402396	88503461	2353	0.0452
31c0a89c-deca-4a99-8c8d-ff0a4152cc40	6	88506120	89364308	513	0.361
31c0a89c-deca-4a99-8c8d-ff0a4152cc40	6	89365640	93327440	2518	0.0084
31c0a89c-deca-4a99-8c8d-ff0a4152cc40	6	93327682	94567775	287	0.3733
31c0a89c-deca-4a99-8c8d-ff0a4152cc40	6	94568711	97069070	1030	0.0072
31c0a89c-deca-4a99-8c8d-ff0a4152cc40	6	97073534	97625730	289	0.3737
31c0a89c-deca-4a99-8c8d-ff0a4152cc40	6	97633511	100539133	1836	0.0218
31c0a89c-deca-4a99-8c8d-ff0a4152cc40	6	100539278	100671670	55	0.5147
31c0a89c-deca-4a99-8c8d-ff0a4152cc40	6	100672130	104094344	1794	0.0087
31c0a89c-deca-4a99-8c8d-ff0a4152cc40	6	104100591	105317099	724	0.3669
31c0a89c-deca-4a99-8c8d-ff0a4152cc40	6	105320150	105771153	276	0.6288
31c0a89c-deca-4a99-8c8d-ff0a4152cc40	6	105773532	105950020	144	-0.0105
31c0a89c-deca-4a99-8c8d-ff0a4152cc40	6	105951558	106120159	103	0.3011
31c0a89c-deca-4a99-8c8d-ff0a4152cc40	6	106124480	110155227	2481	0.0061
31c0a89c-deca-4a99-8c8d-ff0a4152cc40	6	110164242	110362801	119	0.3581
31c0a89c-deca-4a99-8c8d-ff0a4152cc40	6	110364103	113059619	1642	0.0009
31c0a89c-deca-4a99-8c8d-ff0a4152cc40	6	113060325	113475877	306	0.3943
31c0a89c-deca-4a99-8c8d-ff0a4152cc40	6	113476198	119390719	2954	0.0235
31c0a89c-deca-4a99-8c8d-ff0a4152cc40	6	119391301	132336282	7773	0.0538
31c0a89c-deca-4a99-8c8d-ff0a4152cc40	6	132337417	154771099	14452	0.0234
31c0a89c-deca-4a99-8c8d-ff0a4152cc40	6	154773410	170596889	8638	0.6445
31c0a89c-deca-4a99-8c8d-ff0a4152cc40	7	664936	6727754	2295	-0.0142
31c0a89c-deca-4a99-8c8d-ff0a4152cc40	7	6727908	47297416	24966	0.0347
31c0a89c-deca-4a99-8c8d-ff0a4152cc40	7	47298458	49165448	1237	0.0015
31c0a89c-deca-4a99-8c8d-ff0a4152cc40	7	49165544	52018900	2079	-0.053
31c0a89c-deca-4a99-8c8d-ff0a4152cc40	7	52019343	76273300	7912	0.0043
31c0a89c-deca-4a99-8c8d-ff0a4152cc40	7	76286756	129158033	27463	-0.4638
31c0a89c-deca-4a99-8c8d-ff0a4152cc40	7	129158610	129272356	55	0.036
31c0a89c-deca-4a99-8c8d-ff0a4152cc40	7	129273267	158592540	15758	-0.4914
31c0a89c-deca-4a99-8c8d-ff0a4152cc40	8	667625	13292551	5709	0.3708
31c0a89c-deca-4a99-8c8d-ff0a4152cc40	8	13292581	20071714	5159	0.4228
31c0a89c-deca-4a99-8c8d-ff0a4152cc40	8	20071985	42285617	13760	0.3829
31c0a89c-deca-4a99-8c8d-ff0a4152cc40	8	42285860	58396654	7069	0.3452
31c0a89c-deca-4a99-8c8d-ff0a4152cc40	8	58396727	103797593	26063	0.3736
31c0a89c-deca-4a99-8c8d-ff0a4152cc40	8	103797779	107762865	2095	0.427
31c0a89c-deca-4a99-8c8d-ff0a4152cc40	8	107763222	123377368	9185	0.3753
31c0a89c-deca-4a99-8c8d-ff0a4152cc40	8	123377649	123382196	2	-1.1375
31c0a89c-deca-4a99-8c8d-ff0a4152cc40	8	123383415	144182542	13122	0.3855
31c0a89c-deca-4a99-8c8d-ff0a4152cc40	9	789794	7787412	4277	-0.4544
31c0a89c-deca-4a99-8c8d-ff0a4152cc40	9	7788329	7788386	2	-2.4349
31c0a89c-deca-4a99-8c8d-ff0a4152cc40	9	7789577	18848068	7053	-0.4489
31c0a89c-deca-4a99-8c8d-ff0a4152cc40	9	18851651	18866877	27	0.1041
31c0a89c-deca-4a99-8c8d-ff0a4152cc40	9	18869494	34925900	9795	-0.4447
31c0a89c-deca-4a99-8c8d-ff0a4152cc40	9	34926318	34926931	2	-2.8553
31c0a89c-deca-4a99-8c8d-ff0a4152cc40	9	34934382	37033162	1222	-0.4616
31c0a89c-deca-4a99-8c8d-ff0a4152cc40	9	37033364	37034672	3	-2.6937
31c0a89c-deca-4a99-8c8d-ff0a4152cc40	9	37035184	68423153	1138	-0.466
31c0a89c-deca-4a99-8c8d-ff0a4152cc40	9	68424128	98933929	20655	0.0329
31c0a89c-deca-4a99-8c8d-ff0a4152cc40	9	98936718	104861961	3428	0.0809
31c0a89c-deca-4a99-8c8d-ff0a4152cc40	9	104863031	105672913	600	0.0224
31c0a89c-deca-4a99-8c8d-ff0a4152cc40	9	105673639	106407524	392	-0.1261
31c0a89c-deca-4a99-8c8d-ff0a4152cc40	9	106409115	138044505	19759	0.0462
31c0a89c-deca-4a99-8c8d-ff0a4152cc40	10	366509	21392036	15367	0.0384
31c0a89c-deca-4a99-8c8d-ff0a4152cc40	10	21395485	31001684	6313	0.0018
31c0a89c-deca-4a99-8c8d-ff0a4152cc40	10	31001916	46041001	6567	0.0297
31c0a89c-deca-4a99-8c8d-ff0a4152cc40	10	47084490	47242598	114	0.9242
31c0a89c-deca-4a99-8c8d-ff0a4152cc40	10	47244568	49849300	1341	0.3955
31c0a89c-deca-4a99-8c8d-ff0a4152cc40	10	49863777	53459425	1982	0.0311
31c0a89c-deca-4a99-8c8d-ff0a4152cc40	10	53464627	53548339	41	0.6503
31c0a89c-deca-4a99-8c8d-ff0a4152cc40	10	53559096	55148139	1018	0.0127
31c0a89c-deca-4a99-8c8d-ff0a4152cc40	10	55579314	57269617	749	0.3936
31c0a89c-deca-4a99-8c8d-ff0a4152cc40	10	57270118	58428106	809	0.077
31c0a89c-deca-4a99-8c8d-ff0a4152cc40	10	58429365	58597999	107	0.6177
31c0a89c-deca-4a99-8c8d-ff0a4152cc40	10	58600428	60395550	1370	0.0492
31c0a89c-deca-4a99-8c8d-ff0a4152cc40	10	60399169	60476437	52	0.4441
31c0a89c-deca-4a99-8c8d-ff0a4152cc40	10	60479626	60622940	88	0.058
31c0a89c-deca-4a99-8c8d-ff0a4152cc40	10	60623723	60700020	56	0.3518
31c0a89c-deca-4a99-8c8d-ff0a4152cc40	10	60706602	60902853	164	0.0887
31c0a89c-deca-4a99-8c8d-ff0a4152cc40	10	60902856	60905702	3	-0.9088
31c0a89c-deca-4a99-8c8d-ff0a4152cc40	10	60906615	61044182	71	-0.0033
31c0a89c-deca-4a99-8c8d-ff0a4152cc40	10	61058700	61290403	128	0.467
31c0a89c-deca-4a99-8c8d-ff0a4152cc40	10	61290948	61804490	354	0.8841
31c0a89c-deca-4a99-8c8d-ff0a4152cc40	10	61804670	61928969	95	1.1214
31c0a89c-deca-4a99-8c8d-ff0a4152cc40	10	61929318	62025330	53	0.7022
31c0a89c-deca-4a99-8c8d-ff0a4152cc40	10	62025610	62075094	36	0.5939
31c0a89c-deca-4a99-8c8d-ff0a4152cc40	10	62077562	62364573	163	0.345
31c0a89c-deca-4a99-8c8d-ff0a4152cc40	10	62364976	63052371	468	0.0169
31c0a89c-deca-4a99-8c8d-ff0a4152cc40	10	63057495	63210174	87	0.3856
31c0a89c-deca-4a99-8c8d-ff0a4152cc40	10	63211899	63341521	62	-0.0337
31c0a89c-deca-4a99-8c8d-ff0a4152cc40	10	63344644	115181076	31766	0.3777
31c0a89c-deca-4a99-8c8d-ff0a4152cc40	10	115186766	116869411	1170	0.4431
31c0a89c-deca-4a99-8c8d-ff0a4152cc40	10	116869567	133411599	10625	0.3872
31c0a89c-deca-4a99-8c8d-ff0a4152cc40	11	456012	60600186	33098	0.0356
31c0a89c-deca-4a99-8c8d-ff0a4152cc40	11	60600719	76490135	6976	0.0015
31c0a89c-deca-4a99-8c8d-ff0a4152cc40	11	76491656	108693481	19811	0.0441
31c0a89c-deca-4a99-8c8d-ff0a4152cc40	11	108696610	108799542	63	-1.1774
31c0a89c-deca-4a99-8c8d-ff0a4152cc40	11	108803385	116985926	5622	0.0464
31c0a89c-deca-4a99-8c8d-ff0a4152cc40	11	116986643	118857094	1297	-0.0176
31c0a89c-deca-4a99-8c8d-ff0a4152cc40	11	118857978	118904810	23	0.3882
31c0a89c-deca-4a99-8c8d-ff0a4152cc40	11	118905166	119888635	567	-0.0251
31c0a89c-deca-4a99-8c8d-ff0a4152cc40	11	119889816	123752995	2847	0.027
31c0a89c-deca-4a99-8c8d-ff0a4152cc40	11	123753296	124515560	577	0.109
31c0a89c-deca-4a99-8c8d-ff0a4152cc40	11	124515777	134272740	6591	0.0242
31c0a89c-deca-4a99-8c8d-ff0a4152cc40	12	780472	33368216	19708	0.3715
31c0a89c-deca-4a99-8c8d-ff0a4152cc40	12	38827290	47799113	4962	0.0304
31c0a89c-deca-4a99-8c8d-ff0a4152cc40	12	47800652	47875867	63	0.376
31c0a89c-deca-4a99-8c8d-ff0a4152cc40	12	47876654	50918689	1470	-0.0079
31c0a89c-deca-4a99-8c8d-ff0a4152cc40	12	50919748	51833911	496	1.5286
31c0a89c-deca-4a99-8c8d-ff0a4152cc40	12	51899716	52003114	58	1.0804
31c0a89c-deca-4a99-8c8d-ff0a4152cc40	12	52005470	53322662	795	0.0057
31c0a89c-deca-4a99-8c8d-ff0a4152cc40	12	53328314	53340722	7	0.8268
31c0a89c-deca-4a99-8c8d-ff0a4152cc40	12	53344430	54558904	579	-0.0212
31c0a89c-deca-4a99-8c8d-ff0a4152cc40	12	54559765	55151222	399	1.4642
31c0a89c-deca-4a99-8c8d-ff0a4152cc40	12	55158601	55501795	206	0.0792
31c0a89c-deca-4a99-8c8d-ff0a4152cc40	12	55501946	56110777	304	-0.0378
31c0a89c-deca-4a99-8c8d-ff0a4152cc40	12	56113984	57284787	531	0.3218
31c0a89c-deca-4a99-8c8d-ff0a4152cc40	12	57291160	58339900	559	1.6275
31c0a89c-deca-4a99-8c8d-ff0a4152cc40	12	58339957	59190976	686	1.4884
31c0a89c-deca-4a99-8c8d-ff0a4152cc40	12	59192197	59592923	211	1.6129
31c0a89c-deca-4a99-8c8d-ff0a4152cc40	12	59593580	59858686	188	2.0383
31c0a89c-deca-4a99-8c8d-ff0a4152cc40	12	59858835	59968869	64	1.7214
31c0a89c-deca-4a99-8c8d-ff0a4152cc40	12	59978554	61537579	881	0.3713
31c0a89c-deca-4a99-8c8d-ff0a4152cc40	12	61539325	62709501	686	1.7639
31c0a89c-deca-4a99-8c8d-ff0a4152cc40	12	62710139	63053745	307	1.5497
31c0a89c-deca-4a99-8c8d-ff0a4152cc40	12	63053777	63124103	75	1.8578
31c0a89c-deca-4a99-8c8d-ff0a4152cc40	12	63134929	63526209	252	0.403
31c0a89c-deca-4a99-8c8d-ff0a4152cc40	12	63751525	63904987	79	1.7448
31c0a89c-deca-4a99-8c8d-ff0a4152cc40	12	63906645	65607119	937	1.8999
31c0a89c-deca-4a99-8c8d-ff0a4152cc40	12	65607333	66077018	283	1.6847
31c0a89c-deca-4a99-8c8d-ff0a4152cc40	12	66082119	66511857	285	1.537
31c0a89c-deca-4a99-8c8d-ff0a4152cc40	12	66512030	67231721	559	1.1858
31c0a89c-deca-4a99-8c8d-ff0a4152cc40	12	67232353	68353445	881	1.5348
31c0a89c-deca-4a99-8c8d-ff0a4152cc40	12	68355124	68598483	162	1.3253
31c0a89c-deca-4a99-8c8d-ff0a4152cc40	12	68601002	71196986	1740	1.5432
31c0a89c-deca-4a99-8c8d-ff0a4152cc40	12	71197884	73183758	997	1.3851
31c0a89c-deca-4a99-8c8d-ff0a4152cc40	12	73192206	73553611	194	0.5947
31c0a89c-deca-4a99-8c8d-ff0a4152cc40	12	73553983	73749043	98	0.9819
31c0a89c-deca-4a99-8c8d-ff0a4152cc40	12	73752881	73757289	6	0.6829
31c0a89c-deca-4a99-8c8d-ff0a4152cc40	12	73758109	73913012	89	0.3226
31c0a89c-deca-4a99-8c8d-ff0a4152cc40	12	74031681	74613069	337	0.6471
31c0a89c-deca-4a99-8c8d-ff0a4152cc40	12	74617757	75816294	796	1.0251
31c0a89c-deca-4a99-8c8d-ff0a4152cc40	12	75817732	75823448	9	-0.2545
31c0a89c-deca-4a99-8c8d-ff0a4152cc40	12	75824174	77124986	798	0.9694
31c0a89c-deca-4a99-8c8d-ff0a4152cc40	12	77128448	77335834	148	0.6302
31c0a89c-deca-4a99-8c8d-ff0a4152cc40	12	77335882	77372187	19	1.0901
31c0a89c-deca-4a99-8c8d-ff0a4152cc40	12	77372579	78621413	946	0.6545
31c0a89c-deca-4a99-8c8d-ff0a4152cc40	12	78624611	79668450	595	0.3677
31c0a89c-deca-4a99-8c8d-ff0a4152cc40	12	79670561	80817069	686	0.6489
31c0a89c-deca-4a99-8c8d-ff0a4152cc40	12	80817532	81346572	363	1.0446
31c0a89c-deca-4a99-8c8d-ff0a4152cc40	12	81348906	82344727	595	0.6241
31c0a89c-deca-4a99-8c8d-ff0a4152cc40	12	82344805	82494679	61	0.3041
31c0a89c-deca-4a99-8c8d-ff0a4152cc40	12	82501557	83177494	422	-0.0001
31c0a89c-deca-4a99-8c8d-ff0a4152cc40	12	83178888	83896697	419	0.3577
31c0a89c-deca-4a99-8c8d-ff0a4152cc40	12	83901498	84291487	226	0.0094
31c0a89c-deca-4a99-8c8d-ff0a4152cc40	12	84294237	84979100	433	1.7455
31c0a89c-deca-4a99-8c8d-ff0a4152cc40	12	84986915	85086373	51	0.3785
31c0a89c-deca-4a99-8c8d-ff0a4152cc40	12	85086642	86501634	755	0.0618
31c0a89c-deca-4a99-8c8d-ff0a4152cc40	12	86507626	88516099	982	1.3102
31c0a89c-deca-4a99-8c8d-ff0a4152cc40	12	88516618	89206601	431	0.0576
31c0a89c-deca-4a99-8c8d-ff0a4152cc40	12	89210108	90905068	994	-0.0029
31c0a89c-deca-4a99-8c8d-ff0a4152cc40	12	90906627	90938014	20	0.4224
31c0a89c-deca-4a99-8c8d-ff0a4152cc40	12	90940828	97377354	4365	0.0097
31c0a89c-deca-4a99-8c8d-ff0a4152cc40	12	97377519	107067153	6333	0.0482
31c0a89c-deca-4a99-8c8d-ff0a4152cc40	12	107071640	108624642	1066	1.5182
31c0a89c-deca-4a99-8c8d-ff0a4152cc40	12	108625165	109567599	436	1.7272
31c0a89c-deca-4a99-8c8d-ff0a4152cc40	12	109568373	111396435	869	0.001
31c0a89c-deca-4a99-8c8d-ff0a4152cc40	12	111398773	111547009	61	0.2849
31c0a89c-deca-4a99-8c8d-ff0a4152cc40	12	111556332	112502132	429	-0.0003
31c0a89c-deca-4a99-8c8d-ff0a4152cc40	12	112502248	112633140	86	1.5055
31c0a89c-deca-4a99-8c8d-ff0a4152cc40	12	112636189	113590196	611	1.8035
31c0a89c-deca-4a99-8c8d-ff0a4152cc40	12	113590658	113668328	70	1.5724
31c0a89c-deca-4a99-8c8d-ff0a4152cc40	12	113668372	113819629	118	0.0127
31c0a89c-deca-4a99-8c8d-ff0a4152cc40	12	114121479	114616412	428	1.3111
31c0a89c-deca-4a99-8c8d-ff0a4152cc40	12	114617992	114652604	2	-0.5767
31c0a89c-deca-4a99-8c8d-ff0a4152cc40	12	114652728	115445624	586	1.2567
31c0a89c-deca-4a99-8c8d-ff0a4152cc40	12	115446858	117624560	1552	0.0275
31c0a89c-deca-4a99-8c8d-ff0a4152cc40	12	117629614	118170475	387	1.5439
31c0a89c-deca-4a99-8c8d-ff0a4152cc40	12	118172048	118694971	250	0.3898
31c0a89c-deca-4a99-8c8d-ff0a4152cc40	12	118700274	118722170	14	1.8731
31c0a89c-deca-4a99-8c8d-ff0a4152cc40	12	118727639	119848388	808	0.4062
31c0a89c-deca-4a99-8c8d-ff0a4152cc40	12	119848820	122817689	1333	0.326
31c0a89c-deca-4a99-8c8d-ff0a4152cc40	12	122820427	132605822	4617	0.0293
31c0a89c-deca-4a99-8c8d-ff0a4152cc40	13	18874255	21731630	1183	-0.0049
31c0a89c-deca-4a99-8c8d-ff0a4152cc40	13	21732438	104127193	49473	0.0303
31c0a89c-deca-4a99-8c8d-ff0a4152cc40	13	104127287	107554517	2119	-0.0083
31c0a89c-deca-4a99-8c8d-ff0a4152cc40	13	107557852	111392695	2891	0.0665
31c0a89c-deca-4a99-8c8d-ff0a4152cc40	13	111394382	114226675	1240	0.0263
31c0a89c-deca-4a99-8c8d-ff0a4152cc40	14	20033191	20427487	257	0.0324
31c0a89c-deca-4a99-8c8d-ff0a4152cc40	14	20428698	26174574	2640	0.3974
31c0a89c-deca-4a99-8c8d-ff0a4152cc40	14	26176469	32098232	3168	0.0758
31c0a89c-deca-4a99-8c8d-ff0a4152cc40	14	32105327	33726730	1362	-0.4462
31c0a89c-deca-4a99-8c8d-ff0a4152cc40	14	33730432	33732707	3	-1.8867
31c0a89c-deca-4a99-8c8d-ff0a4152cc40	14	33733061	34083900	249	-0.4681
31c0a89c-deca-4a99-8c8d-ff0a4152cc40	14	34088622	47754840	6592	0.0459
31c0a89c-deca-4a99-8c8d-ff0a4152cc40	14	47817385	89011305	25429	-0.4589
31c0a89c-deca-4a99-8c8d-ff0a4152cc40	14	89018029	105533894	9893	-0.4931
31c0a89c-deca-4a99-8c8d-ff0a4152cc40	15	23437561	89184888	37172	-0.4498
31c0a89c-deca-4a99-8c8d-ff0a4152cc40	15	89186907	89249255	49	0.0388
31c0a89c-deca-4a99-8c8d-ff0a4152cc40	15	89251089	90235158	555	-0.479
31c0a89c-deca-4a99-8c8d-ff0a4152cc40	15	90235254	90258016	14	-1.2024
31c0a89c-deca-4a99-8c8d-ff0a4152cc40	15	90258352	101344124	6782	-0.4646
31c0a89c-deca-4a99-8c8d-ff0a4152cc40	16	603333	1063695	93	-0.5538
31c0a89c-deca-4a99-8c8d-ff0a4152cc40	16	1069946	4957642	1520	-0.0179
31c0a89c-deca-4a99-8c8d-ff0a4152cc40	16	4960912	19452338	6995	0.0689
31c0a89c-deca-4a99-8c8d-ff0a4152cc40	16	19452723	20011143	283	0.0222
31c0a89c-deca-4a99-8c8d-ff0a4152cc40	16	20015686	29148114	4481	-0.4784
31c0a89c-deca-4a99-8c8d-ff0a4152cc40	16	29148975	29181783	19	0.1361
31c0a89c-deca-4a99-8c8d-ff0a4152cc40	16	29188047	31176436	318	-0.0671
31c0a89c-deca-4a99-8c8d-ff0a4152cc40	16	31177030	66636074	13529	0.0575
31c0a89c-deca-4a99-8c8d-ff0a4152cc40	16	66636377	72196908	2305	0.0014
31c0a89c-deca-4a99-8c8d-ff0a4152cc40	16	72202780	76036739	2157	0.0497
31c0a89c-deca-4a99-8c8d-ff0a4152cc40	16	76037013	78390934	2003	0.1073
31c0a89c-deca-4a99-8c8d-ff0a4152cc40	16	78391038	79890826	1449	0.0302
31c0a89c-deca-4a99-8c8d-ff0a4152cc40	16	79890960	83691766	3182	0.078
31c0a89c-deca-4a99-8c8d-ff0a4152cc40	16	83692135	89317317	2813	0.036
31c0a89c-deca-4a99-8c8d-ff0a4152cc40	17	1074619	18029196	8596	-0.4769
31c0a89c-deca-4a99-8c8d-ff0a4152cc40	17	18029839	26975284	1128	0.0076
31c0a89c-deca-4a99-8c8d-ff0a4152cc40	17	26982437	28583554	762	-0.4101
31c0a89c-deca-4a99-8c8d-ff0a4152cc40	17	28584593	28778457	64	0.014
31c0a89c-deca-4a99-8c8d-ff0a4152cc40	17	28781647	32592992	1646	0.3631
31c0a89c-deca-4a99-8c8d-ff0a4152cc40	17	32594140	33589684	830	0.4402
31c0a89c-deca-4a99-8c8d-ff0a4152cc40	17	33589813	47862923	5523	0.3521
31c0a89c-deca-4a99-8c8d-ff0a4152cc40	17	47863299	50091021	1138	-0.0004
31c0a89c-deca-4a99-8c8d-ff0a4152cc40	17	50093280	50158508	32	0.5727
31c0a89c-deca-4a99-8c8d-ff0a4152cc40	17	50158811	67976503	9973	0.0435
31c0a89c-deca-4a99-8c8d-ff0a4152cc40	17	67983025	68000822	7	-0.155
31c0a89c-deca-4a99-8c8d-ff0a4152cc40	17	68019847	70404169	1437	-1.3169
31c0a89c-deca-4a99-8c8d-ff0a4152cc40	17	70405329	72973434	2041	0.071
31c0a89c-deca-4a99-8c8d-ff0a4152cc40	17	72975080	81364197	3503	0.007
31c0a89c-deca-4a99-8c8d-ff0a4152cc40	17	81364669	82959812	507	0.2936
31c0a89c-deca-4a99-8c8d-ff0a4152cc40	18	326691	9871959	5460	0.0489
31c0a89c-deca-4a99-8c8d-ff0a4152cc40	18	9874389	9964274	64	0.347
31c0a89c-deca-4a99-8c8d-ff0a4152cc40	18	9966335	14642857	2730	0.0438
31c0a89c-deca-4a99-8c8d-ff0a4152cc40	18	14648458	21290124	72	0.3872
31c0a89c-deca-4a99-8c8d-ff0a4152cc40	18	21290540	21391184	45	0.5021
31c0a89c-deca-4a99-8c8d-ff0a4152cc40	18	21391682	21535170	67	0.9849
31c0a89c-deca-4a99-8c8d-ff0a4152cc40	18	21536705	22261168	334	0.8208
31c0a89c-deca-4a99-8c8d-ff0a4152cc40	18	22265977	22841854	346	1.0072
31c0a89c-deca-4a99-8c8d-ff0a4152cc40	18	22842654	22871067	16	0.4533
31c0a89c-deca-4a99-8c8d-ff0a4152cc40	18	22871252	23536707	348	0.33
31c0a89c-deca-4a99-8c8d-ff0a4152cc40	18	23539016	24305805	471	0.0228
31c0a89c-deca-4a99-8c8d-ff0a4152cc40	18	24306859	24678451	294	-0.4675
31c0a89c-deca-4a99-8c8d-ff0a4152cc40	18	24679790	24821943	127	0.054
31c0a89c-deca-4a99-8c8d-ff0a4152cc40	18	24828899	24981789	130	-0.4015
31c0a89c-deca-4a99-8c8d-ff0a4152cc40	18	24984031	25316806	188	0.0944
31c0a89c-deca-4a99-8c8d-ff0a4152cc40	18	25319830	25420752	51	-0.4633
31c0a89c-deca-4a99-8c8d-ff0a4152cc40	18	25426572	27395939	1280	0.042
31c0a89c-deca-4a99-8c8d-ff0a4152cc40	18	27396536	29318884	1130	-0.4319
31c0a89c-deca-4a99-8c8d-ff0a4152cc40	18	29328532	30427881	630	0.0339
31c0a89c-deca-4a99-8c8d-ff0a4152cc40	18	30431088	30458645	23	0.467
31c0a89c-deca-4a99-8c8d-ff0a4152cc40	18	30459241	31613422	734	0.0408
31c0a89c-deca-4a99-8c8d-ff0a4152cc40	18	31615641	31775363	100	0.336
31c0a89c-deca-4a99-8c8d-ff0a4152cc40	18	31775600	31796298	10	0.1323
31c0a89c-deca-4a99-8c8d-ff0a4152cc40	18	31797335	31800094	5	-0.4439
31c0a89c-deca-4a99-8c8d-ff0a4152cc40	18	31801479	31917651	60	-0.0134
31c0a89c-deca-4a99-8c8d-ff0a4152cc40	18	31922718	32077779	106	0.2646
31c0a89c-deca-4a99-8c8d-ff0a4152cc40	18	32078517	32079127	3	-0.2814
31c0a89c-deca-4a99-8c8d-ff0a4152cc40	18	32079197	32397782	232	0.3633
31c0a89c-deca-4a99-8c8d-ff0a4152cc40	18	32401062	32401063	2	-1.257
31c0a89c-deca-4a99-8c8d-ff0a4152cc40	18	32401065	32852915	339	0.3952
31c0a89c-deca-4a99-8c8d-ff0a4152cc40	18	32866555	33220147	188	0.6693
31c0a89c-deca-4a99-8c8d-ff0a4152cc40	18	33220258	33283352	63	0.8887
31c0a89c-deca-4a99-8c8d-ff0a4152cc40	18	33283368	33284140	9	0.364
31c0a89c-deca-4a99-8c8d-ff0a4152cc40	18	33293721	33527795	134	0.8451
31c0a89c-deca-4a99-8c8d-ff0a4152cc40	18	33527958	34945912	802	0.687
31c0a89c-deca-4a99-8c8d-ff0a4152cc40	18	34947444	35098608	98	0.9034
31c0a89c-deca-4a99-8c8d-ff0a4152cc40	18	35101198	35933942	403	0.3638
31c0a89c-deca-4a99-8c8d-ff0a4152cc40	18	35940487	36132745	100	0.062
31c0a89c-deca-4a99-8c8d-ff0a4152cc40	18	36134730	38757814	1855	0.3839
31c0a89c-deca-4a99-8c8d-ff0a4152cc40	18	38758841	40622536	1037	0.4512
31c0a89c-deca-4a99-8c8d-ff0a4152cc40	18	40622641	40976603	230	0.3741
31c0a89c-deca-4a99-8c8d-ff0a4152cc40	18	40981471	41551617	333	0.0261
31c0a89c-deca-4a99-8c8d-ff0a4152cc40	18	41553786	41554878	3	-1.3909
31c0a89c-deca-4a99-8c8d-ff0a4152cc40	18	41555387	42013883	337	-0.0005
31c0a89c-deca-4a99-8c8d-ff0a4152cc40	18	42016403	57541629	9939	-0.4766
31c0a89c-deca-4a99-8c8d-ff0a4152cc40	18	57547241	58321825	541	0.0339
31c0a89c-deca-4a99-8c8d-ff0a4152cc40	18	58322139	70130793	6934	-0.4727
31c0a89c-deca-4a99-8c8d-ff0a4152cc40	18	70134251	70583348	221	0.0219
31c0a89c-deca-4a99-8c8d-ff0a4152cc40	18	70584866	76375149	2425	-0.5167
31c0a89c-deca-4a99-8c8d-ff0a4152cc40	18	76378338	79349796	1821	0.0114
31c0a89c-deca-4a99-8c8d-ff0a4152cc40	19	283868	4375654	995	0.539
31c0a89c-deca-4a99-8c8d-ff0a4152cc40	19	4375676	8232092	1449	0.3308
31c0a89c-deca-4a99-8c8d-ff0a4152cc40	19	8238514	22043639	5783	0.5629
31c0a89c-deca-4a99-8c8d-ff0a4152cc40	19	22046519	22855533	252	0.3556
31c0a89c-deca-4a99-8c8d-ff0a4152cc40	19	22864345	22868495	2	-0.8127
31c0a89c-deca-4a99-8c8d-ff0a4152cc40	19	22868874	29581549	2032	0.3786
31c0a89c-deca-4a99-8c8d-ff0a4152cc40	19	29590781	30076758	331	0.6537
31c0a89c-deca-4a99-8c8d-ff0a4152cc40	19	30077139	36465361	4010	0.0258
31c0a89c-deca-4a99-8c8d-ff0a4152cc40	19	36468317	36696838	130	0.5813
31c0a89c-deca-4a99-8c8d-ff0a4152cc40	19	36697881	44933074	3640	0.0096
31c0a89c-deca-4a99-8c8d-ff0a4152cc40	19	44943372	55743710	4070	0.3279
31c0a89c-deca-4a99-8c8d-ff0a4152cc40	19	55744336	57698338	1123	0.4048
31c0a89c-deca-4a99-8c8d-ff0a4152cc40	19	57698791	58370362	328	0.3307
31c0a89c-deca-4a99-8c8d-ff0a4152cc40	20	472817	7279918	4053	-1.3524
31c0a89c-deca-4a99-8c8d-ff0a4152cc40	20	7279945	7281251	4	-6.0589
31c0a89c-deca-4a99-8c8d-ff0a4152cc40	20	7281423	16614816	6061	-1.3003
31c0a89c-deca-4a99-8c8d-ff0a4152cc40	20	16615630	16615825	2	-7.2199
31c0a89c-deca-4a99-8c8d-ff0a4152cc40	20	16616268	17600547	856	-1.3196
31c0a89c-deca-4a99-8c8d-ff0a4152cc40	20	17601303	19428886	1375	-0.4971
31c0a89c-deca-4a99-8c8d-ff0a4152cc40	20	19432512	22540578	2199	-1.3527
31c0a89c-deca-4a99-8c8d-ff0a4152cc40	20	22541200	23013546	402	-0.4637
31c0a89c-deca-4a99-8c8d-ff0a4152cc40	20	23021533	24569288	975	-0.0289
31c0a89c-deca-4a99-8c8d-ff0a4152cc40	20	24571408	31258500	706	0.3183
31c0a89c-deca-4a99-8c8d-ff0a4152cc40	20	31258575	31674448	192	0.0544
31c0a89c-deca-4a99-8c8d-ff0a4152cc40	20	31675000	32510186	384	0.3583
31c0a89c-deca-4a99-8c8d-ff0a4152cc40	20	32510762	35484144	1467	0.6177
31c0a89c-deca-4a99-8c8d-ff0a4152cc40	20	35487170	35527178	32	1.1416
31c0a89c-deca-4a99-8c8d-ff0a4152cc40	20	35529786	35750468	90	0.6094
31c0a89c-deca-4a99-8c8d-ff0a4152cc40	20	35750779	39099909	1867	0.0235
31c0a89c-deca-4a99-8c8d-ff0a4152cc40	20	39100379	40597006	1074	0.1165
31c0a89c-deca-4a99-8c8d-ff0a4152cc40	20	40597680	63588502	15465	0.0449
31c0a89c-deca-4a99-8c8d-ff0a4152cc40	21	13974127	19857647	3739	-0.4473
31c0a89c-deca-4a99-8c8d-ff0a4152cc40	21	19860120	21140026	841	0.0765
31c0a89c-deca-4a99-8c8d-ff0a4152cc40	21	21144814	21318925	120	-0.3969
31c0a89c-deca-4a99-8c8d-ff0a4152cc40	21	21322181	21383120	47	0.0616
31c0a89c-deca-4a99-8c8d-ff0a4152cc40	21	21383764	21889708	405	-0.4276
31c0a89c-deca-4a99-8c8d-ff0a4152cc40	21	21893903	22874371	421	0.0811
31c0a89c-deca-4a99-8c8d-ff0a4152cc40	21	22993657	23115434	33	-0.3496
31c0a89c-deca-4a99-8c8d-ff0a4152cc40	21	23119480	23358741	49	0.0872
31c0a89c-deca-4a99-8c8d-ff0a4152cc40	21	23360814	25722845	1607	-0.4374
31c0a89c-deca-4a99-8c8d-ff0a4152cc40	21	25724930	26446343	516	0.4087
31c0a89c-deca-4a99-8c8d-ff0a4152cc40	21	26447279	26516018	68	0.0907
31c0a89c-deca-4a99-8c8d-ff0a4152cc40	21	26520069	26621194	52	0.4776
31c0a89c-deca-4a99-8c8d-ff0a4152cc40	21	26625104	26668635	36	0.7088
31c0a89c-deca-4a99-8c8d-ff0a4152cc40	21	26670194	27336027	588	0.4162
31c0a89c-deca-4a99-8c8d-ff0a4152cc40	21	27337259	27564846	192	0.0751
31c0a89c-deca-4a99-8c8d-ff0a4152cc40	21	27566110	27953545	225	0.4122
31c0a89c-deca-4a99-8c8d-ff0a4152cc40	21	27953649	28085833	85	0.0925
31c0a89c-deca-4a99-8c8d-ff0a4152cc40	21	28096016	28454414	199	-0.3901
31c0a89c-deca-4a99-8c8d-ff0a4152cc40	21	28455643	28590288	79	0.0811
31c0a89c-deca-4a99-8c8d-ff0a4152cc40	21	28590481	28903082	267	-0.3831
31c0a89c-deca-4a99-8c8d-ff0a4152cc40	21	28903316	28903625	2	-2.3664
31c0a89c-deca-4a99-8c8d-ff0a4152cc40	21	28903734	32762223	2432	-0.4571
31c0a89c-deca-4a99-8c8d-ff0a4152cc40	21	32766659	33520673	522	0.3725
31c0a89c-deca-4a99-8c8d-ff0a4152cc40	21	33521037	33802336	97	0.0671
31c0a89c-deca-4a99-8c8d-ff0a4152cc40	21	33802876	46262057	7875	-0.4724
31c0a89c-deca-4a99-8c8d-ff0a4152cc40	22	16934932	24825363	1381	0.0172
31c0a89c-deca-4a99-8c8d-ff0a4152cc40	22	24828987	29244030	3260	0.0713
31c0a89c-deca-4a99-8c8d-ff0a4152cc40	22	29245029	31818630	1359	0.0146
31c0a89c-deca-4a99-8c8d-ff0a4152cc40	22	31820922	35927742	3248	0.0822
31c0a89c-deca-4a99-8c8d-ff0a4152cc40	22	35928373	37705881	972	0.0149
31c0a89c-deca-4a99-8c8d-ff0a4152cc40	22	37713710	37774039	21	0.5054
31c0a89c-deca-4a99-8c8d-ff0a4152cc40	22	37774661	37919413	65	-0.0455
31c0a89c-deca-4a99-8c8d-ff0a4152cc40	22	37923531	39705227	776	-0.4779
31c0a89c-deca-4a99-8c8d-ff0a4152cc40	22	39707914	48361764	5530	0.0366
31c0a89c-deca-4a99-8c8d-ff0a4152cc40	22	48363117	48363416	2	-1.7674
31c0a89c-deca-4a99-8c8d-ff0a4152cc40	22	48363584	48940621	440	0.035
31c0a89c-deca-4a99-8c8d-ff0a4152cc40	X	3236359	13909842	4067	-0.0209
31c0a89c-deca-4a99-8c8d-ff0a4152cc40	X	13911405	27296098	6483	0.0361
31c0a89c-deca-4a99-8c8d-ff0a4152cc40	X	27296396	77938526	18625	0.0091
31c0a89c-deca-4a99-8c8d-ff0a4152cc40	X	77957724	97344521	7809	-0.0151
31c0a89c-deca-4a99-8c8d-ff0a4152cc40	X	97353093	118056695	9734	0.0179
31c0a89c-deca-4a99-8c8d-ff0a4152cc40	X	118059038	127065960	4629	-0.0319
31c0a89c-deca-4a99-8c8d-ff0a4152cc40	X	127072218	138763714	5130	0.0109
31c0a89c-deca-4a99-8c8d-ff0a4152cc40	X	138764775	145683836	3138	-0.0537
31c0a89c-deca-4a99-8c8d-ff0a4152cc40	X	145684183	155677414	4291	0.0063
