GDC_Aliquot	Chromosome	Start	End	Num_Probes	Segment_Mean
ff8cf96c-3447-4e79-bbc0-44a019bbf3ce	1	3301765	160698899	73486	-0.4398
ff8cf96c-3447-4e79-bbc0-44a019bbf3ce	1	160703576	168948385	5982	0.4609
ff8cf96c-3447-4e79-bbc0-44a019bbf3ce	1	168949234	168950549	4	-3.3671
ff8cf96c-3447-4e79-bbc0-44a019bbf3ce	1	168952095	217316418	30454	0.4603
ff8cf96c-3447-4e79-bbc0-44a019bbf3ce	1	217316782	217316797	2	-2.2095
ff8cf96c-3447-4e79-bbc0-44a019bbf3ce	1	217316968	247650984	19166	0.4584
ff8cf96c-3447-4e79-bbc0-44a019bbf3ce	2	480597	30328342	18554	-0.403
ff8cf96c-3447-4e79-bbc0-44a019bbf3ce	2	30328500	30333233	4	-2.6883
ff8cf96c-3447-4e79-bbc0-44a019bbf3ce	2	30334137	186288222	81309	-0.4032
ff8cf96c-3447-4e79-bbc0-44a019bbf3ce	2	186294632	186643815	196	-2.7236
ff8cf96c-3447-4e79-bbc0-44a019bbf3ce	2	186649879	241537572	31495	-0.3976
ff8cf96c-3447-4e79-bbc0-44a019bbf3ce	3	2170634	4288315	1108	-0.4573
ff8cf96c-3447-4e79-bbc0-44a019bbf3ce	3	4353083	4710118	337	-3.4518
ff8cf96c-3447-4e79-bbc0-44a019bbf3ce	3	4710900	11438024	3994	-0.4631
ff8cf96c-3447-4e79-bbc0-44a019bbf3ce	3	11442295	11477281	21	-3.2923
ff8cf96c-3447-4e79-bbc0-44a019bbf3ce	3	11480611	90436812	45532	-0.4631
ff8cf96c-3447-4e79-bbc0-44a019bbf3ce	3	90453712	116520419	12415	0.4611
ff8cf96c-3447-4e79-bbc0-44a019bbf3ce	3	116524291	117034692	413	-0.4514
ff8cf96c-3447-4e79-bbc0-44a019bbf3ce	3	117042813	117068331	27	0.4685
ff8cf96c-3447-4e79-bbc0-44a019bbf3ce	3	117070052	117696017	473	-0.4659
ff8cf96c-3447-4e79-bbc0-44a019bbf3ce	3	117701570	197812401	42339	0.4626
ff8cf96c-3447-4e79-bbc0-44a019bbf3ce	4	1059384	90490085	50321	0.4586
ff8cf96c-3447-4e79-bbc0-44a019bbf3ce	4	90497097	91045464	349	-0.4438
ff8cf96c-3447-4e79-bbc0-44a019bbf3ce	4	91054172	91160414	71	0.4106
ff8cf96c-3447-4e79-bbc0-44a019bbf3ce	4	91164559	91447765	158	0.0947
ff8cf96c-3447-4e79-bbc0-44a019bbf3ce	4	91451983	127387059	20023	0.4641
ff8cf96c-3447-4e79-bbc0-44a019bbf3ce	4	127390715	128843776	686	0.3886
ff8cf96c-3447-4e79-bbc0-44a019bbf3ce	4	128846017	134811874	2617	0.4773
ff8cf96c-3447-4e79-bbc0-44a019bbf3ce	4	134815211	180352796	25405	-0.4538
ff8cf96c-3447-4e79-bbc0-44a019bbf3ce	4	180355173	180543240	164	-3.508
ff8cf96c-3447-4e79-bbc0-44a019bbf3ce	4	180543544	181274335	158	-0.4185
ff8cf96c-3447-4e79-bbc0-44a019bbf3ce	4	181276588	181494871	187	-3.6681
ff8cf96c-3447-4e79-bbc0-44a019bbf3ce	4	181496904	187842528	2931	-0.457
ff8cf96c-3447-4e79-bbc0-44a019bbf3ce	5	913983	45383300	26042	0.4725
ff8cf96c-3447-4e79-bbc0-44a019bbf3ce	5	50828231	83217924	18297	1.0552
ff8cf96c-3447-4e79-bbc0-44a019bbf3ce	5	83218449	90785975	3904	1.0772
ff8cf96c-3447-4e79-bbc0-44a019bbf3ce	5	90786579	90786777	3	-0.4414
ff8cf96c-3447-4e79-bbc0-44a019bbf3ce	5	90787556	108427420	8537	1.0784
ff8cf96c-3447-4e79-bbc0-44a019bbf3ce	5	108431910	180934240	43969	1.0488
ff8cf96c-3447-4e79-bbc0-44a019bbf3ce	6	1011760	170596889	96621	-0.4595
ff8cf96c-3447-4e79-bbc0-44a019bbf3ce	7	664936	23995508	12264	0.4562
ff8cf96c-3447-4e79-bbc0-44a019bbf3ce	7	24000259	24000764	2	-1.2743
ff8cf96c-3447-4e79-bbc0-44a019bbf3ce	7	24001198	55662548	20807	0.4683
ff8cf96c-3447-4e79-bbc0-44a019bbf3ce	7	55664879	69560024	2751	0.3786
ff8cf96c-3447-4e79-bbc0-44a019bbf3ce	7	69563115	71652258	1219	0.4451
ff8cf96c-3447-4e79-bbc0-44a019bbf3ce	7	71652775	76362980	1398	0.3675
ff8cf96c-3447-4e79-bbc0-44a019bbf3ce	7	76364983	97032110	10979	0.4655
ff8cf96c-3447-4e79-bbc0-44a019bbf3ce	7	97032133	103032954	2331	0.4099
ff8cf96c-3447-4e79-bbc0-44a019bbf3ce	7	103036814	158592540	29946	0.4611
ff8cf96c-3447-4e79-bbc0-44a019bbf3ce	8	667625	120990355	67185	-0.4511
ff8cf96c-3447-4e79-bbc0-44a019bbf3ce	8	120990449	120994524	4	-3.9227
ff8cf96c-3447-4e79-bbc0-44a019bbf3ce	8	120995703	144182542	14551	-0.4433
ff8cf96c-3447-4e79-bbc0-44a019bbf3ce	9	789794	8693898	4960	0.473
ff8cf96c-3447-4e79-bbc0-44a019bbf3ce	9	8694330	8705964	6	-0.7562
ff8cf96c-3447-4e79-bbc0-44a019bbf3ce	9	8706583	14885226	3201	0.4878
ff8cf96c-3447-4e79-bbc0-44a019bbf3ce	9	14886851	116888880	47807	0.4525
ff8cf96c-3447-4e79-bbc0-44a019bbf3ce	9	116890093	120938501	3104	0.4835
ff8cf96c-3447-4e79-bbc0-44a019bbf3ce	9	120940297	120947863	10	-0.6794
ff8cf96c-3447-4e79-bbc0-44a019bbf3ce	9	120947884	127472774	3945	0.4632
ff8cf96c-3447-4e79-bbc0-44a019bbf3ce	9	127473173	131057289	1854	0.4163
ff8cf96c-3447-4e79-bbc0-44a019bbf3ce	9	131057744	138044505	3311	0.4856
ff8cf96c-3447-4e79-bbc0-44a019bbf3ce	10	366509	1606888	512	0.4544
ff8cf96c-3447-4e79-bbc0-44a019bbf3ce	10	1607567	5742546	2930	0.4988
ff8cf96c-3447-4e79-bbc0-44a019bbf3ce	10	5743967	13755853	6143	0.451
ff8cf96c-3447-4e79-bbc0-44a019bbf3ce	10	13756911	13759269	2	-1.7755
ff8cf96c-3447-4e79-bbc0-44a019bbf3ce	10	13759432	45622525	18587	0.4408
ff8cf96c-3447-4e79-bbc0-44a019bbf3ce	10	46013136	49863777	1464	-0.5745
ff8cf96c-3447-4e79-bbc0-44a019bbf3ce	10	49868126	53904245	2198	0.4618
ff8cf96c-3447-4e79-bbc0-44a019bbf3ce	10	53904266	53905230	2	-1.5867
ff8cf96c-3447-4e79-bbc0-44a019bbf3ce	10	53914357	65587376	7079	0.4586
ff8cf96c-3447-4e79-bbc0-44a019bbf3ce	10	65596404	65598235	7	-0.4259
ff8cf96c-3447-4e79-bbc0-44a019bbf3ce	10	65602562	67340670	769	0.4711
ff8cf96c-3447-4e79-bbc0-44a019bbf3ce	10	67347974	69513940	1182	0.3845
ff8cf96c-3447-4e79-bbc0-44a019bbf3ce	10	69514789	72133800	1884	0.4673
ff8cf96c-3447-4e79-bbc0-44a019bbf3ce	10	72142731	75383422	1392	0.4112
ff8cf96c-3447-4e79-bbc0-44a019bbf3ce	10	75383709	79287585	3025	0.4795
ff8cf96c-3447-4e79-bbc0-44a019bbf3ce	10	79300248	110678369	18841	0.4444
ff8cf96c-3447-4e79-bbc0-44a019bbf3ce	10	110678854	116721609	4264	0.4649
ff8cf96c-3447-4e79-bbc0-44a019bbf3ce	10	116721893	116794989	60	0.7398
ff8cf96c-3447-4e79-bbc0-44a019bbf3ce	10	116795207	133411599	10647	0.4699
ff8cf96c-3447-4e79-bbc0-44a019bbf3ce	11	456012	41225494	25773	-0.4373
ff8cf96c-3447-4e79-bbc0-44a019bbf3ce	11	41226592	41586392	267	-3.218
ff8cf96c-3447-4e79-bbc0-44a019bbf3ce	11	41586957	96245055	25927	-0.4438
ff8cf96c-3447-4e79-bbc0-44a019bbf3ce	11	96246567	96246636	2	-3.3435
ff8cf96c-3447-4e79-bbc0-44a019bbf3ce	11	96249404	113301953	10606	-0.4347
ff8cf96c-3447-4e79-bbc0-44a019bbf3ce	11	113305650	113305699	2	-2.6582
ff8cf96c-3447-4e79-bbc0-44a019bbf3ce	11	113306160	134272740	14527	-0.4336
ff8cf96c-3447-4e79-bbc0-44a019bbf3ce	12	780472	10892026	5517	0.4688
ff8cf96c-3447-4e79-bbc0-44a019bbf3ce	12	10894104	11790353	431	0.0672
ff8cf96c-3447-4e79-bbc0-44a019bbf3ce	12	11790372	31098628	12410	0.4569
ff8cf96c-3447-4e79-bbc0-44a019bbf3ce	12	31104761	33015704	1099	0.3867
ff8cf96c-3447-4e79-bbc0-44a019bbf3ce	12	33019652	108413973	41813	0.4496
ff8cf96c-3447-4e79-bbc0-44a019bbf3ce	12	108414085	119338065	6544	0.4252
ff8cf96c-3447-4e79-bbc0-44a019bbf3ce	12	119341162	119341206	2	2.0206
ff8cf96c-3447-4e79-bbc0-44a019bbf3ce	12	119345683	123499479	1875	0.4177
ff8cf96c-3447-4e79-bbc0-44a019bbf3ce	12	123500418	132605822	4356	0.4691
ff8cf96c-3447-4e79-bbc0-44a019bbf3ce	13	18874255	78952001	34374	-1.1909
ff8cf96c-3447-4e79-bbc0-44a019bbf3ce	13	78952037	78955636	2	-7.1439
ff8cf96c-3447-4e79-bbc0-44a019bbf3ce	13	78955705	91969456	7380	-1.1776
ff8cf96c-3447-4e79-bbc0-44a019bbf3ce	13	91977603	92232033	158	-3.376
ff8cf96c-3447-4e79-bbc0-44a019bbf3ce	13	92232117	114226675	14227	-1.2321
ff8cf96c-3447-4e79-bbc0-44a019bbf3ce	14	20033191	44550595	12851	0.4593
ff8cf96c-3447-4e79-bbc0-44a019bbf3ce	14	44550791	44945299	112	0.193
ff8cf96c-3447-4e79-bbc0-44a019bbf3ce	14	44946161	44964474	10	-0.0206
ff8cf96c-3447-4e79-bbc0-44a019bbf3ce	14	44968655	45300952	122	-0.6269
ff8cf96c-3447-4e79-bbc0-44a019bbf3ce	14	45306044	46024415	179	-0.0899
ff8cf96c-3447-4e79-bbc0-44a019bbf3ce	14	46025826	47690492	912	0.4668
ff8cf96c-3447-4e79-bbc0-44a019bbf3ce	14	47691443	47817385	42	-0.4325
ff8cf96c-3447-4e79-bbc0-44a019bbf3ce	14	47822544	94950261	29315	0.4576
ff8cf96c-3447-4e79-bbc0-44a019bbf3ce	14	94950497	99581380	3402	0.4962
ff8cf96c-3447-4e79-bbc0-44a019bbf3ce	14	99582084	105533894	2640	0.4462
ff8cf96c-3447-4e79-bbc0-44a019bbf3ce	15	23437561	101344124	44536	-0.4413
ff8cf96c-3447-4e79-bbc0-44a019bbf3ce	16	603333	6583259	2781	0.4212
ff8cf96c-3447-4e79-bbc0-44a019bbf3ce	16	7081613	7574603	256	-0.48
ff8cf96c-3447-4e79-bbc0-44a019bbf3ce	16	7574829	7664817	119	0.0763
ff8cf96c-3447-4e79-bbc0-44a019bbf3ce	16	7667203	89317317	37896	0.4484
ff8cf96c-3447-4e79-bbc0-44a019bbf3ce	17	1074619	82959812	37079	-0.4547
ff8cf96c-3447-4e79-bbc0-44a019bbf3ce	18	326691	79349796	42724	-0.4361
ff8cf96c-3447-4e79-bbc0-44a019bbf3ce	19	283868	27922546	9132	0.3956
ff8cf96c-3447-4e79-bbc0-44a019bbf3ce	19	27923129	35179422	5063	0.4414
ff8cf96c-3447-4e79-bbc0-44a019bbf3ce	19	35179492	38740263	1755	0.394
ff8cf96c-3447-4e79-bbc0-44a019bbf3ce	19	38748537	38758431	3	-1.3934
ff8cf96c-3447-4e79-bbc0-44a019bbf3ce	19	38759064	54154140	6109	0.4142
ff8cf96c-3447-4e79-bbc0-44a019bbf3ce	19	54154264	55013445	297	0.799
ff8cf96c-3447-4e79-bbc0-44a019bbf3ce	19	55017474	55044464	32	1.2798
ff8cf96c-3447-4e79-bbc0-44a019bbf3ce	19	55054266	58366078	1702	0.7392
ff8cf96c-3447-4e79-bbc0-44a019bbf3ce	19	58366859	58370362	2	0.0795
ff8cf96c-3447-4e79-bbc0-44a019bbf3ce	20	472817	25092358	16455	0.0858
ff8cf96c-3447-4e79-bbc0-44a019bbf3ce	20	25097862	37726847	3623	0.0445
ff8cf96c-3447-4e79-bbc0-44a019bbf3ce	20	37730069	43237872	3747	0.1051
ff8cf96c-3447-4e79-bbc0-44a019bbf3ce	20	43238672	54548151	7386	0.0736
ff8cf96c-3447-4e79-bbc0-44a019bbf3ce	20	54548346	63588502	6202	0.1098
ff8cf96c-3447-4e79-bbc0-44a019bbf3ce	21	13974127	17050703	1896	0.4656
ff8cf96c-3447-4e79-bbc0-44a019bbf3ce	21	17051428	18031151	577	0.3849
ff8cf96c-3447-4e79-bbc0-44a019bbf3ce	21	18032778	40691887	15142	0.467
ff8cf96c-3447-4e79-bbc0-44a019bbf3ce	21	40692201	40695085	2	-1.196
ff8cf96c-3447-4e79-bbc0-44a019bbf3ce	21	40696015	46262057	2907	0.4736
ff8cf96c-3447-4e79-bbc0-44a019bbf3ce	22	16934932	28927735	4420	-0.4512
ff8cf96c-3447-4e79-bbc0-44a019bbf3ce	22	28929935	29061567	102	-2.7669
ff8cf96c-3447-4e79-bbc0-44a019bbf3ce	22	29061594	29141077	70	-4.2048
ff8cf96c-3447-4e79-bbc0-44a019bbf3ce	22	29144142	48940621	12393	-0.4491
ff8cf96c-3447-4e79-bbc0-44a019bbf3ce	X	3236359	22498223	8068	-0.0034
ff8cf96c-3447-4e79-bbc0-44a019bbf3ce	X	22498808	22498824	2	-2.7094
ff8cf96c-3447-4e79-bbc0-44a019bbf3ce	X	22500950	155677414	55581	-0.003
