GDC_Aliquot	Chromosome	Start	End	Num_Probes	Segment_Mean
3a9f554e-420f-422a-b377-9ef347a926cf	1	3301765	4968156	1198	-0.3317
3a9f554e-420f-422a-b377-9ef347a926cf	1	4968790	4970600	2	-2.3003
3a9f554e-420f-422a-b377-9ef347a926cf	1	4971319	6020227	705	-0.3119
3a9f554e-420f-422a-b377-9ef347a926cf	1	6027774	29538236	11948	-0.351
3a9f554e-420f-422a-b377-9ef347a926cf	1	29538287	210593654	90987	-0.3092
3a9f554e-420f-422a-b377-9ef347a926cf	1	210593761	210598056	2	-4.7044
3a9f554e-420f-422a-b377-9ef347a926cf	1	210599098	247650984	23536	-0.3211
3a9f554e-420f-422a-b377-9ef347a926cf	2	480597	64886019	37467	-0.287
3a9f554e-420f-422a-b377-9ef347a926cf	2	64886847	64886933	2	-3.4205
3a9f554e-420f-422a-b377-9ef347a926cf	2	64892875	141068363	35706	-0.2808
3a9f554e-420f-422a-b377-9ef347a926cf	2	141069793	141477512	256	-0.6259
3a9f554e-420f-422a-b377-9ef347a926cf	2	141477527	158929428	10028	-0.2622
3a9f554e-420f-422a-b377-9ef347a926cf	2	158930941	158931281	2	-5.4574
3a9f554e-420f-422a-b377-9ef347a926cf	2	158931342	218840152	33596	-0.2671
3a9f554e-420f-422a-b377-9ef347a926cf	2	218843239	219146370	132	-1.0562
3a9f554e-420f-422a-b377-9ef347a926cf	2	219146943	241537572	13514	-0.2803
3a9f554e-420f-422a-b377-9ef347a926cf	3	2170634	116189633	62818	-0.3099
3a9f554e-420f-422a-b377-9ef347a926cf	3	116193582	117888743	1298	-0.4281
3a9f554e-420f-422a-b377-9ef347a926cf	3	117896817	197812401	41919	-0.3117
3a9f554e-420f-422a-b377-9ef347a926cf	4	1059384	180600698	99405	0.6362
3a9f554e-420f-422a-b377-9ef347a926cf	4	180603978	181238603	69	-0.1519
3a9f554e-420f-422a-b377-9ef347a926cf	4	181242754	181720041	377	0.339
3a9f554e-420f-422a-b377-9ef347a926cf	4	181720061	187842528	2775	0.6392
3a9f554e-420f-422a-b377-9ef347a926cf	5	913983	45383300	25933	0.6375
3a9f554e-420f-422a-b377-9ef347a926cf	5	50828231	180934240	74378	0.966
3a9f554e-420f-422a-b377-9ef347a926cf	6	1011760	86289919	47325	-0.3244
3a9f554e-420f-422a-b377-9ef347a926cf	6	86290169	86291973	6	-1.7417
3a9f554e-420f-422a-b377-9ef347a926cf	6	86293392	87929650	947	-0.3225
3a9f554e-420f-422a-b377-9ef347a926cf	6	87933354	87955703	26	-5.9384
3a9f554e-420f-422a-b377-9ef347a926cf	6	87956301	170596889	47770	-0.3224
3a9f554e-420f-422a-b377-9ef347a926cf	7	664936	4412081	1430	0.2209
3a9f554e-420f-422a-b377-9ef347a926cf	7	4412180	7126532	865	0.1453
3a9f554e-420f-422a-b377-9ef347a926cf	7	7126761	55494191	30530	0.2417
3a9f554e-420f-422a-b377-9ef347a926cf	7	55496187	78000952	5960	0.1707
3a9f554e-420f-422a-b377-9ef347a926cf	7	78001470	96782679	10193	0.2343
3a9f554e-420f-422a-b377-9ef347a926cf	7	96783190	103238177	2574	0.1608
3a9f554e-420f-422a-b377-9ef347a926cf	7	103241131	158592540	29740	0.2286
3a9f554e-420f-422a-b377-9ef347a926cf	8	667625	30202027	17658	0.2307
3a9f554e-420f-422a-b377-9ef347a926cf	8	30202344	51419121	9554	0.1992
3a9f554e-420f-422a-b377-9ef347a926cf	8	51422729	144182542	54296	0.2317
3a9f554e-420f-422a-b377-9ef347a926cf	9	789794	138044505	67674	-0.315
3a9f554e-420f-422a-b377-9ef347a926cf	10	366509	47094685	27964	-0.3293
3a9f554e-420f-422a-b377-9ef347a926cf	10	47095154	50843482	1477	-0.2156
3a9f554e-420f-422a-b377-9ef347a926cf	10	50843555	133411599	50945	-0.314
3a9f554e-420f-422a-b377-9ef347a926cf	11	456012	134272740	76692	-0.3157
3a9f554e-420f-422a-b377-9ef347a926cf	12	780472	22203247	12374	0.6208
3a9f554e-420f-422a-b377-9ef347a926cf	12	22207289	22207315	2	-2.109
3a9f554e-420f-422a-b377-9ef347a926cf	12	22209411	48330723	12456	0.6235
3a9f554e-420f-422a-b377-9ef347a926cf	12	48330818	51549882	1525	0.5404
3a9f554e-420f-422a-b377-9ef347a926cf	12	51550878	56210705	2540	0.6273
3a9f554e-420f-422a-b377-9ef347a926cf	12	56214143	56264010	22	1.1492
3a9f554e-420f-422a-b377-9ef347a926cf	12	56268256	73804579	10519	0.6195
3a9f554e-420f-422a-b377-9ef347a926cf	12	73804904	73827059	25	-0.3586
3a9f554e-420f-422a-b377-9ef347a926cf	12	73840352	109697242	22239	0.6246
3a9f554e-420f-422a-b377-9ef347a926cf	12	109697959	112502379	1272	0.5339
3a9f554e-420f-422a-b377-9ef347a926cf	12	112502394	119840437	4871	0.6128
3a9f554e-420f-422a-b377-9ef347a926cf	12	119840528	123625506	1627	0.5387
3a9f554e-420f-422a-b377-9ef347a926cf	12	123625575	132605822	4294	0.6279
3a9f554e-420f-422a-b377-9ef347a926cf	13	18874255	26881202	4196	-1.2064
3a9f554e-420f-422a-b377-9ef347a926cf	13	26881279	26885755	6	-5.519
3a9f554e-420f-422a-b377-9ef347a926cf	13	26888781	27433693	406	-1.3103
3a9f554e-420f-422a-b377-9ef347a926cf	13	27434894	43218266	10287	-1.1647
3a9f554e-420f-422a-b377-9ef347a926cf	13	43219774	43219796	2	-7.1296
3a9f554e-420f-422a-b377-9ef347a926cf	13	43221433	51827886	4675	-1.144
3a9f554e-420f-422a-b377-9ef347a926cf	13	51828042	51835984	5	-5.4731
3a9f554e-420f-422a-b377-9ef347a926cf	13	51837080	56273920	2063	-1.1552
3a9f554e-420f-422a-b377-9ef347a926cf	13	56274152	56279879	2	-7.2119
3a9f554e-420f-422a-b377-9ef347a926cf	13	56284572	61779067	2855	-1.1159
3a9f554e-420f-422a-b377-9ef347a926cf	13	61782702	61783493	4	-5.076
3a9f554e-420f-422a-b377-9ef347a926cf	13	61783647	61880690	39	-1.1191
3a9f554e-420f-422a-b377-9ef347a926cf	13	61883164	61884335	5	-2.859
3a9f554e-420f-422a-b377-9ef347a926cf	13	61887020	66199796	1821	-1.1036
3a9f554e-420f-422a-b377-9ef347a926cf	13	66200584	66204529	9	-4.1966
3a9f554e-420f-422a-b377-9ef347a926cf	13	66205325	107712256	25295	-1.151
3a9f554e-420f-422a-b377-9ef347a926cf	13	107712376	107714702	2	-6.8048
3a9f554e-420f-422a-b377-9ef347a926cf	13	107714929	107906563	131	-1.1767
3a9f554e-420f-422a-b377-9ef347a926cf	13	107906658	107906698	2	-4.9115
3a9f554e-420f-422a-b377-9ef347a926cf	13	107906900	109330954	1052	-1.2012
3a9f554e-420f-422a-b377-9ef347a926cf	13	109333290	109336494	2	-6.1087
3a9f554e-420f-422a-b377-9ef347a926cf	13	109340185	110032317	518	-1.1769
3a9f554e-420f-422a-b377-9ef347a926cf	13	110033108	110033559	2	-3.804
3a9f554e-420f-422a-b377-9ef347a926cf	13	110034987	110164609	73	-1.065
3a9f554e-420f-422a-b377-9ef347a926cf	13	110165755	110344990	172	-1.3955
3a9f554e-420f-422a-b377-9ef347a926cf	13	110345815	110348737	6	-4.9903
3a9f554e-420f-422a-b377-9ef347a926cf	13	110348754	113609382	1767	-1.3471
3a9f554e-420f-422a-b377-9ef347a926cf	13	113609404	113610202	3	-6.2802
3a9f554e-420f-422a-b377-9ef347a926cf	13	113610875	114226675	129	-1.2566
3a9f554e-420f-422a-b377-9ef347a926cf	14	20033191	100677877	47130	-0.3163
3a9f554e-420f-422a-b377-9ef347a926cf	14	100677967	101101893	273	-3.8985
3a9f554e-420f-422a-b377-9ef347a926cf	14	101102071	105533894	1781	-0.3314
3a9f554e-420f-422a-b377-9ef347a926cf	15	23437561	70524968	26734	0.2269
3a9f554e-420f-422a-b377-9ef347a926cf	15	70525889	70528766	3	-1.4869
3a9f554e-420f-422a-b377-9ef347a926cf	15	70528798	101344124	17646	0.223
3a9f554e-420f-422a-b377-9ef347a926cf	16	603333	18929351	8224	0.5964
3a9f554e-420f-422a-b377-9ef347a926cf	16	18932002	18932698	2	-1.4884
3a9f554e-420f-422a-b377-9ef347a926cf	16	18939262	31838978	5709	0.579
3a9f554e-420f-422a-b377-9ef347a926cf	16	31841585	89317317	26958	0.1998
3a9f554e-420f-422a-b377-9ef347a926cf	17	1074619	54952865	22164	-0.3498
3a9f554e-420f-422a-b377-9ef347a926cf	17	54954869	55706151	563	0.6257
3a9f554e-420f-422a-b377-9ef347a926cf	17	55707078	56252165	426	-0.3073
3a9f554e-420f-422a-b377-9ef347a926cf	17	56253787	82959812	13794	0.6001
3a9f554e-420f-422a-b377-9ef347a926cf	18	326691	63053007	34141	-0.3164
3a9f554e-420f-422a-b377-9ef347a926cf	18	63054409	63285859	258	-0.5066
3a9f554e-420f-422a-b377-9ef347a926cf	18	63286046	79349796	8075	-0.3158
3a9f554e-420f-422a-b377-9ef347a926cf	19	283868	23564951	8818	0.5268
3a9f554e-420f-422a-b377-9ef347a926cf	19	23565029	32434177	3647	0.6139
3a9f554e-420f-422a-b377-9ef347a926cf	19	32434300	58370362	11575	0.5489
3a9f554e-420f-422a-b377-9ef347a926cf	20	472817	2713498	1532	0.6435
3a9f554e-420f-422a-b377-9ef347a926cf	20	2718128	3516700	441	0.5319
3a9f554e-420f-422a-b377-9ef347a926cf	20	3521262	25526557	14616	0.6312
3a9f554e-420f-422a-b377-9ef347a926cf	20	25529510	36896959	2860	0.5714
3a9f554e-420f-422a-b377-9ef347a926cf	20	36898585	37172340	218	0.3923
3a9f554e-420f-422a-b377-9ef347a926cf	20	37173207	37739338	346	0.5754
3a9f554e-420f-422a-b377-9ef347a926cf	20	37741755	47327640	6408	0.6394
3a9f554e-420f-422a-b377-9ef347a926cf	20	47328322	47673386	175	0.4746
3a9f554e-420f-422a-b377-9ef347a926cf	20	47674196	48796542	854	0.6603
3a9f554e-420f-422a-b377-9ef347a926cf	20	48798685	50807606	1079	0.5647
3a9f554e-420f-422a-b377-9ef347a926cf	20	50808921	63588502	8763	0.6442
3a9f554e-420f-422a-b377-9ef347a926cf	21	13974127	38810253	16036	0.9408
3a9f554e-420f-422a-b377-9ef347a926cf	21	38815826	38818612	6	-0.1839
3a9f554e-420f-422a-b377-9ef347a926cf	21	38818682	46262057	4401	0.947
3a9f554e-420f-422a-b377-9ef347a926cf	22	16934932	48940621	16936	-0.352
3a9f554e-420f-422a-b377-9ef347a926cf	X	3236359	155677414	63440	0.0045
