GDC_Aliquot	Chromosome	Start	End	Num_Probes	Segment_Mean
c49aaf3f-7f87-42fc-b5a9-ddb5661464e3	1	3301765	57848751	29792	-0.3209
c49aaf3f-7f87-42fc-b5a9-ddb5661464e3	1	57849083	247650984	98804	-0.3497
c49aaf3f-7f87-42fc-b5a9-ddb5661464e3	2	480597	82597124	47658	-0.2756
c49aaf3f-7f87-42fc-b5a9-ddb5661464e3	2	82599931	82603145	2	-2.5621
c49aaf3f-7f87-42fc-b5a9-ddb5661464e3	2	82603674	104448479	7324	-0.275
c49aaf3f-7f87-42fc-b5a9-ddb5661464e3	2	104451326	104462058	3	-2.3214
c49aaf3f-7f87-42fc-b5a9-ddb5661464e3	2	104465466	136921831	16376	-0.2675
c49aaf3f-7f87-42fc-b5a9-ddb5661464e3	2	136922925	215548937	43824	-0.2844
c49aaf3f-7f87-42fc-b5a9-ddb5661464e3	2	215550351	219548412	2471	-0.2474
c49aaf3f-7f87-42fc-b5a9-ddb5661464e3	2	219550356	231899905	7539	-0.2803
c49aaf3f-7f87-42fc-b5a9-ddb5661464e3	2	231903848	241537572	5806	-0.2455
c49aaf3f-7f87-42fc-b5a9-ddb5661464e3	3	2170634	76175889	43658	-0.3564
c49aaf3f-7f87-42fc-b5a9-ddb5661464e3	3	76182814	98468553	9396	-0.3982
c49aaf3f-7f87-42fc-b5a9-ddb5661464e3	3	98468979	116967652	10461	-0.3628
c49aaf3f-7f87-42fc-b5a9-ddb5661464e3	3	116968369	117093474	101	-2.7935
c49aaf3f-7f87-42fc-b5a9-ddb5661464e3	3	117100268	141613907	13983	-0.3395
c49aaf3f-7f87-42fc-b5a9-ddb5661464e3	3	141614406	185998979	22055	-0.3732
c49aaf3f-7f87-42fc-b5a9-ddb5661464e3	3	185999108	190144595	2965	-0.3428
c49aaf3f-7f87-42fc-b5a9-ddb5661464e3	3	190155020	190158409	8	-6.4794
c49aaf3f-7f87-42fc-b5a9-ddb5661464e3	3	190158632	197812401	3537	-0.3486
c49aaf3f-7f87-42fc-b5a9-ddb5661464e3	4	1059384	3189753	836	0.5928
c49aaf3f-7f87-42fc-b5a9-ddb5661464e3	4	3191561	10480791	4090	0.6435
c49aaf3f-7f87-42fc-b5a9-ddb5661464e3	4	10480990	28119624	11997	0.5794
c49aaf3f-7f87-42fc-b5a9-ddb5661464e3	4	28120461	34960191	3934	0.5111
c49aaf3f-7f87-42fc-b5a9-ddb5661464e3	4	34963799	124538250	48143	0.5621
c49aaf3f-7f87-42fc-b5a9-ddb5661464e3	4	124539196	124541780	3	-1.1082
c49aaf3f-7f87-42fc-b5a9-ddb5661464e3	4	124541870	127992693	1846	0.5535
c49aaf3f-7f87-42fc-b5a9-ddb5661464e3	4	127996197	182073818	29258	-0.3877
c49aaf3f-7f87-42fc-b5a9-ddb5661464e3	4	182074011	182614883	420	-3.2457
c49aaf3f-7f87-42fc-b5a9-ddb5661464e3	4	183286625	187842528	2067	-0.3726
c49aaf3f-7f87-42fc-b5a9-ddb5661464e3	5	913983	1300469	62	0.6286
c49aaf3f-7f87-42fc-b5a9-ddb5661464e3	5	1308959	16434916	10085	-0.375
c49aaf3f-7f87-42fc-b5a9-ddb5661464e3	5	16439044	16778489	251	0.5819
c49aaf3f-7f87-42fc-b5a9-ddb5661464e3	5	16781797	25077162	4180	-0.3992
c49aaf3f-7f87-42fc-b5a9-ddb5661464e3	5	25384764	25716107	201	0.5403
c49aaf3f-7f87-42fc-b5a9-ddb5661464e3	5	25717398	25812152	72	-0.4378
c49aaf3f-7f87-42fc-b5a9-ddb5661464e3	5	25824774	26645707	483	0.5186
c49aaf3f-7f87-42fc-b5a9-ddb5661464e3	5	26650769	26870675	151	-0.3929
c49aaf3f-7f87-42fc-b5a9-ddb5661464e3	5	26874171	27162505	141	0.5406
c49aaf3f-7f87-42fc-b5a9-ddb5661464e3	5	27164905	29470549	1190	-0.416
c49aaf3f-7f87-42fc-b5a9-ddb5661464e3	5	29471217	29838022	216	0.5291
c49aaf3f-7f87-42fc-b5a9-ddb5661464e3	5	29846267	29876744	20	1.1756
c49aaf3f-7f87-42fc-b5a9-ddb5661464e3	5	29882078	102020449	36006	0.5821
c49aaf3f-7f87-42fc-b5a9-ddb5661464e3	5	102024990	102025847	4	-0.6678
c49aaf3f-7f87-42fc-b5a9-ddb5661464e3	5	102027772	109237676	3847	0.5651
c49aaf3f-7f87-42fc-b5a9-ddb5661464e3	5	109239550	109249177	12	-0.4573
c49aaf3f-7f87-42fc-b5a9-ddb5661464e3	5	109249527	116762308	4703	0.5945
c49aaf3f-7f87-42fc-b5a9-ddb5661464e3	5	116765415	131882124	8607	0.5663
c49aaf3f-7f87-42fc-b5a9-ddb5661464e3	5	131882295	161040188	18189	0.6056
c49aaf3f-7f87-42fc-b5a9-ddb5661464e3	5	161042632	167650445	4050	0.5587
c49aaf3f-7f87-42fc-b5a9-ddb5661464e3	5	167650832	180934240	7807	0.6225
c49aaf3f-7f87-42fc-b5a9-ddb5661464e3	6	1011760	48476712	28546	-0.3567
c49aaf3f-7f87-42fc-b5a9-ddb5661464e3	6	48476894	55463795	4244	-0.3756
c49aaf3f-7f87-42fc-b5a9-ddb5661464e3	6	55467747	55468617	2	-2.4158
c49aaf3f-7f87-42fc-b5a9-ddb5661464e3	6	55468791	103799037	24101	-0.3857
c49aaf3f-7f87-42fc-b5a9-ddb5661464e3	6	103801078	103856475	26	-2.2481
c49aaf3f-7f87-42fc-b5a9-ddb5661464e3	6	103860799	170596889	39324	-0.3693
c49aaf3f-7f87-42fc-b5a9-ddb5661464e3	7	664936	4552923	1471	0.6117
c49aaf3f-7f87-42fc-b5a9-ddb5661464e3	7	4553776	13909282	4711	0.5627
c49aaf3f-7f87-42fc-b5a9-ddb5661464e3	7	13916086	13916618	2	-0.8692
c49aaf3f-7f87-42fc-b5a9-ddb5661464e3	7	13917195	22080819	4710	0.5589
c49aaf3f-7f87-42fc-b5a9-ddb5661464e3	7	22081642	52089621	19550	0.5956
c49aaf3f-7f87-42fc-b5a9-ddb5661464e3	7	52089731	126657644	33878	0.5585
c49aaf3f-7f87-42fc-b5a9-ddb5661464e3	7	126657710	158592540	17043	0.5878
c49aaf3f-7f87-42fc-b5a9-ddb5661464e3	8	667625	2107304	732	0.4343
c49aaf3f-7f87-42fc-b5a9-ddb5661464e3	8	2107592	6391779	1929	0.3668
c49aaf3f-7f87-42fc-b5a9-ddb5661464e3	8	6392173	12880104	2702	0.4275
c49aaf3f-7f87-42fc-b5a9-ddb5661464e3	8	12881133	19476809	4989	0.3648
c49aaf3f-7f87-42fc-b5a9-ddb5661464e3	8	19476902	30064493	7233	0.4162
c49aaf3f-7f87-42fc-b5a9-ddb5661464e3	8	30064915	122358006	50300	0.385
c49aaf3f-7f87-42fc-b5a9-ddb5661464e3	8	122361883	129767448	5145	0.4216
c49aaf3f-7f87-42fc-b5a9-ddb5661464e3	8	129772486	129772611	4	-0.8099
c49aaf3f-7f87-42fc-b5a9-ddb5661464e3	8	129774491	144182542	8566	0.4348
c49aaf3f-7f87-42fc-b5a9-ddb5661464e3	9	789794	5347702	3215	-0.334
c49aaf3f-7f87-42fc-b5a9-ddb5661464e3	9	5348393	84275817	31080	-0.3646
c49aaf3f-7f87-42fc-b5a9-ddb5661464e3	9	84275843	138044505	33497	-0.3424
c49aaf3f-7f87-42fc-b5a9-ddb5661464e3	10	366509	45537734	27951	-0.3648
c49aaf3f-7f87-42fc-b5a9-ddb5661464e3	10	45537879	49659398	1391	-0.2669
c49aaf3f-7f87-42fc-b5a9-ddb5661464e3	10	49661116	55113507	3085	-0.3869
c49aaf3f-7f87-42fc-b5a9-ddb5661464e3	10	55116477	55116667	3	-2.0304
c49aaf3f-7f87-42fc-b5a9-ddb5661464e3	10	55119089	74245561	10898	-0.3665
c49aaf3f-7f87-42fc-b5a9-ddb5661464e3	10	74249407	74283084	16	0.6758
c49aaf3f-7f87-42fc-b5a9-ddb5661464e3	10	74287053	93351253	11965	-0.3551
c49aaf3f-7f87-42fc-b5a9-ddb5661464e3	10	93353629	93353989	2	-3.4159
c49aaf3f-7f87-42fc-b5a9-ddb5661464e3	10	93358686	133411599	25194	-0.356
c49aaf3f-7f87-42fc-b5a9-ddb5661464e3	11	456012	1662334	382	-0.3434
c49aaf3f-7f87-42fc-b5a9-ddb5661464e3	11	1883471	1887776	14	-1.6776
c49aaf3f-7f87-42fc-b5a9-ddb5661464e3	11	1896642	20319521	12153	-0.3481
c49aaf3f-7f87-42fc-b5a9-ddb5661464e3	11	20322813	110640608	48005	-0.3691
c49aaf3f-7f87-42fc-b5a9-ddb5661464e3	11	110647532	134272740	16250	-0.3432
c49aaf3f-7f87-42fc-b5a9-ddb5661464e3	12	780472	16181567	8708	0.5993
c49aaf3f-7f87-42fc-b5a9-ddb5661464e3	12	16182436	19545234	1952	0.5389
c49aaf3f-7f87-42fc-b5a9-ddb5661464e3	12	19545505	19548891	2	-2.4108
c49aaf3f-7f87-42fc-b5a9-ddb5661464e3	12	19549408	51806621	15833	0.5583
c49aaf3f-7f87-42fc-b5a9-ddb5661464e3	12	51808240	55737331	2199	0.6111
c49aaf3f-7f87-42fc-b5a9-ddb5661464e3	12	55738025	72555075	10154	0.5624
c49aaf3f-7f87-42fc-b5a9-ddb5661464e3	12	72556007	88639974	9319	0.5337
c49aaf3f-7f87-42fc-b5a9-ddb5661464e3	12	88640131	103463035	9375	0.5626
c49aaf3f-7f87-42fc-b5a9-ddb5661464e3	12	103463050	111309430	4906	0.6028
c49aaf3f-7f87-42fc-b5a9-ddb5661464e3	12	111309771	112483939	518	0.4832
c49aaf3f-7f87-42fc-b5a9-ddb5661464e3	12	112484021	132605822	10815	0.5961
c49aaf3f-7f87-42fc-b5a9-ddb5661464e3	13	18874255	19249901	237	0.5705
c49aaf3f-7f87-42fc-b5a9-ddb5661464e3	13	19251742	19254836	2	-0.8034
c49aaf3f-7f87-42fc-b5a9-ddb5661464e3	13	19257577	34857239	9643	0.5827
c49aaf3f-7f87-42fc-b5a9-ddb5661464e3	13	34857252	38657229	2468	0.5068
c49aaf3f-7f87-42fc-b5a9-ddb5661464e3	13	38664953	53229173	8257	0.5381
c49aaf3f-7f87-42fc-b5a9-ddb5661464e3	13	53229808	71245306	8803	0.4794
c49aaf3f-7f87-42fc-b5a9-ddb5661464e3	13	71247982	80731617	6260	0.5233
c49aaf3f-7f87-42fc-b5a9-ddb5661464e3	13	80731625	93435729	7296	0.491
c49aaf3f-7f87-42fc-b5a9-ddb5661464e3	13	93436027	93629239	159	0.5722
c49aaf3f-7f87-42fc-b5a9-ddb5661464e3	13	93630791	93967657	212	-0.2954
c49aaf3f-7f87-42fc-b5a9-ddb5661464e3	13	93969179	109142586	10265	0.5339
c49aaf3f-7f87-42fc-b5a9-ddb5661464e3	13	109143859	114226675	2871	0.5924
c49aaf3f-7f87-42fc-b5a9-ddb5661464e3	14	20033191	20542945	318	-0.357
c49aaf3f-7f87-42fc-b5a9-ddb5661464e3	14	20544515	23496308	896	1.064
c49aaf3f-7f87-42fc-b5a9-ddb5661464e3	14	23499069	23667420	105	-0.2876
c49aaf3f-7f87-42fc-b5a9-ddb5661464e3	14	23668806	24025440	198	1.0658
c49aaf3f-7f87-42fc-b5a9-ddb5661464e3	14	24030533	24031630	13	0.4835
c49aaf3f-7f87-42fc-b5a9-ddb5661464e3	14	24031792	25456204	847	1.1207
c49aaf3f-7f87-42fc-b5a9-ddb5661464e3	14	25456395	35110891	5726	-0.3699
c49aaf3f-7f87-42fc-b5a9-ddb5661464e3	14	35112823	35849604	304	0.9957
c49aaf3f-7f87-42fc-b5a9-ddb5661464e3	14	35852075	49259397	6469	-0.369
c49aaf3f-7f87-42fc-b5a9-ddb5661464e3	14	49260807	49261431	2	-2.2515
c49aaf3f-7f87-42fc-b5a9-ddb5661464e3	14	49263861	64198342	9360	-0.3598
c49aaf3f-7f87-42fc-b5a9-ddb5661464e3	14	64199276	64236849	52	1.0468
c49aaf3f-7f87-42fc-b5a9-ddb5661464e3	14	64236922	64246780	42	0.7281
c49aaf3f-7f87-42fc-b5a9-ddb5661464e3	14	64246954	64622646	261	1.0385
c49aaf3f-7f87-42fc-b5a9-ddb5661464e3	14	64625077	65095588	352	-0.3474
c49aaf3f-7f87-42fc-b5a9-ddb5661464e3	14	65096277	65103668	3	-1.8089
c49aaf3f-7f87-42fc-b5a9-ddb5661464e3	14	65103748	73043271	4685	-0.3319
c49aaf3f-7f87-42fc-b5a9-ddb5661464e3	14	73055591	73062662	4	-2.0529
c49aaf3f-7f87-42fc-b5a9-ddb5661464e3	14	73068167	78287338	3154	-0.3493
c49aaf3f-7f87-42fc-b5a9-ddb5661464e3	14	78289994	78303962	17	1.0324
c49aaf3f-7f87-42fc-b5a9-ddb5661464e3	14	78306271	79199792	643	-0.3498
c49aaf3f-7f87-42fc-b5a9-ddb5661464e3	14	79201910	79207131	9	1.0883
c49aaf3f-7f87-42fc-b5a9-ddb5661464e3	14	79216464	80246126	684	-0.3641
c49aaf3f-7f87-42fc-b5a9-ddb5661464e3	14	80253421	80262496	6	0.9206
c49aaf3f-7f87-42fc-b5a9-ddb5661464e3	14	80266306	80699456	265	-0.3974
c49aaf3f-7f87-42fc-b5a9-ddb5661464e3	14	80700345	80710014	4	1.47
c49aaf3f-7f87-42fc-b5a9-ddb5661464e3	14	80714667	85178743	2825	-0.3769
c49aaf3f-7f87-42fc-b5a9-ddb5661464e3	14	85180035	85182075	3	-2.3171
c49aaf3f-7f87-42fc-b5a9-ddb5661464e3	14	85182141	87699346	1558	-0.3777
c49aaf3f-7f87-42fc-b5a9-ddb5661464e3	14	87699431	88247154	344	1.0622
c49aaf3f-7f87-42fc-b5a9-ddb5661464e3	14	88248295	89176094	387	-0.3493
c49aaf3f-7f87-42fc-b5a9-ddb5661464e3	14	89182640	89495854	237	1.1004
c49aaf3f-7f87-42fc-b5a9-ddb5661464e3	14	89496369	89501622	3	1.9616
c49aaf3f-7f87-42fc-b5a9-ddb5661464e3	14	89508755	89651457	88	1.0727
c49aaf3f-7f87-42fc-b5a9-ddb5661464e3	14	89653282	95684871	3988	-0.339
c49aaf3f-7f87-42fc-b5a9-ddb5661464e3	14	95685347	97201250	1052	1.1353
c49aaf3f-7f87-42fc-b5a9-ddb5661464e3	14	97203043	99849027	1924	-0.3358
c49aaf3f-7f87-42fc-b5a9-ddb5661464e3	14	99855474	99890295	31	1.1118
c49aaf3f-7f87-42fc-b5a9-ddb5661464e3	14	99891757	100052915	83	-0.3592
c49aaf3f-7f87-42fc-b5a9-ddb5661464e3	14	100053109	101291358	711	1.1337
c49aaf3f-7f87-42fc-b5a9-ddb5661464e3	14	101292833	102335106	472	-0.3461
c49aaf3f-7f87-42fc-b5a9-ddb5661464e3	14	102338582	105533894	1176	1.1045
c49aaf3f-7f87-42fc-b5a9-ddb5661464e3	15	23437561	33849304	4333	0.5991
c49aaf3f-7f87-42fc-b5a9-ddb5661464e3	15	33849554	57494406	13714	0.5826
c49aaf3f-7f87-42fc-b5a9-ddb5661464e3	15	57494950	69558349	8036	0.6111
c49aaf3f-7f87-42fc-b5a9-ddb5661464e3	15	69558889	70611559	736	0.6844
c49aaf3f-7f87-42fc-b5a9-ddb5661464e3	15	70616971	101344124	17615	0.6008
c49aaf3f-7f87-42fc-b5a9-ddb5661464e3	16	603333	28167327	13150	0.6034
c49aaf3f-7f87-42fc-b5a9-ddb5661464e3	16	28169975	47704756	1260	0.5344
c49aaf3f-7f87-42fc-b5a9-ddb5661464e3	16	47708784	52714686	3392	0.6118
c49aaf3f-7f87-42fc-b5a9-ddb5661464e3	16	52715184	53851522	836	0.5398
c49aaf3f-7f87-42fc-b5a9-ddb5661464e3	16	53852000	58127386	2907	0.6277
c49aaf3f-7f87-42fc-b5a9-ddb5661464e3	16	58128576	65428006	4630	0.5528
c49aaf3f-7f87-42fc-b5a9-ddb5661464e3	16	65428384	69349233	2102	0.587
c49aaf3f-7f87-42fc-b5a9-ddb5661464e3	16	69349372	69514885	81	0.9443
c49aaf3f-7f87-42fc-b5a9-ddb5661464e3	16	69522603	85209201	10308	0.5925
c49aaf3f-7f87-42fc-b5a9-ddb5661464e3	16	85211361	87296098	1704	0.663
c49aaf3f-7f87-42fc-b5a9-ddb5661464e3	16	87298111	89317317	555	0.5981
c49aaf3f-7f87-42fc-b5a9-ddb5661464e3	17	1074619	81282198	36446	-0.3488
c49aaf3f-7f87-42fc-b5a9-ddb5661464e3	17	81282420	81282457	2	-2.5634
c49aaf3f-7f87-42fc-b5a9-ddb5661464e3	17	81288009	82959812	525	-0.3326
c49aaf3f-7f87-42fc-b5a9-ddb5661464e3	18	326691	42430910	21001	-0.3119
c49aaf3f-7f87-42fc-b5a9-ddb5661464e3	18	42431517	66482125	15110	-0.2458
c49aaf3f-7f87-42fc-b5a9-ddb5661464e3	18	66482464	66483059	2	-2.8945
c49aaf3f-7f87-42fc-b5a9-ddb5661464e3	18	66485434	79349796	6438	-0.2527
c49aaf3f-7f87-42fc-b5a9-ddb5661464e3	19	283868	27749470	9024	0.5562
c49aaf3f-7f87-42fc-b5a9-ddb5661464e3	19	27749586	42297191	8428	-0.348
c49aaf3f-7f87-42fc-b5a9-ddb5661464e3	19	42301484	44384015	811	0.5744
c49aaf3f-7f87-42fc-b5a9-ddb5661464e3	19	44434616	44441181	7	-0.3268
c49aaf3f-7f87-42fc-b5a9-ddb5661464e3	19	44441388	45244986	382	0.5739
c49aaf3f-7f87-42fc-b5a9-ddb5661464e3	19	45245096	45245997	2	-1.0426
c49aaf3f-7f87-42fc-b5a9-ddb5661464e3	19	45253118	48165657	1242	0.5732
c49aaf3f-7f87-42fc-b5a9-ddb5661464e3	19	48166015	48497154	171	1.1865
c49aaf3f-7f87-42fc-b5a9-ddb5661464e3	19	48502936	48562414	24	0.6997
c49aaf3f-7f87-42fc-b5a9-ddb5661464e3	19	48563402	49348514	241	1.0963
c49aaf3f-7f87-42fc-b5a9-ddb5661464e3	19	49358063	49412654	29	0.5432
c49aaf3f-7f87-42fc-b5a9-ddb5661464e3	19	49416618	49488532	16	1.2796
c49aaf3f-7f87-42fc-b5a9-ddb5661464e3	19	49489110	52222387	1061	1.5274
c49aaf3f-7f87-42fc-b5a9-ddb5661464e3	19	52223093	54342564	604	1.1035
c49aaf3f-7f87-42fc-b5a9-ddb5661464e3	19	54347667	58071690	1815	0.5786
c49aaf3f-7f87-42fc-b5a9-ddb5661464e3	19	58076905	58370362	178	-0.3629
c49aaf3f-7f87-42fc-b5a9-ddb5661464e3	20	472817	63588502	37226	-0.3405
c49aaf3f-7f87-42fc-b5a9-ddb5661464e3	21	13974127	31767713	11318	0.5364
c49aaf3f-7f87-42fc-b5a9-ddb5661464e3	21	31768450	38810253	4722	0.5897
c49aaf3f-7f87-42fc-b5a9-ddb5661464e3	21	38815826	38818597	5	-0.2877
c49aaf3f-7f87-42fc-b5a9-ddb5661464e3	21	38818612	46262057	4404	0.6044
c49aaf3f-7f87-42fc-b5a9-ddb5661464e3	22	16934932	29041001	4493	-0.3359
c49aaf3f-7f87-42fc-b5a9-ddb5661464e3	22	29043213	29092656	49	-3.4012
c49aaf3f-7f87-42fc-b5a9-ddb5661464e3	22	29095718	48940621	12411	-0.3478
c49aaf3f-7f87-42fc-b5a9-ddb5661464e3	X	3236359	13452821	3699	0.526
c49aaf3f-7f87-42fc-b5a9-ddb5661464e3	X	13453852	13775969	238	-0.5134
c49aaf3f-7f87-42fc-b5a9-ddb5661464e3	X	13776573	52789762	17880	0.5105
c49aaf3f-7f87-42fc-b5a9-ddb5661464e3	X	52792830	53026734	51	-0.4056
c49aaf3f-7f87-42fc-b5a9-ddb5661464e3	X	53027336	56609021	1293	0.5082
c49aaf3f-7f87-42fc-b5a9-ddb5661464e3	X	56655136	56765278	50	-0.4604
c49aaf3f-7f87-42fc-b5a9-ddb5661464e3	X	56781150	56797657	23	0.6071
c49aaf3f-7f87-42fc-b5a9-ddb5661464e3	X	56797721	56972732	91	0.3919
c49aaf3f-7f87-42fc-b5a9-ddb5661464e3	X	56973862	57007840	17	0.6345
c49aaf3f-7f87-42fc-b5a9-ddb5661464e3	X	57010728	79746512	6475	-0.4377
c49aaf3f-7f87-42fc-b5a9-ddb5661464e3	X	79755715	81468211	850	0.4755
c49aaf3f-7f87-42fc-b5a9-ddb5661464e3	X	81469367	83357025	874	-0.4782
c49aaf3f-7f87-42fc-b5a9-ddb5661464e3	X	83362673	83550537	67	0.4814
c49aaf3f-7f87-42fc-b5a9-ddb5661464e3	X	83553694	83765467	48	-0.3957
c49aaf3f-7f87-42fc-b5a9-ddb5661464e3	X	83765627	85985735	874	0.4801
c49aaf3f-7f87-42fc-b5a9-ddb5661464e3	X	85989904	87562617	1018	-0.4759
c49aaf3f-7f87-42fc-b5a9-ddb5661464e3	X	87567910	95033999	2598	0.4679
c49aaf3f-7f87-42fc-b5a9-ddb5661464e3	X	96370519	101587934	2686	-0.4651
c49aaf3f-7f87-42fc-b5a9-ddb5661464e3	X	101608125	101716942	85	0.4537
c49aaf3f-7f87-42fc-b5a9-ddb5661464e3	X	101718364	102663859	384	-0.4215
c49aaf3f-7f87-42fc-b5a9-ddb5661464e3	X	102672673	102708866	15	0.5255
c49aaf3f-7f87-42fc-b5a9-ddb5661464e3	X	102709776	116509663	6386	-0.4402
c49aaf3f-7f87-42fc-b5a9-ddb5661464e3	X	116513255	120515215	2004	0.5095
c49aaf3f-7f87-42fc-b5a9-ddb5661464e3	X	120521903	128389244	3722	-0.4444
c49aaf3f-7f87-42fc-b5a9-ddb5661464e3	X	128586521	129265476	410	0.5312
c49aaf3f-7f87-42fc-b5a9-ddb5661464e3	X	129266275	155677414	11590	-0.4446
