GDC_Aliquot	Chromosome	Start	End	Num_Probes	Segment_Mean
1387b6c7-48fe-4961-86a7-0bdcbd3fef92	1	3301765	8583948	3312	0.0295
1387b6c7-48fe-4961-86a7-0bdcbd3fef92	1	8591566	9080019	269	0.5401
1387b6c7-48fe-4961-86a7-0bdcbd3fef92	1	9081253	27308826	9418	0.029
1387b6c7-48fe-4961-86a7-0bdcbd3fef92	1	27314904	27345434	15	0.8395
1387b6c7-48fe-4961-86a7-0bdcbd3fef92	1	27353201	27597287	74	0.4939
1387b6c7-48fe-4961-86a7-0bdcbd3fef92	1	27605187	30940106	1815	0.0268
1387b6c7-48fe-4961-86a7-0bdcbd3fef92	1	30943162	30945463	2	-1.5876
1387b6c7-48fe-4961-86a7-0bdcbd3fef92	1	30947040	36195212	2671	0.0344
1387b6c7-48fe-4961-86a7-0bdcbd3fef92	1	36204302	36233169	13	0.5338
1387b6c7-48fe-4961-86a7-0bdcbd3fef92	1	36239290	48783733	6953	0.0184
1387b6c7-48fe-4961-86a7-0bdcbd3fef92	1	48786784	48914586	103	-0.1977
1387b6c7-48fe-4961-86a7-0bdcbd3fef92	1	48915023	53464046	2062	0.0107
1387b6c7-48fe-4961-86a7-0bdcbd3fef92	1	53468174	53759199	235	0.5475
1387b6c7-48fe-4961-86a7-0bdcbd3fef92	1	53761695	112709921	36621	0.0081
1387b6c7-48fe-4961-86a7-0bdcbd3fef92	1	112711645	112711862	2	-3.0147
1387b6c7-48fe-4961-86a7-0bdcbd3fef92	1	112721619	114677962	1101	0.004
1387b6c7-48fe-4961-86a7-0bdcbd3fef92	1	114681879	114683173	2	-1.3006
1387b6c7-48fe-4961-86a7-0bdcbd3fef92	1	114684872	150051427	3449	0.015
1387b6c7-48fe-4961-86a7-0bdcbd3fef92	1	150053851	150533787	124	0.5327
1387b6c7-48fe-4961-86a7-0bdcbd3fef92	1	150544285	153653450	1615	0.023
1387b6c7-48fe-4961-86a7-0bdcbd3fef92	1	153654379	154265907	223	0.2224
1387b6c7-48fe-4961-86a7-0bdcbd3fef92	1	154266807	155051833	435	0.0069
1387b6c7-48fe-4961-86a7-0bdcbd3fef92	1	155058900	155317731	110	0.9199
1387b6c7-48fe-4961-86a7-0bdcbd3fef92	1	155330989	155474904	64	0.5183
1387b6c7-48fe-4961-86a7-0bdcbd3fef92	1	155478333	155602916	49	0.8644
1387b6c7-48fe-4961-86a7-0bdcbd3fef92	1	155608225	167019041	7642	0.0163
1387b6c7-48fe-4961-86a7-0bdcbd3fef92	1	167022989	167559675	410	0.4602
1387b6c7-48fe-4961-86a7-0bdcbd3fef92	1	167560100	224750258	36289	0.0061
1387b6c7-48fe-4961-86a7-0bdcbd3fef92	1	224753435	224781147	23	-0.795
1387b6c7-48fe-4961-86a7-0bdcbd3fef92	1	224781757	247650984	14461	0.0151
1387b6c7-48fe-4961-86a7-0bdcbd3fef92	2	480597	41483417	24427	0.0117
1387b6c7-48fe-4961-86a7-0bdcbd3fef92	2	41487113	41885580	372	0.541
1387b6c7-48fe-4961-86a7-0bdcbd3fef92	2	41885647	42419010	352	0.6753
1387b6c7-48fe-4961-86a7-0bdcbd3fef92	2	42423068	42773076	189	0.5384
1387b6c7-48fe-4961-86a7-0bdcbd3fef92	2	42788579	47096155	3016	0.0039
1387b6c7-48fe-4961-86a7-0bdcbd3fef92	2	47111792	47751907	361	0.4893
1387b6c7-48fe-4961-86a7-0bdcbd3fef92	2	47754957	70029123	12567	0.0097
1387b6c7-48fe-4961-86a7-0bdcbd3fef92	2	70031855	70198457	83	0.5244
1387b6c7-48fe-4961-86a7-0bdcbd3fef92	2	70200325	85681903	8387	0.0097
1387b6c7-48fe-4961-86a7-0bdcbd3fef92	2	85683010	86412951	351	0.5328
1387b6c7-48fe-4961-86a7-0bdcbd3fef92	2	86416624	127000322	16787	0.0144
1387b6c7-48fe-4961-86a7-0bdcbd3fef92	2	127000916	128217305	597	0.533
1387b6c7-48fe-4961-86a7-0bdcbd3fef92	2	128217568	141607528	6798	0.0144
1387b6c7-48fe-4961-86a7-0bdcbd3fef92	2	141609829	141785113	167	0.5045
1387b6c7-48fe-4961-86a7-0bdcbd3fef92	2	141785204	177503454	21168	0.0015
1387b6c7-48fe-4961-86a7-0bdcbd3fef92	2	177503772	178041236	332	0.1661
1387b6c7-48fe-4961-86a7-0bdcbd3fef92	2	178048057	225237313	26501	0.0002
1387b6c7-48fe-4961-86a7-0bdcbd3fef92	2	225238955	225278530	28	0.483
1387b6c7-48fe-4961-86a7-0bdcbd3fef92	2	225279188	232597385	4031	0.0094
1387b6c7-48fe-4961-86a7-0bdcbd3fef92	2	232601052	232797634	91	0.5503
1387b6c7-48fe-4961-86a7-0bdcbd3fef92	2	232798183	241537572	5439	0.017
1387b6c7-48fe-4961-86a7-0bdcbd3fef92	3	2170634	117447746	64415	0.0093
1387b6c7-48fe-4961-86a7-0bdcbd3fef92	3	117448124	117512904	47	0.5318
1387b6c7-48fe-4961-86a7-0bdcbd3fef92	3	117513540	180923141	33791	0.0079
1387b6c7-48fe-4961-86a7-0bdcbd3fef92	3	180927196	183058822	1115	-0.856
1387b6c7-48fe-4961-86a7-0bdcbd3fef92	3	183061011	195428692	7224	0.0157
1387b6c7-48fe-4961-86a7-0bdcbd3fef92	3	196017117	196770477	293	-0.8659
1387b6c7-48fe-4961-86a7-0bdcbd3fef92	3	197242908	197812401	152	0.0197
1387b6c7-48fe-4961-86a7-0bdcbd3fef92	4	1059384	1777074	226	-0.0077
1387b6c7-48fe-4961-86a7-0bdcbd3fef92	4	1790291	1802549	10	0.6263
1387b6c7-48fe-4961-86a7-0bdcbd3fef92	4	1814963	4817681	1366	0.0155
1387b6c7-48fe-4961-86a7-0bdcbd3fef92	4	4817838	6687929	1443	0.0586
1387b6c7-48fe-4961-86a7-0bdcbd3fef92	4	6690706	73370488	37038	0.0104
1387b6c7-48fe-4961-86a7-0bdcbd3fef92	4	73371286	73434824	37	0.5252
1387b6c7-48fe-4961-86a7-0bdcbd3fef92	4	73434893	77554625	2646	-0.0011
1387b6c7-48fe-4961-86a7-0bdcbd3fef92	4	77559026	77559056	2	-1.7515
1387b6c7-48fe-4961-86a7-0bdcbd3fef92	4	77564299	83751782	3644	-0.0036
1387b6c7-48fe-4961-86a7-0bdcbd3fef92	4	83755811	83779940	18	0.5329
1387b6c7-48fe-4961-86a7-0bdcbd3fef92	4	83781254	187842528	56924	0.0053
1387b6c7-48fe-4961-86a7-0bdcbd3fef92	5	913983	1315228	68	0.9791
1387b6c7-48fe-4961-86a7-0bdcbd3fef92	5	1321758	2693489	730	-0.9646
1387b6c7-48fe-4961-86a7-0bdcbd3fef92	5	2696239	2847055	140	2.0293
1387b6c7-48fe-4961-86a7-0bdcbd3fef92	5	2847643	3050777	164	2.2992
1387b6c7-48fe-4961-86a7-0bdcbd3fef92	5	3107747	3266242	197	1.7775
1387b6c7-48fe-4961-86a7-0bdcbd3fef92	5	3266646	3403367	121	0.988
1387b6c7-48fe-4961-86a7-0bdcbd3fef92	5	3404782	3655690	221	-0.9518
1387b6c7-48fe-4961-86a7-0bdcbd3fef92	5	3671100	4332056	488	0.9617
1387b6c7-48fe-4961-86a7-0bdcbd3fef92	5	4335843	4352164	18	-0.8896
1387b6c7-48fe-4961-86a7-0bdcbd3fef92	5	4352420	4357160	3	0.5091
1387b6c7-48fe-4961-86a7-0bdcbd3fef92	5	4357924	5680888	1137	-0.9258
1387b6c7-48fe-4961-86a7-0bdcbd3fef92	5	5715019	5736528	14	1.3998
1387b6c7-48fe-4961-86a7-0bdcbd3fef92	5	5745075	6179514	377	-0.8661
1387b6c7-48fe-4961-86a7-0bdcbd3fef92	5	6179658	6500082	257	2.2387
1387b6c7-48fe-4961-86a7-0bdcbd3fef92	5	6502041	6505981	9	-1.0529
1387b6c7-48fe-4961-86a7-0bdcbd3fef92	5	6508759	6560786	46	0.9877
1387b6c7-48fe-4961-86a7-0bdcbd3fef92	5	6566252	15030554	5698	-0.9007
1387b6c7-48fe-4961-86a7-0bdcbd3fef92	5	15030642	31288818	8275	-0.8534
1387b6c7-48fe-4961-86a7-0bdcbd3fef92	5	31289086	35203290	2132	-0.9088
1387b6c7-48fe-4961-86a7-0bdcbd3fef92	5	35205199	35249475	37	0.9156
1387b6c7-48fe-4961-86a7-0bdcbd3fef92	5	35250166	35255899	4	-0.5886
1387b6c7-48fe-4961-86a7-0bdcbd3fef92	5	35259910	35755332	305	2.3721
1387b6c7-48fe-4961-86a7-0bdcbd3fef92	5	35758631	35971503	205	-0.9106
1387b6c7-48fe-4961-86a7-0bdcbd3fef92	5	35979113	36247392	164	2.3433
1387b6c7-48fe-4961-86a7-0bdcbd3fef92	5	36252677	36271526	15	-0.89
1387b6c7-48fe-4961-86a7-0bdcbd3fef92	5	36272462	36445700	142	1.5781
1387b6c7-48fe-4961-86a7-0bdcbd3fef92	5	36467928	36867457	277	1.2777
1387b6c7-48fe-4961-86a7-0bdcbd3fef92	5	36874325	36988020	54	-0.8741
1387b6c7-48fe-4961-86a7-0bdcbd3fef92	5	36988448	37255481	99	0.9571
1387b6c7-48fe-4961-86a7-0bdcbd3fef92	5	37259058	38916200	1022	-0.9025
1387b6c7-48fe-4961-86a7-0bdcbd3fef92	5	38918613	38935142	23	2.1632
1387b6c7-48fe-4961-86a7-0bdcbd3fef92	5	38935391	39132159	90	2.4545
1387b6c7-48fe-4961-86a7-0bdcbd3fef92	5	39132581	39656700	391	2.0214
1387b6c7-48fe-4961-86a7-0bdcbd3fef92	5	39656793	39823948	98	1.7469
1387b6c7-48fe-4961-86a7-0bdcbd3fef92	5	39826196	39845050	14	2.1108
1387b6c7-48fe-4961-86a7-0bdcbd3fef92	5	39846657	40138702	195	1.2243
1387b6c7-48fe-4961-86a7-0bdcbd3fef92	5	40138979	40371409	150	2.6557
1387b6c7-48fe-4961-86a7-0bdcbd3fef92	5	40375065	40547717	107	1.8765
1387b6c7-48fe-4961-86a7-0bdcbd3fef92	5	40552331	40831706	137	0.9283
1387b6c7-48fe-4961-86a7-0bdcbd3fef92	5	40832580	40850291	19	0.5894
1387b6c7-48fe-4961-86a7-0bdcbd3fef92	5	40850978	40898072	31	0.9737
1387b6c7-48fe-4961-86a7-0bdcbd3fef92	5	40900214	40929807	23	0.6871
1387b6c7-48fe-4961-86a7-0bdcbd3fef92	5	40933835	41052633	106	1.0051
1387b6c7-48fe-4961-86a7-0bdcbd3fef92	5	41056268	41203991	96	1.216
1387b6c7-48fe-4961-86a7-0bdcbd3fef92	5	41204028	41635190	273	0.9066
1387b6c7-48fe-4961-86a7-0bdcbd3fef92	5	41635320	41635436	2	0.7547
1387b6c7-48fe-4961-86a7-0bdcbd3fef92	5	41640041	44734446	1476	-0.8618
1387b6c7-48fe-4961-86a7-0bdcbd3fef92	5	44737275	44924335	78	0.8386
1387b6c7-48fe-4961-86a7-0bdcbd3fef92	5	44924657	45143495	79	0.4073
1387b6c7-48fe-4961-86a7-0bdcbd3fef92	5	45146619	45378354	81	0.8517
1387b6c7-48fe-4961-86a7-0bdcbd3fef92	5	45383300	50999097	117	0.2347
1387b6c7-48fe-4961-86a7-0bdcbd3fef92	5	51000340	51015889	15	-0.3453
1387b6c7-48fe-4961-86a7-0bdcbd3fef92	5	51019830	51054523	24	0.071
1387b6c7-48fe-4961-86a7-0bdcbd3fef92	5	51056296	51059481	5	-0.2193
1387b6c7-48fe-4961-86a7-0bdcbd3fef92	5	51069217	51321925	126	0.4293
1387b6c7-48fe-4961-86a7-0bdcbd3fef92	5	51324945	51600937	127	0.0725
1387b6c7-48fe-4961-86a7-0bdcbd3fef92	5	51604703	51853789	123	-0.2871
1387b6c7-48fe-4961-86a7-0bdcbd3fef92	5	51854004	51881210	7	-0.8117
1387b6c7-48fe-4961-86a7-0bdcbd3fef92	5	51881599	51901828	14	-0.2828
1387b6c7-48fe-4961-86a7-0bdcbd3fef92	5	51906207	51925937	21	-0.6598
1387b6c7-48fe-4961-86a7-0bdcbd3fef92	5	51926207	52462970	284	0.1382
1387b6c7-48fe-4961-86a7-0bdcbd3fef92	5	52464608	52510431	26	0.5652
1387b6c7-48fe-4961-86a7-0bdcbd3fef92	5	52510660	52654158	119	0.1229
1387b6c7-48fe-4961-86a7-0bdcbd3fef92	5	52667742	53126409	395	-0.2489
1387b6c7-48fe-4961-86a7-0bdcbd3fef92	5	53126738	53138391	16	-0.0633
1387b6c7-48fe-4961-86a7-0bdcbd3fef92	5	53139497	53443461	166	0.2029
1387b6c7-48fe-4961-86a7-0bdcbd3fef92	5	53448434	53456412	9	-0.2244
1387b6c7-48fe-4961-86a7-0bdcbd3fef92	5	53457222	53608678	74	0.4632
1387b6c7-48fe-4961-86a7-0bdcbd3fef92	5	53610417	53715483	53	0.6711
1387b6c7-48fe-4961-86a7-0bdcbd3fef92	5	53721383	53834617	54	0.4047
1387b6c7-48fe-4961-86a7-0bdcbd3fef92	5	53835977	53845509	7	-0.1651
1387b6c7-48fe-4961-86a7-0bdcbd3fef92	5	53847436	53949010	70	0.4332
1387b6c7-48fe-4961-86a7-0bdcbd3fef92	5	53961606	54133074	130	0.0844
1387b6c7-48fe-4961-86a7-0bdcbd3fef92	5	54134243	54136066	5	-1.245
1387b6c7-48fe-4961-86a7-0bdcbd3fef92	5	54137848	54242006	73	-0.2881
1387b6c7-48fe-4961-86a7-0bdcbd3fef92	5	54248434	54265513	12	0.3191
1387b6c7-48fe-4961-86a7-0bdcbd3fef92	5	54268838	54304613	27	-0.959
1387b6c7-48fe-4961-86a7-0bdcbd3fef92	5	54309896	54915122	468	0.637
1387b6c7-48fe-4961-86a7-0bdcbd3fef92	5	54917706	55114292	126	0.1661
1387b6c7-48fe-4961-86a7-0bdcbd3fef92	5	55115688	55391133	135	0.0297
1387b6c7-48fe-4961-86a7-0bdcbd3fef92	5	55396380	55403013	12	-0.8374
1387b6c7-48fe-4961-86a7-0bdcbd3fef92	5	55412131	55431431	19	0.6013
1387b6c7-48fe-4961-86a7-0bdcbd3fef92	5	55450242	55944581	251	-0.0006
1387b6c7-48fe-4961-86a7-0bdcbd3fef92	5	55952707	56053864	46	0.6119
1387b6c7-48fe-4961-86a7-0bdcbd3fef92	5	56056735	56123092	40	0.1314
1387b6c7-48fe-4961-86a7-0bdcbd3fef92	5	56124045	56361514	199	-0.2966
1387b6c7-48fe-4961-86a7-0bdcbd3fef92	5	56361528	56405277	28	0.3383
1387b6c7-48fe-4961-86a7-0bdcbd3fef92	5	56407375	56410861	9	-0.2326
1387b6c7-48fe-4961-86a7-0bdcbd3fef92	5	56413355	56429877	12	0.2296
1387b6c7-48fe-4961-86a7-0bdcbd3fef92	5	56430545	56481568	33	0.5881
1387b6c7-48fe-4961-86a7-0bdcbd3fef92	5	56482224	56496818	16	0.061
1387b6c7-48fe-4961-86a7-0bdcbd3fef92	5	56497302	56576514	78	0.4116
1387b6c7-48fe-4961-86a7-0bdcbd3fef92	5	56577160	56633561	62	0.2077
1387b6c7-48fe-4961-86a7-0bdcbd3fef92	5	56633614	57151523	324	-0.2245
1387b6c7-48fe-4961-86a7-0bdcbd3fef92	5	57155208	57199805	20	0.3496
1387b6c7-48fe-4961-86a7-0bdcbd3fef92	5	57205198	57263411	25	-0.2078
1387b6c7-48fe-4961-86a7-0bdcbd3fef92	5	57264595	57318490	27	0.1469
1387b6c7-48fe-4961-86a7-0bdcbd3fef92	5	57318837	57665457	254	0.4208
1387b6c7-48fe-4961-86a7-0bdcbd3fef92	5	57669554	57719181	31	0.0266
1387b6c7-48fe-4961-86a7-0bdcbd3fef92	5	57722533	57824492	67	0.3625
1387b6c7-48fe-4961-86a7-0bdcbd3fef92	5	57826549	57830725	6	-0.2763
1387b6c7-48fe-4961-86a7-0bdcbd3fef92	5	57837134	57859481	24	0.458
1387b6c7-48fe-4961-86a7-0bdcbd3fef92	5	57860770	57864181	7	-0.2982
1387b6c7-48fe-4961-86a7-0bdcbd3fef92	5	57865313	57948830	58	0.1278
1387b6c7-48fe-4961-86a7-0bdcbd3fef92	5	57949074	57960269	16	-0.2204
1387b6c7-48fe-4961-86a7-0bdcbd3fef92	5	57962527	58142931	115	0.1755
1387b6c7-48fe-4961-86a7-0bdcbd3fef92	5	58143787	58748556	399	0.287
1387b6c7-48fe-4961-86a7-0bdcbd3fef92	5	58756263	58760381	5	-0.4484
1387b6c7-48fe-4961-86a7-0bdcbd3fef92	5	58763463	58784857	23	0.386
1387b6c7-48fe-4961-86a7-0bdcbd3fef92	5	58789080	59102416	251	0.1471
1387b6c7-48fe-4961-86a7-0bdcbd3fef92	5	59104794	59114394	14	-0.2052
1387b6c7-48fe-4961-86a7-0bdcbd3fef92	5	59123980	59339143	141	0.2195
1387b6c7-48fe-4961-86a7-0bdcbd3fef92	5	59339400	59341365	5	-0.473
1387b6c7-48fe-4961-86a7-0bdcbd3fef92	5	59349979	59463560	109	0.1853
1387b6c7-48fe-4961-86a7-0bdcbd3fef92	5	59468378	59506639	28	-0.2259
1387b6c7-48fe-4961-86a7-0bdcbd3fef92	5	59506869	59652664	116	0.1469
1387b6c7-48fe-4961-86a7-0bdcbd3fef92	5	59657716	59873509	143	-0.2296
1387b6c7-48fe-4961-86a7-0bdcbd3fef92	5	59877085	59927834	28	0.4526
1387b6c7-48fe-4961-86a7-0bdcbd3fef92	5	59932226	60050131	67	-0.2589
1387b6c7-48fe-4961-86a7-0bdcbd3fef92	5	60054262	60477652	181	0.4879
1387b6c7-48fe-4961-86a7-0bdcbd3fef92	5	60484886	60723667	117	0.1419
1387b6c7-48fe-4961-86a7-0bdcbd3fef92	5	60724596	60942615	107	0.6822
1387b6c7-48fe-4961-86a7-0bdcbd3fef92	5	60943011	61137914	76	0.4073
1387b6c7-48fe-4961-86a7-0bdcbd3fef92	5	61139163	61186110	26	0.0852
1387b6c7-48fe-4961-86a7-0bdcbd3fef92	5	61186868	61297508	76	0.5107
1387b6c7-48fe-4961-86a7-0bdcbd3fef92	5	61297944	61303224	10	0.1269
1387b6c7-48fe-4961-86a7-0bdcbd3fef92	5	61306707	61435631	56	0.6286
1387b6c7-48fe-4961-86a7-0bdcbd3fef92	5	61436725	61463771	15	0.1684
1387b6c7-48fe-4961-86a7-0bdcbd3fef92	5	61465758	61497139	17	-0.0821
1387b6c7-48fe-4961-86a7-0bdcbd3fef92	5	61497957	61507673	7	-0.8813
1387b6c7-48fe-4961-86a7-0bdcbd3fef92	5	61508609	61603907	77	0.0828
1387b6c7-48fe-4961-86a7-0bdcbd3fef92	5	61606042	61622316	18	-0.9022
1387b6c7-48fe-4961-86a7-0bdcbd3fef92	5	61626960	61688434	66	0.0677
1387b6c7-48fe-4961-86a7-0bdcbd3fef92	5	61695565	61766798	68	-1.0193
1387b6c7-48fe-4961-86a7-0bdcbd3fef92	5	61767775	61787802	14	0.0357
1387b6c7-48fe-4961-86a7-0bdcbd3fef92	5	61792565	61803340	11	0.5023
1387b6c7-48fe-4961-86a7-0bdcbd3fef92	5	61803425	61934232	91	0.1053
1387b6c7-48fe-4961-86a7-0bdcbd3fef92	5	61941059	62179000	117	-0.3175
1387b6c7-48fe-4961-86a7-0bdcbd3fef92	5	62179257	62316232	52	0.3911
1387b6c7-48fe-4961-86a7-0bdcbd3fef92	5	62316280	62337111	17	-0.2681
1387b6c7-48fe-4961-86a7-0bdcbd3fef92	5	62337633	62370982	16	0.4599
1387b6c7-48fe-4961-86a7-0bdcbd3fef92	5	62377705	62499710	70	0.1006
1387b6c7-48fe-4961-86a7-0bdcbd3fef92	5	62500317	62547076	26	0.4019
1387b6c7-48fe-4961-86a7-0bdcbd3fef92	5	62549548	62565707	12	-0.9566
1387b6c7-48fe-4961-86a7-0bdcbd3fef92	5	62566898	62605155	17	-0.3153
1387b6c7-48fe-4961-86a7-0bdcbd3fef92	5	62608233	62697628	48	0.2384
1387b6c7-48fe-4961-86a7-0bdcbd3fef92	5	62698870	62959419	205	-0.2086
1387b6c7-48fe-4961-86a7-0bdcbd3fef92	5	62960283	62972916	9	-0.7187
1387b6c7-48fe-4961-86a7-0bdcbd3fef92	5	62978310	63048515	30	0.1221
1387b6c7-48fe-4961-86a7-0bdcbd3fef92	5	63048633	63240202	112	0.4132
1387b6c7-48fe-4961-86a7-0bdcbd3fef92	5	63251686	63274810	24	-0.1227
1387b6c7-48fe-4961-86a7-0bdcbd3fef92	5	63276923	63291023	13	-0.9164
1387b6c7-48fe-4961-86a7-0bdcbd3fef92	5	63291502	64000250	60	-0.2951
1387b6c7-48fe-4961-86a7-0bdcbd3fef92	5	64000973	64019477	15	0.1752
1387b6c7-48fe-4961-86a7-0bdcbd3fef92	5	64023760	64035282	10	-0.424
1387b6c7-48fe-4961-86a7-0bdcbd3fef92	5	64043339	64331521	120	0.1508
1387b6c7-48fe-4961-86a7-0bdcbd3fef92	5	64340544	64427103	22	0.5248
1387b6c7-48fe-4961-86a7-0bdcbd3fef92	5	64429208	64567263	74	0.1552
1387b6c7-48fe-4961-86a7-0bdcbd3fef92	5	64571723	64798206	167	-0.3031
1387b6c7-48fe-4961-86a7-0bdcbd3fef92	5	64798331	64828285	14	-0.0511
1387b6c7-48fe-4961-86a7-0bdcbd3fef92	5	64829540	65026586	83	0.427
1387b6c7-48fe-4961-86a7-0bdcbd3fef92	5	65034941	65159749	89	0.1383
1387b6c7-48fe-4961-86a7-0bdcbd3fef92	5	65160103	65200109	18	0.4493
1387b6c7-48fe-4961-86a7-0bdcbd3fef92	5	65200143	65288075	49	0.0997
1387b6c7-48fe-4961-86a7-0bdcbd3fef92	5	65288956	65296948	9	-0.6301
1387b6c7-48fe-4961-86a7-0bdcbd3fef92	5	65298172	65414000	53	0.0617
1387b6c7-48fe-4961-86a7-0bdcbd3fef92	5	65419102	65653484	127	-0.311
1387b6c7-48fe-4961-86a7-0bdcbd3fef92	5	65653767	65669090	9	-0.8716
1387b6c7-48fe-4961-86a7-0bdcbd3fef92	5	65673065	65703386	20	-0.2807
1387b6c7-48fe-4961-86a7-0bdcbd3fef92	5	65706887	65912050	155	0.3647
1387b6c7-48fe-4961-86a7-0bdcbd3fef92	5	65916941	66216877	144	-0.3043
1387b6c7-48fe-4961-86a7-0bdcbd3fef92	5	66223598	66319677	72	-0.8929
1387b6c7-48fe-4961-86a7-0bdcbd3fef92	5	66323185	66483439	123	-0.2289
1387b6c7-48fe-4961-86a7-0bdcbd3fef92	5	66484864	66489483	5	-1.0144
1387b6c7-48fe-4961-86a7-0bdcbd3fef92	5	66491590	66506712	11	-0.0949
1387b6c7-48fe-4961-86a7-0bdcbd3fef92	5	66510026	66928192	340	-0.89
1387b6c7-48fe-4961-86a7-0bdcbd3fef92	5	66928377	66946153	18	-0.2941
1387b6c7-48fe-4961-86a7-0bdcbd3fef92	5	66947203	66955645	8	-0.4806
1387b6c7-48fe-4961-86a7-0bdcbd3fef92	5	66959498	67035857	66	-1.0006
1387b6c7-48fe-4961-86a7-0bdcbd3fef92	5	67040136	67076694	30	-0.5568
1387b6c7-48fe-4961-86a7-0bdcbd3fef92	5	67077029	67101263	14	0.1607
1387b6c7-48fe-4961-86a7-0bdcbd3fef92	5	67102110	67117905	6	-0.2584
1387b6c7-48fe-4961-86a7-0bdcbd3fef92	5	67120874	67196584	63	0.2185
1387b6c7-48fe-4961-86a7-0bdcbd3fef92	5	67202655	67224671	28	-0.2659
1387b6c7-48fe-4961-86a7-0bdcbd3fef92	5	67230081	67237092	8	0.1824
1387b6c7-48fe-4961-86a7-0bdcbd3fef92	5	67240331	67249726	16	-0.1941
1387b6c7-48fe-4961-86a7-0bdcbd3fef92	5	67253813	67269406	16	-0.7117
1387b6c7-48fe-4961-86a7-0bdcbd3fef92	5	67272204	67283680	5	0.1173
1387b6c7-48fe-4961-86a7-0bdcbd3fef92	5	67283853	67373333	62	0.6512
1387b6c7-48fe-4961-86a7-0bdcbd3fef92	5	67377126	67387685	9	0.4788
1387b6c7-48fe-4961-86a7-0bdcbd3fef92	5	67392374	67400418	9	0.0534
1387b6c7-48fe-4961-86a7-0bdcbd3fef92	5	67400618	67535216	102	0.4186
1387b6c7-48fe-4961-86a7-0bdcbd3fef92	5	67536423	67549018	13	-0.2522
1387b6c7-48fe-4961-86a7-0bdcbd3fef92	5	67549272	67564513	6	0.3439
1387b6c7-48fe-4961-86a7-0bdcbd3fef92	5	67569191	67587437	15	-0.2092
1387b6c7-48fe-4961-86a7-0bdcbd3fef92	5	67589708	67642054	35	0.4608
1387b6c7-48fe-4961-86a7-0bdcbd3fef92	5	67648244	67724686	57	0.2477
1387b6c7-48fe-4961-86a7-0bdcbd3fef92	5	67743733	67748144	5	-0.7892
1387b6c7-48fe-4961-86a7-0bdcbd3fef92	5	67750269	68114430	269	0.1359
1387b6c7-48fe-4961-86a7-0bdcbd3fef92	5	68114788	68147772	24	-0.3706
1387b6c7-48fe-4961-86a7-0bdcbd3fef92	5	68149270	68283748	91	0.2138
1387b6c7-48fe-4961-86a7-0bdcbd3fef92	5	68287140	68304529	14	-0.5113
1387b6c7-48fe-4961-86a7-0bdcbd3fef92	5	68305723	68444249	94	0.0962
1387b6c7-48fe-4961-86a7-0bdcbd3fef92	5	68447678	68664098	133	-0.3634
1387b6c7-48fe-4961-86a7-0bdcbd3fef92	5	68664163	68761863	69	0.1278
1387b6c7-48fe-4961-86a7-0bdcbd3fef92	5	68762292	68795116	22	-0.2692
1387b6c7-48fe-4961-86a7-0bdcbd3fef92	5	68797431	68847291	37	0.1371
1387b6c7-48fe-4961-86a7-0bdcbd3fef92	5	68853830	69155128	179	0.4558
1387b6c7-48fe-4961-86a7-0bdcbd3fef92	5	69162939	69264043	34	0.0593
1387b6c7-48fe-4961-86a7-0bdcbd3fef92	5	69267602	69448492	78	-0.7598
1387b6c7-48fe-4961-86a7-0bdcbd3fef92	5	71364924	71407086	21	0.372
1387b6c7-48fe-4961-86a7-0bdcbd3fef92	5	71408250	71526989	57	0.6325
1387b6c7-48fe-4961-86a7-0bdcbd3fef92	5	71530704	71537513	8	0.0087
1387b6c7-48fe-4961-86a7-0bdcbd3fef92	5	71537685	71580765	20	0.4194
1387b6c7-48fe-4961-86a7-0bdcbd3fef92	5	71580766	71595641	9	0.104
1387b6c7-48fe-4961-86a7-0bdcbd3fef92	5	71596469	71667248	37	-0.2787
1387b6c7-48fe-4961-86a7-0bdcbd3fef92	5	71667984	71715079	58	-0.8729
1387b6c7-48fe-4961-86a7-0bdcbd3fef92	5	71721560	71731127	8	-0.3282
1387b6c7-48fe-4961-86a7-0bdcbd3fef92	5	71732179	71831970	58	0.1353
1387b6c7-48fe-4961-86a7-0bdcbd3fef92	5	71833311	71850386	21	0.4633
1387b6c7-48fe-4961-86a7-0bdcbd3fef92	5	71854585	72038149	141	0.7731
1387b6c7-48fe-4961-86a7-0bdcbd3fef92	5	72038300	72225724	126	0.416
1387b6c7-48fe-4961-86a7-0bdcbd3fef92	5	72228336	72270388	19	-0.1653
1387b6c7-48fe-4961-86a7-0bdcbd3fef92	5	72270668	72333060	29	0.2869
1387b6c7-48fe-4961-86a7-0bdcbd3fef92	5	72335497	72384869	29	-0.2152
1387b6c7-48fe-4961-86a7-0bdcbd3fef92	5	72394926	72840464	257	0.4756
1387b6c7-48fe-4961-86a7-0bdcbd3fef92	5	72840786	72995035	55	-0.4884
1387b6c7-48fe-4961-86a7-0bdcbd3fef92	5	72998631	73022797	16	-0.066
1387b6c7-48fe-4961-86a7-0bdcbd3fef92	5	73027881	73685478	451	0.6378
1387b6c7-48fe-4961-86a7-0bdcbd3fef92	5	73686045	73802200	98	0.0674
1387b6c7-48fe-4961-86a7-0bdcbd3fef92	5	73806040	73981078	142	-0.9208
1387b6c7-48fe-4961-86a7-0bdcbd3fef92	5	73981619	74227412	187	-0.2643
1387b6c7-48fe-4961-86a7-0bdcbd3fef92	5	74230209	74459137	224	-0.9427
1387b6c7-48fe-4961-86a7-0bdcbd3fef92	5	74465634	74554467	75	-0.3573
1387b6c7-48fe-4961-86a7-0bdcbd3fef92	5	74554528	74651339	68	0.0402
1387b6c7-48fe-4961-86a7-0bdcbd3fef92	5	74651717	74716066	33	0.445
1387b6c7-48fe-4961-86a7-0bdcbd3fef92	5	74716502	74843933	49	0.0993
1387b6c7-48fe-4961-86a7-0bdcbd3fef92	5	74845204	74868906	17	0.5553
1387b6c7-48fe-4961-86a7-0bdcbd3fef92	5	74869346	74927572	23	0.0111
1387b6c7-48fe-4961-86a7-0bdcbd3fef92	5	74927941	74987804	32	-0.884
1387b6c7-48fe-4961-86a7-0bdcbd3fef92	5	74991217	75005808	19	-0.1791
1387b6c7-48fe-4961-86a7-0bdcbd3fef92	5	75006833	75037152	9	-0.5333
1387b6c7-48fe-4961-86a7-0bdcbd3fef92	5	75042639	75045237	4	-0.9585
1387b6c7-48fe-4961-86a7-0bdcbd3fef92	5	75048640	75475792	135	0.1831
1387b6c7-48fe-4961-86a7-0bdcbd3fef92	5	75476423	75577407	36	-0.6564
1387b6c7-48fe-4961-86a7-0bdcbd3fef92	5	75584065	75689785	84	-0.2273
1387b6c7-48fe-4961-86a7-0bdcbd3fef92	5	75697685	75708769	13	-0.856
1387b6c7-48fe-4961-86a7-0bdcbd3fef92	5	75710182	75713756	4	0.1419
1387b6c7-48fe-4961-86a7-0bdcbd3fef92	5	75715992	76019502	225	0.4486
1387b6c7-48fe-4961-86a7-0bdcbd3fef92	5	76022324	76040980	13	-0.6259
1387b6c7-48fe-4961-86a7-0bdcbd3fef92	5	76041769	76113083	52	0.1827
1387b6c7-48fe-4961-86a7-0bdcbd3fef92	5	76114001	76120305	7	-0.8867
1387b6c7-48fe-4961-86a7-0bdcbd3fef92	5	76124542	76226072	79	0.4503
1387b6c7-48fe-4961-86a7-0bdcbd3fef92	5	76227817	76228514	4	-0.2802
1387b6c7-48fe-4961-86a7-0bdcbd3fef92	5	76234393	76245016	10	0.1521
1387b6c7-48fe-4961-86a7-0bdcbd3fef92	5	76248348	76259041	13	-0.2294
1387b6c7-48fe-4961-86a7-0bdcbd3fef92	5	76259306	76372726	94	0.185
1387b6c7-48fe-4961-86a7-0bdcbd3fef92	5	76376589	76390160	13	-0.3082
1387b6c7-48fe-4961-86a7-0bdcbd3fef92	5	76392435	76448467	49	0.0296
1387b6c7-48fe-4961-86a7-0bdcbd3fef92	5	76450474	76474594	17	-0.4493
1387b6c7-48fe-4961-86a7-0bdcbd3fef92	5	76475599	76620080	41	0.3959
1387b6c7-48fe-4961-86a7-0bdcbd3fef92	5	76620609	76712879	98	0.0272
1387b6c7-48fe-4961-86a7-0bdcbd3fef92	5	76717147	76863853	62	-0.3898
1387b6c7-48fe-4961-86a7-0bdcbd3fef92	5	76867988	76991615	65	0.1569
1387b6c7-48fe-4961-86a7-0bdcbd3fef92	5	76994635	77075840	46	-0.38
1387b6c7-48fe-4961-86a7-0bdcbd3fef92	5	77079542	77330916	166	0.0926
1387b6c7-48fe-4961-86a7-0bdcbd3fef92	5	77331611	77381133	42	-0.9915
1387b6c7-48fe-4961-86a7-0bdcbd3fef92	5	77388584	77513235	87	0.0867
1387b6c7-48fe-4961-86a7-0bdcbd3fef92	5	77513326	77802513	165	0.3856
1387b6c7-48fe-4961-86a7-0bdcbd3fef92	5	77803044	77840018	45	0.0528
1387b6c7-48fe-4961-86a7-0bdcbd3fef92	5	77840765	77851157	6	-0.8161
1387b6c7-48fe-4961-86a7-0bdcbd3fef92	5	77860068	77865234	11	-0.173
1387b6c7-48fe-4961-86a7-0bdcbd3fef92	5	77865780	78092048	145	0.2226
1387b6c7-48fe-4961-86a7-0bdcbd3fef92	5	78100538	78112537	8	-0.2723
1387b6c7-48fe-4961-86a7-0bdcbd3fef92	5	78117372	78155650	19	0.2491
1387b6c7-48fe-4961-86a7-0bdcbd3fef92	5	78159694	78168720	7	-0.1876
1387b6c7-48fe-4961-86a7-0bdcbd3fef92	5	78203742	78228430	21	0.2305
1387b6c7-48fe-4961-86a7-0bdcbd3fef92	5	78232247	78268747	8	-0.293
1387b6c7-48fe-4961-86a7-0bdcbd3fef92	5	78270900	78390566	57	0.454
1387b6c7-48fe-4961-86a7-0bdcbd3fef92	5	78396041	78404173	7	-0.2182
1387b6c7-48fe-4961-86a7-0bdcbd3fef92	5	78408569	78466028	42	0.1094
1387b6c7-48fe-4961-86a7-0bdcbd3fef92	5	78471048	78489201	21	0.376
1387b6c7-48fe-4961-86a7-0bdcbd3fef92	5	78490941	78511962	23	0.0644
1387b6c7-48fe-4961-86a7-0bdcbd3fef92	5	78513179	78740519	151	0.6239
1387b6c7-48fe-4961-86a7-0bdcbd3fef92	5	78742900	78847948	67	0.0945
1387b6c7-48fe-4961-86a7-0bdcbd3fef92	5	78854889	78874789	10	-0.9147
1387b6c7-48fe-4961-86a7-0bdcbd3fef92	5	78876559	78889019	7	0.4705
1387b6c7-48fe-4961-86a7-0bdcbd3fef92	5	78889102	78890807	6	-0.0169
1387b6c7-48fe-4961-86a7-0bdcbd3fef92	5	78897542	78975459	65	0.4116
1387b6c7-48fe-4961-86a7-0bdcbd3fef92	5	78976717	78987740	11	-0.405
1387b6c7-48fe-4961-86a7-0bdcbd3fef92	5	78988293	79002877	14	0.1147
1387b6c7-48fe-4961-86a7-0bdcbd3fef92	5	79010605	79044463	33	-0.3887
1387b6c7-48fe-4961-86a7-0bdcbd3fef92	5	79053114	79493832	203	0.2897
1387b6c7-48fe-4961-86a7-0bdcbd3fef92	5	79495576	79524605	10	-0.3647
1387b6c7-48fe-4961-86a7-0bdcbd3fef92	5	79527813	80044250	319	0.0807
1387b6c7-48fe-4961-86a7-0bdcbd3fef92	5	80045325	80204019	107	-0.4101
1387b6c7-48fe-4961-86a7-0bdcbd3fef92	5	80205073	80395066	98	0.4274
1387b6c7-48fe-4961-86a7-0bdcbd3fef92	5	80398287	80565701	71	0.2004
1387b6c7-48fe-4961-86a7-0bdcbd3fef92	5	80566383	80831217	159	0.4262
1387b6c7-48fe-4961-86a7-0bdcbd3fef92	5	80840162	81027752	135	0.1571
1387b6c7-48fe-4961-86a7-0bdcbd3fef92	5	81034146	81091732	48	-0.1609
1387b6c7-48fe-4961-86a7-0bdcbd3fef92	5	81093736	81117691	20	0.5063
1387b6c7-48fe-4961-86a7-0bdcbd3fef92	5	81120878	81131821	8	-0.328
1387b6c7-48fe-4961-86a7-0bdcbd3fef92	5	81132453	81171979	33	0.1008
1387b6c7-48fe-4961-86a7-0bdcbd3fef92	5	81172052	81362726	116	-0.1911
1387b6c7-48fe-4961-86a7-0bdcbd3fef92	5	81363738	81385587	6	-0.93
1387b6c7-48fe-4961-86a7-0bdcbd3fef92	5	81386896	81412384	15	-0.2345
1387b6c7-48fe-4961-86a7-0bdcbd3fef92	5	81413371	81467167	30	0.0593
1387b6c7-48fe-4961-86a7-0bdcbd3fef92	5	81467702	81476011	5	-0.855
1387b6c7-48fe-4961-86a7-0bdcbd3fef92	5	81479135	81604492	55	0.1159
1387b6c7-48fe-4961-86a7-0bdcbd3fef92	5	81604752	81801291	113	-0.2484
1387b6c7-48fe-4961-86a7-0bdcbd3fef92	5	81803102	81815863	12	-1.0682
1387b6c7-48fe-4961-86a7-0bdcbd3fef92	5	81832037	81911003	57	-0.2102
1387b6c7-48fe-4961-86a7-0bdcbd3fef92	5	81911309	82008480	52	0.137
1387b6c7-48fe-4961-86a7-0bdcbd3fef92	5	82017941	82072424	25	-0.3434
1387b6c7-48fe-4961-86a7-0bdcbd3fef92	5	82073373	82168007	30	0.1767
1387b6c7-48fe-4961-86a7-0bdcbd3fef92	5	82173263	82208101	28	0.4543
1387b6c7-48fe-4961-86a7-0bdcbd3fef92	5	82208114	82249978	19	0.1903
1387b6c7-48fe-4961-86a7-0bdcbd3fef92	5	82251099	82319531	40	-0.1386
1387b6c7-48fe-4961-86a7-0bdcbd3fef92	5	82319563	82361841	30	0.2002
1387b6c7-48fe-4961-86a7-0bdcbd3fef92	5	82365631	82526189	47	-0.2356
1387b6c7-48fe-4961-86a7-0bdcbd3fef92	5	82527581	82554475	22	-0.745
1387b6c7-48fe-4961-86a7-0bdcbd3fef92	5	82558128	82627086	56	-0.3815
1387b6c7-48fe-4961-86a7-0bdcbd3fef92	5	82631093	82663295	36	0.0721
1387b6c7-48fe-4961-86a7-0bdcbd3fef92	5	82666605	82681509	6	-0.6335
1387b6c7-48fe-4961-86a7-0bdcbd3fef92	5	82682104	82722759	34	0.1402
1387b6c7-48fe-4961-86a7-0bdcbd3fef92	5	82724189	82789103	50	0.4728
1387b6c7-48fe-4961-86a7-0bdcbd3fef92	5	82791892	82799614	10	0.1237
1387b6c7-48fe-4961-86a7-0bdcbd3fef92	5	82800852	83010316	147	0.4735
1387b6c7-48fe-4961-86a7-0bdcbd3fef92	5	83010537	83395469	210	0.2648
1387b6c7-48fe-4961-86a7-0bdcbd3fef92	5	83400323	83510255	57	-0.2348
1387b6c7-48fe-4961-86a7-0bdcbd3fef92	5	83512344	83528296	14	0.2303
1387b6c7-48fe-4961-86a7-0bdcbd3fef92	5	83529190	83860667	209	-0.2188
1387b6c7-48fe-4961-86a7-0bdcbd3fef92	5	83860681	83987135	93	0.3863
1387b6c7-48fe-4961-86a7-0bdcbd3fef92	5	83991391	84298894	127	0.6495
1387b6c7-48fe-4961-86a7-0bdcbd3fef92	5	84299326	84376070	47	0.4448
1387b6c7-48fe-4961-86a7-0bdcbd3fef92	5	84380827	84496273	59	0.1222
1387b6c7-48fe-4961-86a7-0bdcbd3fef92	5	84499134	84562671	23	-0.2874
1387b6c7-48fe-4961-86a7-0bdcbd3fef92	5	84568917	84620337	28	0.2378
1387b6c7-48fe-4961-86a7-0bdcbd3fef92	5	84623772	84651964	18	-0.256
1387b6c7-48fe-4961-86a7-0bdcbd3fef92	5	84653528	84658883	3	0.5842
1387b6c7-48fe-4961-86a7-0bdcbd3fef92	5	84663086	84822712	83	-0.224
1387b6c7-48fe-4961-86a7-0bdcbd3fef92	5	84823640	84828180	9	-1.0126
1387b6c7-48fe-4961-86a7-0bdcbd3fef92	5	84831096	84923390	51	0.0118
1387b6c7-48fe-4961-86a7-0bdcbd3fef92	5	84931560	84960369	23	0.3754
1387b6c7-48fe-4961-86a7-0bdcbd3fef92	5	84968631	84978735	7	-0.2589
1387b6c7-48fe-4961-86a7-0bdcbd3fef92	5	84979579	85029586	35	0.3345
1387b6c7-48fe-4961-86a7-0bdcbd3fef92	5	85033227	85040614	7	-0.538
1387b6c7-48fe-4961-86a7-0bdcbd3fef92	5	85042094	85293404	138	0.4434
1387b6c7-48fe-4961-86a7-0bdcbd3fef92	5	85295077	85325639	26	0.0359
1387b6c7-48fe-4961-86a7-0bdcbd3fef92	5	85325718	85567064	126	0.4198
1387b6c7-48fe-4961-86a7-0bdcbd3fef92	5	85569382	85668464	42	-0.2315
1387b6c7-48fe-4961-86a7-0bdcbd3fef92	5	85670766	85695320	14	0.1569
1387b6c7-48fe-4961-86a7-0bdcbd3fef92	5	85695379	85819193	60	-0.7335
1387b6c7-48fe-4961-86a7-0bdcbd3fef92	5	85834793	85857658	15	0.0811
1387b6c7-48fe-4961-86a7-0bdcbd3fef92	5	85858687	85958994	4	-0.6859
1387b6c7-48fe-4961-86a7-0bdcbd3fef92	5	85962228	86038135	39	0.0797
1387b6c7-48fe-4961-86a7-0bdcbd3fef92	5	86039480	86057826	7	-0.7063
1387b6c7-48fe-4961-86a7-0bdcbd3fef92	5	86062384	86309404	160	0.0963
1387b6c7-48fe-4961-86a7-0bdcbd3fef92	5	86309675	86377688	45	0.3667
1387b6c7-48fe-4961-86a7-0bdcbd3fef92	5	86386564	86451899	35	0.1143
1387b6c7-48fe-4961-86a7-0bdcbd3fef92	5	86455493	86653310	80	-0.1693
1387b6c7-48fe-4961-86a7-0bdcbd3fef92	5	86656847	86908746	166	-0.8878
1387b6c7-48fe-4961-86a7-0bdcbd3fef92	5	86910943	86966507	25	0.0611
1387b6c7-48fe-4961-86a7-0bdcbd3fef92	5	86969633	87103445	69	0.3939
1387b6c7-48fe-4961-86a7-0bdcbd3fef92	5	87103837	87350328	117	0.0955
1387b6c7-48fe-4961-86a7-0bdcbd3fef92	5	87357309	87484773	53	-0.7352
1387b6c7-48fe-4961-86a7-0bdcbd3fef92	5	87489364	87577691	38	0.0556
1387b6c7-48fe-4961-86a7-0bdcbd3fef92	5	87581628	87664844	41	-0.3905
1387b6c7-48fe-4961-86a7-0bdcbd3fef92	5	87681949	87792054	60	0.3706
1387b6c7-48fe-4961-86a7-0bdcbd3fef92	5	87792096	87796949	6	-0.1448
1387b6c7-48fe-4961-86a7-0bdcbd3fef92	5	87797992	88511120	362	0.3908
1387b6c7-48fe-4961-86a7-0bdcbd3fef92	5	88518624	88742573	112	0.6687
1387b6c7-48fe-4961-86a7-0bdcbd3fef92	5	88745465	88779019	22	0.3424
1387b6c7-48fe-4961-86a7-0bdcbd3fef92	5	88779332	88790307	10	-0.1001
1387b6c7-48fe-4961-86a7-0bdcbd3fef92	5	88799968	89011813	129	0.5412
1387b6c7-48fe-4961-86a7-0bdcbd3fef92	5	89012363	89024119	7	-0.2679
1387b6c7-48fe-4961-86a7-0bdcbd3fef92	5	89024591	89536993	255	0.2484
1387b6c7-48fe-4961-86a7-0bdcbd3fef92	5	89537433	89550252	14	-0.3637
1387b6c7-48fe-4961-86a7-0bdcbd3fef92	5	89552714	89650292	48	0.4286
1387b6c7-48fe-4961-86a7-0bdcbd3fef92	5	89654638	89697791	27	-0.3085
1387b6c7-48fe-4961-86a7-0bdcbd3fef92	5	89701373	90126042	183	0.4735
1387b6c7-48fe-4961-86a7-0bdcbd3fef92	5	90130439	90326178	100	-0.9336
1387b6c7-48fe-4961-86a7-0bdcbd3fef92	5	90326851	90330616	3	-2.718
1387b6c7-48fe-4961-86a7-0bdcbd3fef92	5	90331262	90416344	52	-0.9018
1387b6c7-48fe-4961-86a7-0bdcbd3fef92	5	90416621	132671972	23116	0.0062
1387b6c7-48fe-4961-86a7-0bdcbd3fef92	5	132672952	133092706	177	0.1784
1387b6c7-48fe-4961-86a7-0bdcbd3fef92	5	133099796	176936096	27743	0.0126
1387b6c7-48fe-4961-86a7-0bdcbd3fef92	5	176938353	177471618	239	0.5381
1387b6c7-48fe-4961-86a7-0bdcbd3fef92	5	177477215	180934240	1593	0.0253
1387b6c7-48fe-4961-86a7-0bdcbd3fef92	6	1011760	36634645	21243	0.0106
1387b6c7-48fe-4961-86a7-0bdcbd3fef92	6	36635437	37055242	328	0.2142
1387b6c7-48fe-4961-86a7-0bdcbd3fef92	6	37057660	43360087	4177	0.0145
1387b6c7-48fe-4961-86a7-0bdcbd3fef92	6	43363056	43418815	27	0.5297
1387b6c7-48fe-4961-86a7-0bdcbd3fef92	6	43420209	118036928	39926	0.0086
1387b6c7-48fe-4961-86a7-0bdcbd3fef92	6	118042626	119355069	442	0.5274
1387b6c7-48fe-4961-86a7-0bdcbd3fef92	6	119357291	129679265	6026	0.0061
1387b6c7-48fe-4961-86a7-0bdcbd3fef92	6	129680551	129735277	61	0.5087
1387b6c7-48fe-4961-86a7-0bdcbd3fef92	6	129736808	170596889	24784	0.0038
1387b6c7-48fe-4961-86a7-0bdcbd3fef92	7	664936	2340729	461	0.0417
1387b6c7-48fe-4961-86a7-0bdcbd3fef92	7	2412989	2449944	17	0.497
1387b6c7-48fe-4961-86a7-0bdcbd3fef92	7	2461301	5279456	1322	0.0347
1387b6c7-48fe-4961-86a7-0bdcbd3fef92	7	5287807	5709591	174	0.2441
1387b6c7-48fe-4961-86a7-0bdcbd3fef92	7	5999270	44009722	23209	0.0098
1387b6c7-48fe-4961-86a7-0bdcbd3fef92	7	44032262	44243472	93	0.5895
1387b6c7-48fe-4961-86a7-0bdcbd3fef92	7	44245500	95378828	23186	0.0186
1387b6c7-48fe-4961-86a7-0bdcbd3fef92	7	95398036	95894011	342	0.602
1387b6c7-48fe-4961-86a7-0bdcbd3fef92	7	95896987	96625041	433	0.0534
1387b6c7-48fe-4961-86a7-0bdcbd3fef92	7	96625108	96625207	2	-1.2705
1387b6c7-48fe-4961-86a7-0bdcbd3fef92	7	96632307	105864495	4294	0.0162
1387b6c7-48fe-4961-86a7-0bdcbd3fef92	7	105869434	106450609	456	0.493
1387b6c7-48fe-4961-86a7-0bdcbd3fef92	7	106459384	129294732	12082	0.0072
1387b6c7-48fe-4961-86a7-0bdcbd3fef92	7	129296975	129690176	168	0.4768
1387b6c7-48fe-4961-86a7-0bdcbd3fef92	7	129692689	137949526	5082	0.0059
1387b6c7-48fe-4961-86a7-0bdcbd3fef92	7	137962586	138256291	166	0.5466
1387b6c7-48fe-4961-86a7-0bdcbd3fef92	7	138257463	139063883	449	0.0004
1387b6c7-48fe-4961-86a7-0bdcbd3fef92	7	139065950	139555725	190	0.1789
1387b6c7-48fe-4961-86a7-0bdcbd3fef92	7	139558137	158592540	9732	0.0165
1387b6c7-48fe-4961-86a7-0bdcbd3fef92	8	667625	11332236	4974	0.0292
1387b6c7-48fe-4961-86a7-0bdcbd3fef92	8	11333025	11801118	269	0.5166
1387b6c7-48fe-4961-86a7-0bdcbd3fef92	8	12704441	50461980	21642	0.0208
1387b6c7-48fe-4961-86a7-0bdcbd3fef92	8	50466350	51624645	678	0.5573
1387b6c7-48fe-4961-86a7-0bdcbd3fef92	8	51627866	97797616	26753	0.0097
1387b6c7-48fe-4961-86a7-0bdcbd3fef92	8	97797966	98319230	360	0.1961
1387b6c7-48fe-4961-86a7-0bdcbd3fef92	8	98326477	110579246	6652	-0.0008
1387b6c7-48fe-4961-86a7-0bdcbd3fef92	8	110581465	110801090	120	-0.8612
1387b6c7-48fe-4961-86a7-0bdcbd3fef92	8	110812898	144182542	20669	0.0119
1387b6c7-48fe-4961-86a7-0bdcbd3fef92	9	789794	36137801	21812	-0.0111
1387b6c7-48fe-4961-86a7-0bdcbd3fef92	9	36138694	36308399	95	0.8507
1387b6c7-48fe-4961-86a7-0bdcbd3fef92	9	36310762	36801883	264	0.5678
1387b6c7-48fe-4961-86a7-0bdcbd3fef92	9	36803565	36809111	8	0.8014
1387b6c7-48fe-4961-86a7-0bdcbd3fef92	9	36809554	37024125	241	0.0252
1387b6c7-48fe-4961-86a7-0bdcbd3fef92	9	37029572	37034620	5	-1.5688
1387b6c7-48fe-4961-86a7-0bdcbd3fef92	9	37034672	98604239	21535	0.0174
1387b6c7-48fe-4961-86a7-0bdcbd3fef92	9	98604256	98753894	116	0.206
1387b6c7-48fe-4961-86a7-0bdcbd3fef92	9	98756160	98998959	198	0.3703
1387b6c7-48fe-4961-86a7-0bdcbd3fef92	9	98999822	99071052	44	0.182
1387b6c7-48fe-4961-86a7-0bdcbd3fef92	9	99071570	129898956	19993	0.0179
1387b6c7-48fe-4961-86a7-0bdcbd3fef92	9	129902663	130310147	207	0.5539
1387b6c7-48fe-4961-86a7-0bdcbd3fef92	9	130352602	138044505	3874	0.0228
1387b6c7-48fe-4961-86a7-0bdcbd3fef92	10	366509	77700382	46013	0.02
1387b6c7-48fe-4961-86a7-0bdcbd3fef92	10	77702422	78208884	332	0.2372
1387b6c7-48fe-4961-86a7-0bdcbd3fef92	10	78209391	79487437	1073	0.0324
1387b6c7-48fe-4961-86a7-0bdcbd3fef92	10	80248789	80260118	8	-0.8857
1387b6c7-48fe-4961-86a7-0bdcbd3fef92	10	80269316	94111898	8888	0.0269
1387b6c7-48fe-4961-86a7-0bdcbd3fef92	10	94112783	94121059	7	-0.9176
1387b6c7-48fe-4961-86a7-0bdcbd3fef92	10	94122622	133411599	24850	0.0334
1387b6c7-48fe-4961-86a7-0bdcbd3fef92	11	456012	1590921	333	0.0205
1387b6c7-48fe-4961-86a7-0bdcbd3fef92	11	1591404	2097889	105	0.6271
1387b6c7-48fe-4961-86a7-0bdcbd3fef92	11	2098340	61103360	32964	0.0136
1387b6c7-48fe-4961-86a7-0bdcbd3fef92	11	61111190	61318915	100	0.7059
1387b6c7-48fe-4961-86a7-0bdcbd3fef92	11	61321007	61575224	104	0.1853
1387b6c7-48fe-4961-86a7-0bdcbd3fef92	11	61575370	62651415	546	0.0138
1387b6c7-48fe-4961-86a7-0bdcbd3fef92	11	62654715	63055735	185	0.5787
1387b6c7-48fe-4961-86a7-0bdcbd3fef92	11	63057154	66513049	1018	0.0383
1387b6c7-48fe-4961-86a7-0bdcbd3fef92	11	66516516	66618280	29	0.6569
1387b6c7-48fe-4961-86a7-0bdcbd3fef92	11	66621315	66787273	49	0.0529
1387b6c7-48fe-4961-86a7-0bdcbd3fef92	11	66788361	67432612	239	0.5564
1387b6c7-48fe-4961-86a7-0bdcbd3fef92	11	67442550	73809850	2934	0.0129
1387b6c7-48fe-4961-86a7-0bdcbd3fef92	11	73810101	74012950	102	0.5167
1387b6c7-48fe-4961-86a7-0bdcbd3fef92	11	74016105	116661022	26630	0.0142
1387b6c7-48fe-4961-86a7-0bdcbd3fef92	11	116661233	116661348	2	-2.0327
1387b6c7-48fe-4961-86a7-0bdcbd3fef92	11	116661349	118138564	1001	0.0046
1387b6c7-48fe-4961-86a7-0bdcbd3fef92	11	118140175	118421087	173	0.5179
1387b6c7-48fe-4961-86a7-0bdcbd3fef92	11	118422510	118478567	79	1.165
1387b6c7-48fe-4961-86a7-0bdcbd3fef92	11	118478592	119322635	465	0.5188
1387b6c7-48fe-4961-86a7-0bdcbd3fef92	11	119326546	120090128	559	0.0092
1387b6c7-48fe-4961-86a7-0bdcbd3fef92	11	120090828	120090927	2	-1.406
1387b6c7-48fe-4961-86a7-0bdcbd3fef92	11	120090999	134272740	9816	0.0219
1387b6c7-48fe-4961-86a7-0bdcbd3fef92	12	780472	6287971	3528	0.0233
1387b6c7-48fe-4961-86a7-0bdcbd3fef92	12	6296412	6495188	102	0.5231
1387b6c7-48fe-4961-86a7-0bdcbd3fef92	12	6495939	55503755	25104	0.0092
1387b6c7-48fe-4961-86a7-0bdcbd3fef92	12	55503768	56056793	244	0.1739
1387b6c7-48fe-4961-86a7-0bdcbd3fef92	12	56060372	68721914	7735	0.0067
1387b6c7-48fe-4961-86a7-0bdcbd3fef92	12	68722360	70010138	902	0.5247
1387b6c7-48fe-4961-86a7-0bdcbd3fef92	12	70019943	109267413	24243	0.0086
1387b6c7-48fe-4961-86a7-0bdcbd3fef92	12	109270181	110171909	487	0.5568
1387b6c7-48fe-4961-86a7-0bdcbd3fef92	12	110181544	112738738	1260	0.0131
1387b6c7-48fe-4961-86a7-0bdcbd3fef92	12	112740601	113184501	310	0.5634
1387b6c7-48fe-4961-86a7-0bdcbd3fef92	12	113188614	113443252	98	0.9416
1387b6c7-48fe-4961-86a7-0bdcbd3fef92	12	113443359	113523936	34	0.6264
1387b6c7-48fe-4961-86a7-0bdcbd3fef92	12	113524480	119958895	4295	0.0306
1387b6c7-48fe-4961-86a7-0bdcbd3fef92	12	119961966	120770862	371	0.5441
1387b6c7-48fe-4961-86a7-0bdcbd3fef92	12	120773512	121796285	516	0.0408
1387b6c7-48fe-4961-86a7-0bdcbd3fef92	12	121809376	122209871	174	0.4486
1387b6c7-48fe-4961-86a7-0bdcbd3fef92	12	122220325	131167119	4363	0.0227
1387b6c7-48fe-4961-86a7-0bdcbd3fef92	12	131172672	132127961	458	0.5735
1387b6c7-48fe-4961-86a7-0bdcbd3fef92	12	132431226	132605822	32	-0.0533
1387b6c7-48fe-4961-86a7-0bdcbd3fef92	13	18874255	20665581	570	0.0186
1387b6c7-48fe-4961-86a7-0bdcbd3fef92	13	20665696	21848984	713	0.5482
1387b6c7-48fe-4961-86a7-0bdcbd3fef92	13	21850239	45899934	15795	0.0109
1387b6c7-48fe-4961-86a7-0bdcbd3fef92	13	45905252	47131961	852	0.5286
1387b6c7-48fe-4961-86a7-0bdcbd3fef92	13	47136162	114226675	38981	0.0099
1387b6c7-48fe-4961-86a7-0bdcbd3fef92	14	20033191	68750163	27123	0.0088
1387b6c7-48fe-4961-86a7-0bdcbd3fef92	14	68755665	68784198	19	0.5366
1387b6c7-48fe-4961-86a7-0bdcbd3fef92	14	68820874	73421121	2935	0.0137
1387b6c7-48fe-4961-86a7-0bdcbd3fef92	14	73424450	73889645	195	0.5199
1387b6c7-48fe-4961-86a7-0bdcbd3fef92	14	73890136	74927013	563	0.0115
1387b6c7-48fe-4961-86a7-0bdcbd3fef92	14	74936758	75480111	354	0.5059
1387b6c7-48fe-4961-86a7-0bdcbd3fef92	14	75481713	103403998	17862	0.0169
1387b6c7-48fe-4961-86a7-0bdcbd3fef92	14	103407878	103711111	152	0.5027
1387b6c7-48fe-4961-86a7-0bdcbd3fef92	14	103717631	105533894	512	0.0339
1387b6c7-48fe-4961-86a7-0bdcbd3fef92	15	23437561	41989592	9275	0.027
1387b6c7-48fe-4961-86a7-0bdcbd3fef92	15	41989607	41990471	2	-2.3871
1387b6c7-48fe-4961-86a7-0bdcbd3fef92	15	41992602	47819263	3052	0.0134
1387b6c7-48fe-4961-86a7-0bdcbd3fef92	15	47821105	47821383	2	-1.4443
1387b6c7-48fe-4961-86a7-0bdcbd3fef92	15	47821746	64610862	10996	0.0119
1387b6c7-48fe-4961-86a7-0bdcbd3fef92	15	64620532	64992033	151	0.2026
1387b6c7-48fe-4961-86a7-0bdcbd3fef92	15	64994508	67930702	1777	0.0007
1387b6c7-48fe-4961-86a7-0bdcbd3fef92	15	67931258	68179553	140	0.4861
1387b6c7-48fe-4961-86a7-0bdcbd3fef92	15	68186556	75457010	4198	0.0111
1387b6c7-48fe-4961-86a7-0bdcbd3fef92	15	75463126	76034453	213	0.4454
1387b6c7-48fe-4961-86a7-0bdcbd3fef92	15	76057289	87817289	6568	0.0049
1387b6c7-48fe-4961-86a7-0bdcbd3fef92	15	87817437	87818260	2	-3.9498
1387b6c7-48fe-4961-86a7-0bdcbd3fef92	15	87818391	101344124	8349	-0.0003
1387b6c7-48fe-4961-86a7-0bdcbd3fef92	16	603333	1223803	108	0.0134
1387b6c7-48fe-4961-86a7-0bdcbd3fef92	16	1238529	1869852	224	0.5609
1387b6c7-48fe-4961-86a7-0bdcbd3fef92	16	1873702	2128574	71	0.0381
1387b6c7-48fe-4961-86a7-0bdcbd3fef92	16	2182793	2541212	122	0.567
1387b6c7-48fe-4961-86a7-0bdcbd3fef92	16	2544037	28479172	12788	0.0351
1387b6c7-48fe-4961-86a7-0bdcbd3fef92	16	28479196	28620264	50	0.5925
1387b6c7-48fe-4961-86a7-0bdcbd3fef92	16	29078721	86170017	26148	0.03
1387b6c7-48fe-4961-86a7-0bdcbd3fef92	16	86170823	86171461	2	-2.1377
1387b6c7-48fe-4961-86a7-0bdcbd3fef92	16	86175542	87548384	1205	0.0365
1387b6c7-48fe-4961-86a7-0bdcbd3fef92	16	87549588	87876674	186	0.979
1387b6c7-48fe-4961-86a7-0bdcbd3fef92	16	87887210	88070485	96	1.5277
1387b6c7-48fe-4961-86a7-0bdcbd3fef92	16	88170123	88457407	111	0.9111
1387b6c7-48fe-4961-86a7-0bdcbd3fef92	16	88459366	89317317	39	-0.0533
1387b6c7-48fe-4961-86a7-0bdcbd3fef92	17	1074619	1356580	62	0.2751
1387b6c7-48fe-4961-86a7-0bdcbd3fef92	17	1360270	1499932	57	0.0261
1387b6c7-48fe-4961-86a7-0bdcbd3fef92	17	1526393	1970461	158	0.5963
1387b6c7-48fe-4961-86a7-0bdcbd3fef92	17	1981831	4311410	1194	0.0234
1387b6c7-48fe-4961-86a7-0bdcbd3fef92	17	4314045	4809322	167	0.2124
1387b6c7-48fe-4961-86a7-0bdcbd3fef92	17	4809587	17653119	6802	0.0297
1387b6c7-48fe-4961-86a7-0bdcbd3fef92	17	17661096	18255442	299	0.5095
1387b6c7-48fe-4961-86a7-0bdcbd3fef92	17	18271121	19274746	204	0.0441
1387b6c7-48fe-4961-86a7-0bdcbd3fef92	17	19283031	19856611	320	0.5823
1387b6c7-48fe-4961-86a7-0bdcbd3fef92	17	19856897	27947963	958	0.018
1387b6c7-48fe-4961-86a7-0bdcbd3fef92	17	27955549	28015195	39	0.5646
1387b6c7-48fe-4961-86a7-0bdcbd3fef92	17	28019785	28665349	261	-0.0041
1387b6c7-48fe-4961-86a7-0bdcbd3fef92	17	28666144	29922433	539	0.5762
1387b6c7-48fe-4961-86a7-0bdcbd3fef92	17	29929481	43574557	6082	0.0058
1387b6c7-48fe-4961-86a7-0bdcbd3fef92	17	43574708	43959505	233	0.5806
1387b6c7-48fe-4961-86a7-0bdcbd3fef92	17	43961919	47689638	1095	0.0288
1387b6c7-48fe-4961-86a7-0bdcbd3fef92	17	47691470	48118104	245	0.5992
1387b6c7-48fe-4961-86a7-0bdcbd3fef92	17	48127401	49612435	741	-0.0202
1387b6c7-48fe-4961-86a7-0bdcbd3fef92	17	49619458	50001833	179	0.5323
1387b6c7-48fe-4961-86a7-0bdcbd3fef92	17	50008480	50420887	225	0.0162
1387b6c7-48fe-4961-86a7-0bdcbd3fef92	17	50421190	50696131	149	0.5235
1387b6c7-48fe-4961-86a7-0bdcbd3fef92	17	50698510	50797667	47	0.98
1387b6c7-48fe-4961-86a7-0bdcbd3fef92	17	50805630	50810445	3	0.0149
1387b6c7-48fe-4961-86a7-0bdcbd3fef92	17	50812944	50832347	14	0.8626
1387b6c7-48fe-4961-86a7-0bdcbd3fef92	17	50838691	51479558	178	0.4844
1387b6c7-48fe-4961-86a7-0bdcbd3fef92	17	51487144	62290615	6423	0.0197
1387b6c7-48fe-4961-86a7-0bdcbd3fef92	17	62296214	62631590	141	0.2317
1387b6c7-48fe-4961-86a7-0bdcbd3fef92	17	62635646	73763821	6946	0.0258
1387b6c7-48fe-4961-86a7-0bdcbd3fef92	17	73767404	73769196	3	-1.892
1387b6c7-48fe-4961-86a7-0bdcbd3fef92	17	73769275	79796310	2263	0.0062
1387b6c7-48fe-4961-86a7-0bdcbd3fef92	17	79807926	80471506	332	0.5599
1387b6c7-48fe-4961-86a7-0bdcbd3fef92	17	80486912	82343577	556	0.003
1387b6c7-48fe-4961-86a7-0bdcbd3fef92	17	82358420	82411695	15	0.4322
1387b6c7-48fe-4961-86a7-0bdcbd3fef92	17	82415624	82888640	250	0.8986
1387b6c7-48fe-4961-86a7-0bdcbd3fef92	17	82890848	82959812	53	-0.003
1387b6c7-48fe-4961-86a7-0bdcbd3fef92	18	326691	79349796	42916	0.0195
1387b6c7-48fe-4961-86a7-0bdcbd3fef92	19	283868	6885312	1944	0.0323
1387b6c7-48fe-4961-86a7-0bdcbd3fef92	19	7112112	7554353	207	0.5021
1387b6c7-48fe-4961-86a7-0bdcbd3fef92	19	7557818	16017078	3946	0.0286
1387b6c7-48fe-4961-86a7-0bdcbd3fef92	19	16019794	16030485	4	-1.3593
1387b6c7-48fe-4961-86a7-0bdcbd3fef92	19	16031179	18642054	1129	0.0139
1387b6c7-48fe-4961-86a7-0bdcbd3fef92	19	18642155	19301937	268	0.5528
1387b6c7-48fe-4961-86a7-0bdcbd3fef92	19	19302283	19368011	27	0.0374
1387b6c7-48fe-4961-86a7-0bdcbd3fef92	19	19373308	19450186	39	0.5499
1387b6c7-48fe-4961-86a7-0bdcbd3fef92	19	19451793	23872082	1480	0.0272
1387b6c7-48fe-4961-86a7-0bdcbd3fef92	19	27749470	28266202	396	-0.834
1387b6c7-48fe-4961-86a7-0bdcbd3fef92	19	28266732	28297565	22	-0.0667
1387b6c7-48fe-4961-86a7-0bdcbd3fef92	19	28299092	28431623	121	-0.8466
1387b6c7-48fe-4961-86a7-0bdcbd3fef92	19	28432522	28860062	290	-0.1835
1387b6c7-48fe-4961-86a7-0bdcbd3fef92	19	28861192	28963999	91	-0.8667
1387b6c7-48fe-4961-86a7-0bdcbd3fef92	19	28964273	29061213	88	0.052
1387b6c7-48fe-4961-86a7-0bdcbd3fef92	19	29062526	29318944	211	-0.8973
1387b6c7-48fe-4961-86a7-0bdcbd3fef92	19	29319241	29339961	21	-0.3543
1387b6c7-48fe-4961-86a7-0bdcbd3fef92	19	29340634	29374174	35	0.1751
1387b6c7-48fe-4961-86a7-0bdcbd3fef92	19	29374438	30340250	674	0.7015
1387b6c7-48fe-4961-86a7-0bdcbd3fef92	19	30340902	30531552	144	0.2147
1387b6c7-48fe-4961-86a7-0bdcbd3fef92	19	30532435	30548109	22	-0.8733
1387b6c7-48fe-4961-86a7-0bdcbd3fef92	19	30550137	30655392	77	-0.1459
1387b6c7-48fe-4961-86a7-0bdcbd3fef92	19	30656961	33019136	1566	-0.8665
1387b6c7-48fe-4961-86a7-0bdcbd3fef92	19	33025535	33545742	312	0.1586
1387b6c7-48fe-4961-86a7-0bdcbd3fef92	19	33550043	33584624	42	0.656
1387b6c7-48fe-4961-86a7-0bdcbd3fef92	19	33586050	33632584	28	0.0061
1387b6c7-48fe-4961-86a7-0bdcbd3fef92	19	33639183	34026372	291	-0.8653
1387b6c7-48fe-4961-86a7-0bdcbd3fef92	19	34027111	34136070	77	0.176
1387b6c7-48fe-4961-86a7-0bdcbd3fef92	19	34136414	34195599	41	-0.7065
1387b6c7-48fe-4961-86a7-0bdcbd3fef92	19	34195879	34273735	50	0.2166
1387b6c7-48fe-4961-86a7-0bdcbd3fef92	19	34284453	34293854	7	-0.6409
1387b6c7-48fe-4961-86a7-0bdcbd3fef92	19	34296905	34318044	13	0.1594
1387b6c7-48fe-4961-86a7-0bdcbd3fef92	19	34324758	34539547	105	-0.8365
1387b6c7-48fe-4961-86a7-0bdcbd3fef92	19	34540234	34634002	71	0.179
1387b6c7-48fe-4961-86a7-0bdcbd3fef92	19	34644780	34692265	36	-0.7134
1387b6c7-48fe-4961-86a7-0bdcbd3fef92	19	34696016	34707982	3	-0.0145
1387b6c7-48fe-4961-86a7-0bdcbd3fef92	19	34708003	34726616	16	0.7802
1387b6c7-48fe-4961-86a7-0bdcbd3fef92	19	34730021	34743430	13	0.198
1387b6c7-48fe-4961-86a7-0bdcbd3fef92	19	34749492	34786285	33	0.7584
1387b6c7-48fe-4961-86a7-0bdcbd3fef92	19	34787519	34790484	3	1.2642
1387b6c7-48fe-4961-86a7-0bdcbd3fef92	19	34791150	34816159	16	0.6948
1387b6c7-48fe-4961-86a7-0bdcbd3fef92	19	34818915	35389988	354	0.1541
1387b6c7-48fe-4961-86a7-0bdcbd3fef92	19	35391557	35606426	146	-0.9176
1387b6c7-48fe-4961-86a7-0bdcbd3fef92	19	35606959	35968656	136	-0.2085
1387b6c7-48fe-4961-86a7-0bdcbd3fef92	19	35970119	36033547	28	0.5454
1387b6c7-48fe-4961-86a7-0bdcbd3fef92	19	36033959	36072847	19	0.1427
1387b6c7-48fe-4961-86a7-0bdcbd3fef92	19	36073856	36177766	44	0.7704
1387b6c7-48fe-4961-86a7-0bdcbd3fef92	19	36179396	36189171	7	-0.2807
1387b6c7-48fe-4961-86a7-0bdcbd3fef92	19	36195492	37097849	456	-0.7486
1387b6c7-48fe-4961-86a7-0bdcbd3fef92	19	37103889	37208281	37	0.1606
1387b6c7-48fe-4961-86a7-0bdcbd3fef92	19	37214443	37760216	240	-0.765
1387b6c7-48fe-4961-86a7-0bdcbd3fef92	19	37774726	37816169	24	-0.1245
1387b6c7-48fe-4961-86a7-0bdcbd3fef92	19	37819306	38225938	245	-0.8221
1387b6c7-48fe-4961-86a7-0bdcbd3fef92	19	38230683	38548246	162	0.1414
1387b6c7-48fe-4961-86a7-0bdcbd3fef92	19	38552249	38936201	182	-0.8462
1387b6c7-48fe-4961-86a7-0bdcbd3fef92	19	38962261	39214100	85	0.149
1387b6c7-48fe-4961-86a7-0bdcbd3fef92	19	39254056	40171467	462	1.0038
1387b6c7-48fe-4961-86a7-0bdcbd3fef92	19	40174313	40514158	192	1.4507
1387b6c7-48fe-4961-86a7-0bdcbd3fef92	19	40517604	40683628	36	1.0929
1387b6c7-48fe-4961-86a7-0bdcbd3fef92	19	40685770	40798912	65	0.7349
1387b6c7-48fe-4961-86a7-0bdcbd3fef92	19	40801151	41043061	72	-0.8916
1387b6c7-48fe-4961-86a7-0bdcbd3fef92	19	41046469	41268825	107	0.4714
1387b6c7-48fe-4961-86a7-0bdcbd3fef92	19	41269382	41370761	51	-0.2067
1387b6c7-48fe-4961-86a7-0bdcbd3fef92	19	41371697	41948195	273	0.1427
1387b6c7-48fe-4961-86a7-0bdcbd3fef92	19	41948531	42271778	94	-0.7736
1387b6c7-48fe-4961-86a7-0bdcbd3fef92	19	42296199	42309438	9	0.1744
1387b6c7-48fe-4961-86a7-0bdcbd3fef92	19	42319246	43494129	205	0.725
1387b6c7-48fe-4961-86a7-0bdcbd3fef92	19	43496317	43561730	40	1.3899
1387b6c7-48fe-4961-86a7-0bdcbd3fef92	19	43562217	44007237	317	1.2006
1387b6c7-48fe-4961-86a7-0bdcbd3fef92	19	44007437	44081006	53	0.8981
1387b6c7-48fe-4961-86a7-0bdcbd3fef92	19	44083776	44441181	204	1.2254
1387b6c7-48fe-4961-86a7-0bdcbd3fef92	19	44441388	44973321	285	1.4842
1387b6c7-48fe-4961-86a7-0bdcbd3fef92	19	44974124	47686916	1060	-0.8423
1387b6c7-48fe-4961-86a7-0bdcbd3fef92	19	47688482	47738727	21	0.0021
1387b6c7-48fe-4961-86a7-0bdcbd3fef92	19	47741312	58370362	4329	-0.8812
1387b6c7-48fe-4961-86a7-0bdcbd3fef92	20	472817	63588502	37509	0.025
1387b6c7-48fe-4961-86a7-0bdcbd3fef92	21	13974127	46262057	20571	0.1703
1387b6c7-48fe-4961-86a7-0bdcbd3fef92	22	16934932	21949041	863	0.1814
1387b6c7-48fe-4961-86a7-0bdcbd3fef92	22	23474170	24148227	293	0.7295
1387b6c7-48fe-4961-86a7-0bdcbd3fef92	22	24148515	24678071	155	0.1688
1387b6c7-48fe-4961-86a7-0bdcbd3fef92	22	24678072	25039585	235	0.8574
1387b6c7-48fe-4961-86a7-0bdcbd3fef92	22	25047897	25051821	4	1.6584
1387b6c7-48fe-4961-86a7-0bdcbd3fef92	22	25052326	28703697	2731	-0.9079
1387b6c7-48fe-4961-86a7-0bdcbd3fef92	22	28709427	29045017	209	0.0086
1387b6c7-48fe-4961-86a7-0bdcbd3fef92	22	29046678	29623737	336	-0.9211
1387b6c7-48fe-4961-86a7-0bdcbd3fef92	22	29625277	29843928	114	0.0203
1387b6c7-48fe-4961-86a7-0bdcbd3fef92	22	29844586	40670161	6428	-0.8871
1387b6c7-48fe-4961-86a7-0bdcbd3fef92	22	40670427	41267847	436	-0.0326
1387b6c7-48fe-4961-86a7-0bdcbd3fef92	22	41269298	48940621	5043	-0.9266
1387b6c7-48fe-4961-86a7-0bdcbd3fef92	X	3236359	17859014	5979	-0.0136
1387b6c7-48fe-4961-86a7-0bdcbd3fef92	X	17864899	18811512	431	0.9662
1387b6c7-48fe-4961-86a7-0bdcbd3fef92	X	18814070	47117551	13388	0.003
1387b6c7-48fe-4961-86a7-0bdcbd3fef92	X	47121071	47128179	3	-2.5995
1387b6c7-48fe-4961-86a7-0bdcbd3fef92	X	47128574	51001872	1552	-0.0218
1387b6c7-48fe-4961-86a7-0bdcbd3fef92	X	51002333	51002481	2	-4.2664
1387b6c7-48fe-4961-86a7-0bdcbd3fef92	X	51002677	123155946	27768	-0.0022
1387b6c7-48fe-4961-86a7-0bdcbd3fef92	X	123158149	123159587	3	-3.135
1387b6c7-48fe-4961-86a7-0bdcbd3fef92	X	123159807	128893533	2700	0.0127
1387b6c7-48fe-4961-86a7-0bdcbd3fef92	X	128893942	128895246	2	-4.358
1387b6c7-48fe-4961-86a7-0bdcbd3fef92	X	128895739	134954131	2765	-0.0082
1387b6c7-48fe-4961-86a7-0bdcbd3fef92	X	134954143	134972075	10	-1.3681
1387b6c7-48fe-4961-86a7-0bdcbd3fef92	X	134972876	150186340	7263	0.0057
1387b6c7-48fe-4961-86a7-0bdcbd3fef92	X	150186692	150186766	2	-4.0956
1387b6c7-48fe-4961-86a7-0bdcbd3fef92	X	150188645	154112550	1703	-0.0026
1387b6c7-48fe-4961-86a7-0bdcbd3fef92	X	154115256	154334428	33	1.0316
1387b6c7-48fe-4961-86a7-0bdcbd3fef92	X	154395856	155677414	70	-0.1016
