GDC_Aliquot	Chromosome	Start	End	Num_Probes	Segment_Mean
7428c2c2-e2da-440f-a761-0bc91f45e628	1	3301765	14485480	6187	0.5273
7428c2c2-e2da-440f-a761-0bc91f45e628	1	14488263	31051004	8779	0.0898
7428c2c2-e2da-440f-a761-0bc91f45e628	1	31063777	31244722	90	0.5044
7428c2c2-e2da-440f-a761-0bc91f45e628	1	31249109	32011168	374	0.1091
7428c2c2-e2da-440f-a761-0bc91f45e628	1	32017315	32137624	47	0.4652
7428c2c2-e2da-440f-a761-0bc91f45e628	1	32143004	40355826	4391	0.0793
7428c2c2-e2da-440f-a761-0bc91f45e628	1	40363956	40542674	72	0.4831
7428c2c2-e2da-440f-a761-0bc91f45e628	1	40544782	42932414	1431	0.0772
7428c2c2-e2da-440f-a761-0bc91f45e628	1	42932430	43273992	234	0.5091
7428c2c2-e2da-440f-a761-0bc91f45e628	1	43274492	43299010	23	0.0408
7428c2c2-e2da-440f-a761-0bc91f45e628	1	43308766	43592472	169	0.4672
7428c2c2-e2da-440f-a761-0bc91f45e628	1	43592610	43646161	38	0.0981
7428c2c2-e2da-440f-a761-0bc91f45e628	1	43648366	43663394	11	0.5529
7428c2c2-e2da-440f-a761-0bc91f45e628	1	43663428	43688808	17	0.1173
7428c2c2-e2da-440f-a761-0bc91f45e628	1	43693760	43715136	9	0.5461
7428c2c2-e2da-440f-a761-0bc91f45e628	1	43715701	43783007	34	0.1527
7428c2c2-e2da-440f-a761-0bc91f45e628	1	43783673	43799938	19	0.4897
7428c2c2-e2da-440f-a761-0bc91f45e628	1	43800749	43933504	76	0.0877
7428c2c2-e2da-440f-a761-0bc91f45e628	1	43943297	44009642	31	0.4559
7428c2c2-e2da-440f-a761-0bc91f45e628	1	44014053	44062778	29	0.0619
7428c2c2-e2da-440f-a761-0bc91f45e628	1	44068329	58307520	8298	0.5346
7428c2c2-e2da-440f-a761-0bc91f45e628	1	58308057	91321022	20787	0.581
7428c2c2-e2da-440f-a761-0bc91f45e628	1	91327260	91337198	23	0.0927
7428c2c2-e2da-440f-a761-0bc91f45e628	1	91337226	94886474	2083	0.5567
7428c2c2-e2da-440f-a761-0bc91f45e628	1	94886559	106674686	6601	0.5998
7428c2c2-e2da-440f-a761-0bc91f45e628	1	106675214	108971725	1402	0.5622
7428c2c2-e2da-440f-a761-0bc91f45e628	1	108972341	111475873	1486	0.5265
7428c2c2-e2da-440f-a761-0bc91f45e628	1	111476537	119984772	5363	-0.486
7428c2c2-e2da-440f-a761-0bc91f45e628	1	146716041	152288336	997	0.7916
7428c2c2-e2da-440f-a761-0bc91f45e628	1	152295561	153314040	656	0.8545
7428c2c2-e2da-440f-a761-0bc91f45e628	1	153314540	157087219	1724	0.7682
7428c2c2-e2da-440f-a761-0bc91f45e628	1	157087905	159744245	1774	0.1115
7428c2c2-e2da-440f-a761-0bc91f45e628	1	159744359	161396955	996	0.0606
7428c2c2-e2da-440f-a761-0bc91f45e628	1	161397337	185692408	16161	0.1255
7428c2c2-e2da-440f-a761-0bc91f45e628	1	185696095	197863202	7026	0.1823
7428c2c2-e2da-440f-a761-0bc91f45e628	1	197867511	200524062	1700	0.1409
7428c2c2-e2da-440f-a761-0bc91f45e628	1	200530735	208287271	4945	0.0818
7428c2c2-e2da-440f-a761-0bc91f45e628	1	208287445	213539438	3627	0.1448
7428c2c2-e2da-440f-a761-0bc91f45e628	1	213539631	219470307	4152	0.1795
7428c2c2-e2da-440f-a761-0bc91f45e628	1	219470449	221564175	1368	0.1353
7428c2c2-e2da-440f-a761-0bc91f45e628	1	221566468	236957430	9723	0.1152
7428c2c2-e2da-440f-a761-0bc91f45e628	1	236957732	243768408	4923	0.1494
7428c2c2-e2da-440f-a761-0bc91f45e628	1	243768437	243768638	4	-0.9121
7428c2c2-e2da-440f-a761-0bc91f45e628	1	243770656	247650984	1798	0.1164
7428c2c2-e2da-440f-a761-0bc91f45e628	2	480597	24425990	15524	0.1379
7428c2c2-e2da-440f-a761-0bc91f45e628	2	24426288	30762963	3422	0.1058
7428c2c2-e2da-440f-a761-0bc91f45e628	2	30763111	41942954	5924	0.1539
7428c2c2-e2da-440f-a761-0bc91f45e628	2	41943593	48682994	4326	0.1219
7428c2c2-e2da-440f-a761-0bc91f45e628	2	48683424	61416928	7040	0.1612
7428c2c2-e2da-440f-a761-0bc91f45e628	2	61419952	65184279	1848	0.1124
7428c2c2-e2da-440f-a761-0bc91f45e628	2	65188362	68210813	2160	0.1572
7428c2c2-e2da-440f-a761-0bc91f45e628	2	68211482	75880256	4299	0.1087
7428c2c2-e2da-440f-a761-0bc91f45e628	2	75881913	84869357	4832	0.1644
7428c2c2-e2da-440f-a761-0bc91f45e628	2	84869490	102724964	5091	0.1003
7428c2c2-e2da-440f-a761-0bc91f45e628	2	102725187	131547372	14548	0.135
7428c2c2-e2da-440f-a761-0bc91f45e628	2	131549017	133540276	765	0.0759
7428c2c2-e2da-440f-a761-0bc91f45e628	2	133540885	136375332	1714	0.0178
7428c2c2-e2da-440f-a761-0bc91f45e628	2	136375595	163948295	15749	0.0833
7428c2c2-e2da-440f-a761-0bc91f45e628	2	163950111	179139270	9406	0.142
7428c2c2-e2da-440f-a761-0bc91f45e628	2	179141325	194576250	7725	0.1702
7428c2c2-e2da-440f-a761-0bc91f45e628	2	194576294	208485583	7672	0.1291
7428c2c2-e2da-440f-a761-0bc91f45e628	2	208489760	216310768	4693	0.1625
7428c2c2-e2da-440f-a761-0bc91f45e628	2	216314008	220390417	2544	0.0947
7428c2c2-e2da-440f-a761-0bc91f45e628	2	220390649	230344884	6301	0.1502
7428c2c2-e2da-440f-a761-0bc91f45e628	2	230345073	233098540	1321	0.0687
7428c2c2-e2da-440f-a761-0bc91f45e628	2	233099259	238737824	3784	0.1074
7428c2c2-e2da-440f-a761-0bc91f45e628	2	238738211	241537572	1458	0.0619
7428c2c2-e2da-440f-a761-0bc91f45e628	3	2170634	2863959	201	-0.3958
7428c2c2-e2da-440f-a761-0bc91f45e628	3	2864228	9028189	3787	-0.4626
7428c2c2-e2da-440f-a761-0bc91f45e628	3	9028234	14978869	3861	-0.5228
7428c2c2-e2da-440f-a761-0bc91f45e628	3	14980306	18609166	2190	-0.479
7428c2c2-e2da-440f-a761-0bc91f45e628	3	18611113	36650040	10618	-0.4404
7428c2c2-e2da-440f-a761-0bc91f45e628	3	36650252	62647662	14121	-0.4861
7428c2c2-e2da-440f-a761-0bc91f45e628	3	62647881	62648792	2	-2.4883
7428c2c2-e2da-440f-a761-0bc91f45e628	3	62648858	71105645	6198	-0.4596
7428c2c2-e2da-440f-a761-0bc91f45e628	3	71105667	73462179	1682	-0.5316
7428c2c2-e2da-440f-a761-0bc91f45e628	3	73463670	73973804	417	-0.4818
7428c2c2-e2da-440f-a761-0bc91f45e628	3	73974973	96482331	9402	-0.4204
7428c2c2-e2da-440f-a761-0bc91f45e628	3	96482883	119224947	13013	0.1749
7428c2c2-e2da-440f-a761-0bc91f45e628	3	119225063	131611227	6834	0.1261
7428c2c2-e2da-440f-a761-0bc91f45e628	3	131611253	139041674	4241	0.1566
7428c2c2-e2da-440f-a761-0bc91f45e628	3	139043104	144588254	3076	0.5379
7428c2c2-e2da-440f-a761-0bc91f45e628	3	144588620	148773004	1898	0.6157
7428c2c2-e2da-440f-a761-0bc91f45e628	3	148773309	161561125	7201	0.5525
7428c2c2-e2da-440f-a761-0bc91f45e628	3	161565300	170515855	4204	0.5936
7428c2c2-e2da-440f-a761-0bc91f45e628	3	170524832	172794744	1268	0.4535
7428c2c2-e2da-440f-a761-0bc91f45e628	3	172803927	176553810	1683	0.5261
7428c2c2-e2da-440f-a761-0bc91f45e628	3	176557749	178784241	1133	0.4734
7428c2c2-e2da-440f-a761-0bc91f45e628	3	178785427	178785588	2	-1.2946
7428c2c2-e2da-440f-a761-0bc91f45e628	3	178785985	179827082	677	0.452
7428c2c2-e2da-440f-a761-0bc91f45e628	3	179834464	182915750	1613	0.4894
7428c2c2-e2da-440f-a761-0bc91f45e628	3	182915939	188631475	3139	0.4371
7428c2c2-e2da-440f-a761-0bc91f45e628	3	188632370	193842858	3265	0.4959
7428c2c2-e2da-440f-a761-0bc91f45e628	3	193845059	197771456	1334	0.4217
7428c2c2-e2da-440f-a761-0bc91f45e628	3	197772173	197812401	17	0.3213
7428c2c2-e2da-440f-a761-0bc91f45e628	4	1059384	11515812	5823	-0.5238
7428c2c2-e2da-440f-a761-0bc91f45e628	4	11517236	179107291	93344	-0.437
7428c2c2-e2da-440f-a761-0bc91f45e628	4	179112481	179642607	279	-1.8071
7428c2c2-e2da-440f-a761-0bc91f45e628	4	179651463	187842528	3926	-0.4667
7428c2c2-e2da-440f-a761-0bc91f45e628	5	913983	17308083	10807	0.1479
7428c2c2-e2da-440f-a761-0bc91f45e628	5	17312403	31642339	7636	0.1916
7428c2c2-e2da-440f-a761-0bc91f45e628	5	31645301	51120361	7855	0.1645
7428c2c2-e2da-440f-a761-0bc91f45e628	5	51120635	53430214	1388	0.2234
7428c2c2-e2da-440f-a761-0bc91f45e628	5	53434577	82240360	16181	0.1586
7428c2c2-e2da-440f-a761-0bc91f45e628	5	82241357	130878071	26467	0.1883
7428c2c2-e2da-440f-a761-0bc91f45e628	5	130880810	136015860	3117	0.131
7428c2c2-e2da-440f-a761-0bc91f45e628	5	136015993	136050011	22	-0.5595
7428c2c2-e2da-440f-a761-0bc91f45e628	5	136053382	143229960	3955	0.135
7428c2c2-e2da-440f-a761-0bc91f45e628	5	143230077	148323853	3215	0.1842
7428c2c2-e2da-440f-a761-0bc91f45e628	5	148324318	160716323	8241	0.1482
7428c2c2-e2da-440f-a761-0bc91f45e628	5	160716933	166321757	3434	0.195
7428c2c2-e2da-440f-a761-0bc91f45e628	5	166325910	166472736	92	-0.4198
7428c2c2-e2da-440f-a761-0bc91f45e628	5	166475674	168153170	1230	0.195
7428c2c2-e2da-440f-a761-0bc91f45e628	5	168160695	180934240	7413	0.1162
7428c2c2-e2da-440f-a761-0bc91f45e628	6	1011760	7871381	5085	0.1394
7428c2c2-e2da-440f-a761-0bc91f45e628	6	7874000	10296253	1722	0.1876
7428c2c2-e2da-440f-a761-0bc91f45e628	6	10296277	17246681	4758	0.1153
7428c2c2-e2da-440f-a761-0bc91f45e628	6	17247617	24556812	5158	0.1761
7428c2c2-e2da-440f-a761-0bc91f45e628	6	24558447	44420920	9620	0.0983
7428c2c2-e2da-440f-a761-0bc91f45e628	6	44421450	50682426	3612	0.1832
7428c2c2-e2da-440f-a761-0bc91f45e628	6	50683624	54011410	2187	0.138
7428c2c2-e2da-440f-a761-0bc91f45e628	6	54011553	61530738	1968	0.2101
7428c2c2-e2da-440f-a761-0bc91f45e628	6	61596503	87014678	14088	-0.4188
7428c2c2-e2da-440f-a761-0bc91f45e628	6	87018111	91008306	2554	-0.4761
7428c2c2-e2da-440f-a761-0bc91f45e628	6	91008869	105624948	7605	-0.4235
7428c2c2-e2da-440f-a761-0bc91f45e628	6	105627372	114100863	5302	-0.4808
7428c2c2-e2da-440f-a761-0bc91f45e628	6	114102592	133535619	11173	-0.4301
7428c2c2-e2da-440f-a761-0bc91f45e628	6	133537272	170596889	22215	-0.4678
7428c2c2-e2da-440f-a761-0bc91f45e628	7	664936	7604509	2714	0.1081
7428c2c2-e2da-440f-a761-0bc91f45e628	7	7605603	21802512	8091	0.1921
7428c2c2-e2da-440f-a761-0bc91f45e628	7	21805319	48136059	17046	0.1407
7428c2c2-e2da-440f-a761-0bc91f45e628	7	48139169	55030106	4744	0.1861
7428c2c2-e2da-440f-a761-0bc91f45e628	7	55032091	73420089	5119	0.132
7428c2c2-e2da-440f-a761-0bc91f45e628	7	73420826	76345506	828	0.068
7428c2c2-e2da-440f-a761-0bc91f45e628	7	76347689	77728096	393	0.1435
7428c2c2-e2da-440f-a761-0bc91f45e628	7	77728355	86665081	5437	0.2072
7428c2c2-e2da-440f-a761-0bc91f45e628	7	86665505	93129836	2809	0.1638
7428c2c2-e2da-440f-a761-0bc91f45e628	7	93130149	96823773	2217	0.1977
7428c2c2-e2da-440f-a761-0bc91f45e628	7	96823787	97808401	572	0.1587
7428c2c2-e2da-440f-a761-0bc91f45e628	7	97808735	102449027	1789	0.089
7428c2c2-e2da-440f-a761-0bc91f45e628	7	102449522	104919693	1337	0.1808
7428c2c2-e2da-440f-a761-0bc91f45e628	7	104920857	106519366	965	0.1047
7428c2c2-e2da-440f-a761-0bc91f45e628	7	106519631	107701246	651	0.1569
7428c2c2-e2da-440f-a761-0bc91f45e628	7	107704947	124902765	9167	0.1918
7428c2c2-e2da-440f-a761-0bc91f45e628	7	124906208	124940273	21	-0.7362
7428c2c2-e2da-440f-a761-0bc91f45e628	7	124943303	156522008	17027	0.1504
7428c2c2-e2da-440f-a761-0bc91f45e628	7	156527002	158592540	985	-0.4958
7428c2c2-e2da-440f-a761-0bc91f45e628	8	667625	13371686	5802	-0.4822
7428c2c2-e2da-440f-a761-0bc91f45e628	8	13373784	16675368	2334	-0.4246
7428c2c2-e2da-440f-a761-0bc91f45e628	8	16675676	21190354	3724	-0.4744
7428c2c2-e2da-440f-a761-0bc91f45e628	8	21190821	23412389	1262	-0.541
7428c2c2-e2da-440f-a761-0bc91f45e628	8	23412600	27283235	2750	-0.4566
7428c2c2-e2da-440f-a761-0bc91f45e628	8	27285081	29887418	1735	-0.5237
7428c2c2-e2da-440f-a761-0bc91f45e628	8	29887677	52047613	10210	-0.4653
7428c2c2-e2da-440f-a761-0bc91f45e628	8	52048465	74341948	13440	0.153
7428c2c2-e2da-440f-a761-0bc91f45e628	8	74348079	79696983	2918	0.2034
7428c2c2-e2da-440f-a761-0bc91f45e628	8	79698832	93934534	7665	0.1696
7428c2c2-e2da-440f-a761-0bc91f45e628	8	93937160	103376346	5709	0.1353
7428c2c2-e2da-440f-a761-0bc91f45e628	8	103379782	123076047	11328	0.1711
7428c2c2-e2da-440f-a761-0bc91f45e628	8	123077286	123110274	23	0.6343
7428c2c2-e2da-440f-a761-0bc91f45e628	8	123112619	123173236	51	1.1512
7428c2c2-e2da-440f-a761-0bc91f45e628	8	123173707	144182542	13200	0.8413
7428c2c2-e2da-440f-a761-0bc91f45e628	9	789794	32504318	19789	0.1688
7428c2c2-e2da-440f-a761-0bc91f45e628	9	32514197	68943208	4265	0.1076
7428c2c2-e2da-440f-a761-0bc91f45e628	9	68943584	70665041	1235	0.1665
7428c2c2-e2da-440f-a761-0bc91f45e628	9	70665729	74930021	2769	0.1991
7428c2c2-e2da-440f-a761-0bc91f45e628	9	74930322	84980819	7114	0.1562
7428c2c2-e2da-440f-a761-0bc91f45e628	9	84980856	99717968	9579	0.1221
7428c2c2-e2da-440f-a761-0bc91f45e628	9	99718640	101925709	1378	0.1625
7428c2c2-e2da-440f-a761-0bc91f45e628	9	101926608	106548278	2634	0.2213
7428c2c2-e2da-440f-a761-0bc91f45e628	9	106549928	113762456	5164	0.1847
7428c2c2-e2da-440f-a761-0bc91f45e628	9	113762609	113763108	2	-1.1288
7428c2c2-e2da-440f-a761-0bc91f45e628	9	113764761	115370201	1251	0.1662
7428c2c2-e2da-440f-a761-0bc91f45e628	9	115370372	116098328	406	0.2411
7428c2c2-e2da-440f-a761-0bc91f45e628	9	116098635	116099821	2	-1.3464
7428c2c2-e2da-440f-a761-0bc91f45e628	9	116103702	120041380	3122	0.196
7428c2c2-e2da-440f-a761-0bc91f45e628	9	120041451	123683072	2268	0.1627
7428c2c2-e2da-440f-a761-0bc91f45e628	9	123683757	138044505	7470	0.1148
7428c2c2-e2da-440f-a761-0bc91f45e628	10	366509	5315409	3204	0.0856
7428c2c2-e2da-440f-a761-0bc91f45e628	10	5317047	15589352	7940	0.0553
7428c2c2-e2da-440f-a761-0bc91f45e628	10	15589365	26142748	7126	0.1052
7428c2c2-e2da-440f-a761-0bc91f45e628	10	26144290	32106573	4117	0.0582
7428c2c2-e2da-440f-a761-0bc91f45e628	10	32107042	43127681	4304	0.1061
7428c2c2-e2da-440f-a761-0bc91f45e628	10	43127709	49238522	2629	0.1405
7428c2c2-e2da-440f-a761-0bc91f45e628	10	49239050	58007771	4724	0.1974
7428c2c2-e2da-440f-a761-0bc91f45e628	10	58009581	63939028	3960	0.1618
7428c2c2-e2da-440f-a761-0bc91f45e628	10	63939180	67554300	1932	0.2103
7428c2c2-e2da-440f-a761-0bc91f45e628	10	67555052	72373979	3052	0.1102
7428c2c2-e2da-440f-a761-0bc91f45e628	10	72375477	96796983	15000	0.1591
7428c2c2-e2da-440f-a761-0bc91f45e628	10	96797028	98432119	1015	0.099
7428c2c2-e2da-440f-a761-0bc91f45e628	10	98432615	100611624	1254	0.1642
7428c2c2-e2da-440f-a761-0bc91f45e628	10	100612079	103796445	1474	0.0906
7428c2c2-e2da-440f-a761-0bc91f45e628	10	103796581	129506985	18168	0.1541
7428c2c2-e2da-440f-a761-0bc91f45e628	10	129507572	131943731	873	0.1283
7428c2c2-e2da-440f-a761-0bc91f45e628	10	131951413	133411599	478	0.0998
7428c2c2-e2da-440f-a761-0bc91f45e628	11	456012	2185096	461	-0.0362
7428c2c2-e2da-440f-a761-0bc91f45e628	11	2187816	3953358	742	0.056
7428c2c2-e2da-440f-a761-0bc91f45e628	11	3960506	20329221	11486	0.106
7428c2c2-e2da-440f-a761-0bc91f45e628	11	20329465	29971909	6250	0.1555
7428c2c2-e2da-440f-a761-0bc91f45e628	11	29972644	35839624	3955	0.1122
7428c2c2-e2da-440f-a761-0bc91f45e628	11	35846157	43073826	4281	0.1532
7428c2c2-e2da-440f-a761-0bc91f45e628	11	43074047	48215001	2939	0.0839
7428c2c2-e2da-440f-a761-0bc91f45e628	11	48216467	58881982	2018	0.1495
7428c2c2-e2da-440f-a761-0bc91f45e628	11	58885509	60799354	1092	0.103
7428c2c2-e2da-440f-a761-0bc91f45e628	11	60811046	76842687	7119	0.0594
7428c2c2-e2da-440f-a761-0bc91f45e628	11	76842946	79392265	1576	0.1152
7428c2c2-e2da-440f-a761-0bc91f45e628	11	79392423	79594719	153	0.0454
7428c2c2-e2da-440f-a761-0bc91f45e628	11	79595297	106825324	16877	0.1467
7428c2c2-e2da-440f-a761-0bc91f45e628	11	106829405	115719860	5708	0.1077
7428c2c2-e2da-440f-a761-0bc91f45e628	11	115720647	121775872	4266	0.0465
7428c2c2-e2da-440f-a761-0bc91f45e628	11	121778771	127830205	4350	0.0912
7428c2c2-e2da-440f-a761-0bc91f45e628	11	127831113	127831179	2	-1.2728
7428c2c2-e2da-440f-a761-0bc91f45e628	11	127835448	128001511	90	0.1344
7428c2c2-e2da-440f-a761-0bc91f45e628	11	128011152	128011975	3	1.2158
7428c2c2-e2da-440f-a761-0bc91f45e628	11	128013591	134272740	4151	0.1052
7428c2c2-e2da-440f-a761-0bc91f45e628	12	780472	13211263	6786	0.111
7428c2c2-e2da-440f-a761-0bc91f45e628	12	13211826	16416783	2163	0.1613
7428c2c2-e2da-440f-a761-0bc91f45e628	12	16416827	20989681	2708	0.2039
7428c2c2-e2da-440f-a761-0bc91f45e628	12	20989696	47543496	12937	0.1637
7428c2c2-e2da-440f-a761-0bc91f45e628	12	47544118	48961253	758	0.1051
7428c2c2-e2da-440f-a761-0bc91f45e628	12	48964157	53962144	2561	0.0068
7428c2c2-e2da-440f-a761-0bc91f45e628	12	53962310	54249018	123	-0.2322
7428c2c2-e2da-440f-a761-0bc91f45e628	12	54249698	56187917	1054	0.0439
7428c2c2-e2da-440f-a761-0bc91f45e628	12	56190905	56616658	208	-0.1239
7428c2c2-e2da-440f-a761-0bc91f45e628	12	56616686	57956848	605	-0.3541
7428c2c2-e2da-440f-a761-0bc91f45e628	12	57963224	61563369	2289	-0.1337
7428c2c2-e2da-440f-a761-0bc91f45e628	12	61564734	62640635	624	-0.2864
7428c2c2-e2da-440f-a761-0bc91f45e628	12	62643854	72263867	6143	-0.3198
7428c2c2-e2da-440f-a761-0bc91f45e628	12	72263885	84056131	7107	-0.2817
7428c2c2-e2da-440f-a761-0bc91f45e628	12	84057045	84704638	429	-0.1752
7428c2c2-e2da-440f-a761-0bc91f45e628	12	84707159	85962847	705	-0.2915
7428c2c2-e2da-440f-a761-0bc91f45e628	12	85966201	85972786	5	-1.2252
7428c2c2-e2da-440f-a761-0bc91f45e628	12	85975573	87341626	582	-0.2667
7428c2c2-e2da-440f-a761-0bc91f45e628	12	87344288	89968331	1493	-0.1574
7428c2c2-e2da-440f-a761-0bc91f45e628	12	89968583	91606482	1014	-0.0335
7428c2c2-e2da-440f-a761-0bc91f45e628	12	91606551	91607449	2	-1.7143
7428c2c2-e2da-440f-a761-0bc91f45e628	12	91609421	97771961	4315	-0.057
7428c2c2-e2da-440f-a761-0bc91f45e628	12	97772750	98115811	232	-0.1861
7428c2c2-e2da-440f-a761-0bc91f45e628	12	98117549	109697959	7335	-0.0679
7428c2c2-e2da-440f-a761-0bc91f45e628	12	109700724	111478477	815	0.126
7428c2c2-e2da-440f-a761-0bc91f45e628	12	111478626	112656189	555	-0.0545
7428c2c2-e2da-440f-a761-0bc91f45e628	12	112663189	120036983	4861	0.1418
7428c2c2-e2da-440f-a761-0bc91f45e628	12	120037620	123367662	1490	0.0931
7428c2c2-e2da-440f-a761-0bc91f45e628	12	123373096	132605822	4412	0.1424
7428c2c2-e2da-440f-a761-0bc91f45e628	13	18874255	32334359	8171	-0.4887
7428c2c2-e2da-440f-a761-0bc91f45e628	13	32334576	36625673	2919	-0.1809
7428c2c2-e2da-440f-a761-0bc91f45e628	13	36627586	36887873	205	-0.8464
7428c2c2-e2da-440f-a761-0bc91f45e628	13	36887903	42550715	3796	-0.4429
7428c2c2-e2da-440f-a761-0bc91f45e628	13	42557699	48208369	3516	-0.3484
7428c2c2-e2da-440f-a761-0bc91f45e628	13	48211940	48494283	282	-1.3916
7428c2c2-e2da-440f-a761-0bc91f45e628	13	48498394	53425554	1988	-0.3756
7428c2c2-e2da-440f-a761-0bc91f45e628	13	53426108	80601489	14997	-0.3113
7428c2c2-e2da-440f-a761-0bc91f45e628	13	80602282	90728892	5643	-0.2625
7428c2c2-e2da-440f-a761-0bc91f45e628	13	90729651	110241513	13338	-0.3045
7428c2c2-e2da-440f-a761-0bc91f45e628	13	110242129	114226675	2050	-0.3795
7428c2c2-e2da-440f-a761-0bc91f45e628	14	20033191	24597388	1773	0.102
7428c2c2-e2da-440f-a761-0bc91f45e628	14	24598367	49440152	13387	0.1801
7428c2c2-e2da-440f-a761-0bc91f45e628	14	49440481	61968619	7982	0.1479
7428c2c2-e2da-440f-a761-0bc91f45e628	14	61972673	63433942	938	0.1936
7428c2c2-e2da-440f-a761-0bc91f45e628	14	63436838	78357958	9092	0.1173
7428c2c2-e2da-440f-a761-0bc91f45e628	14	78358865	88137497	6270	0.164
7428c2c2-e2da-440f-a761-0bc91f45e628	14	88137776	96704738	5532	0.1033
7428c2c2-e2da-440f-a761-0bc91f45e628	14	96704839	96705032	2	-1.3938
7428c2c2-e2da-440f-a761-0bc91f45e628	14	96705354	105533894	4771	0.0938
7428c2c2-e2da-440f-a761-0bc91f45e628	15	23437561	37035948	6335	0.1448
7428c2c2-e2da-440f-a761-0bc91f45e628	15	37036343	37144547	71	0.593
7428c2c2-e2da-440f-a761-0bc91f45e628	15	37145020	39125031	1378	0.1666
7428c2c2-e2da-440f-a761-0bc91f45e628	15	39125601	45766290	3138	0.1059
7428c2c2-e2da-440f-a761-0bc91f45e628	15	45766434	62843779	11411	0.1514
7428c2c2-e2da-440f-a761-0bc91f45e628	15	62846734	76415549	7713	0.0931
7428c2c2-e2da-440f-a761-0bc91f45e628	15	76417628	76533300	77	0.1847
7428c2c2-e2da-440f-a761-0bc91f45e628	15	76534421	76697443	51	0.5516
7428c2c2-e2da-440f-a761-0bc91f45e628	15	76699787	78155682	649	0.0963
7428c2c2-e2da-440f-a761-0bc91f45e628	15	78155697	78228866	48	0.478
7428c2c2-e2da-440f-a761-0bc91f45e628	15	78231945	80523516	1564	0.1134
7428c2c2-e2da-440f-a761-0bc91f45e628	15	80525808	80591684	47	0.5444
7428c2c2-e2da-440f-a761-0bc91f45e628	15	80592786	80750176	113	0.1259
7428c2c2-e2da-440f-a761-0bc91f45e628	15	80750475	80788706	27	0.5234
7428c2c2-e2da-440f-a761-0bc91f45e628	15	80790874	80860518	71	0.0804
7428c2c2-e2da-440f-a761-0bc91f45e628	15	80867283	81060949	136	0.5867
7428c2c2-e2da-440f-a761-0bc91f45e628	15	81061129	81836538	402	0.8468
7428c2c2-e2da-440f-a761-0bc91f45e628	15	81838342	81846437	6	0.499
7428c2c2-e2da-440f-a761-0bc91f45e628	15	81856804	87807309	3169	0.1501
7428c2c2-e2da-440f-a761-0bc91f45e628	15	87810862	87817437	4	-0.8349
7428c2c2-e2da-440f-a761-0bc91f45e628	15	87818260	91300668	2095	0.1103
7428c2c2-e2da-440f-a761-0bc91f45e628	15	91300853	91377292	70	0.4919
7428c2c2-e2da-440f-a761-0bc91f45e628	15	91377862	92568575	1071	0.1208
7428c2c2-e2da-440f-a761-0bc91f45e628	15	92570586	92619608	52	0.7171
7428c2c2-e2da-440f-a761-0bc91f45e628	15	92623183	92764792	117	0.1518
7428c2c2-e2da-440f-a761-0bc91f45e628	15	92770950	92881111	44	0.7891
7428c2c2-e2da-440f-a761-0bc91f45e628	15	92884062	92910935	10	-0.0089
7428c2c2-e2da-440f-a761-0bc91f45e628	15	92911085	94518825	591	0.5885
7428c2c2-e2da-440f-a761-0bc91f45e628	15	94529364	95368769	656	0.1731
7428c2c2-e2da-440f-a761-0bc91f45e628	15	95368887	95583388	153	0.5937
7428c2c2-e2da-440f-a761-0bc91f45e628	15	95589879	96117158	416	0.1716
7428c2c2-e2da-440f-a761-0bc91f45e628	15	96121478	99968164	2492	0.5712
7428c2c2-e2da-440f-a761-0bc91f45e628	15	100204464	100415538	41	0.1105
7428c2c2-e2da-440f-a761-0bc91f45e628	15	100416310	101344124	552	0.8493
7428c2c2-e2da-440f-a761-0bc91f45e628	16	603333	28589060	13362	-0.23
7428c2c2-e2da-440f-a761-0bc91f45e628	16	28590024	49061562	1907	-0.4336
7428c2c2-e2da-440f-a761-0bc91f45e628	16	49061591	51291657	1525	-0.5169
7428c2c2-e2da-440f-a761-0bc91f45e628	16	51293439	52134742	659	-0.4478
7428c2c2-e2da-440f-a761-0bc91f45e628	16	52137299	56726527	3415	0.1373
7428c2c2-e2da-440f-a761-0bc91f45e628	16	56727061	56727296	2	2.1726
7428c2c2-e2da-440f-a761-0bc91f45e628	16	56733371	58806980	1221	0.0982
7428c2c2-e2da-440f-a761-0bc91f45e628	16	58808347	66479415	5091	0.1707
7428c2c2-e2da-440f-a761-0bc91f45e628	16	66481059	71254872	1889	0.0921
7428c2c2-e2da-440f-a761-0bc91f45e628	16	71257044	71438801	116	-0.4622
7428c2c2-e2da-440f-a761-0bc91f45e628	16	71444243	74513093	1794	0.1371
7428c2c2-e2da-440f-a761-0bc91f45e628	16	74514462	74514744	2	-1.2819
7428c2c2-e2da-440f-a761-0bc91f45e628	16	74519603	75563431	512	0.1141
7428c2c2-e2da-440f-a761-0bc91f45e628	16	75568899	75834656	138	-0.464
7428c2c2-e2da-440f-a761-0bc91f45e628	16	75838000	76405748	435	-0.3688
7428c2c2-e2da-440f-a761-0bc91f45e628	16	76405902	82261518	4919	-0.488
7428c2c2-e2da-440f-a761-0bc91f45e628	16	82261886	82262921	2	-2.2657
7428c2c2-e2da-440f-a761-0bc91f45e628	16	82265629	82988478	730	-0.5001
7428c2c2-e2da-440f-a761-0bc91f45e628	16	83027806	83886998	892	0.1589
7428c2c2-e2da-440f-a761-0bc91f45e628	16	83887285	89317317	2563	0.0907
7428c2c2-e2da-440f-a761-0bc91f45e628	17	1074619	37763774	14676	-0.5063
7428c2c2-e2da-440f-a761-0bc91f45e628	17	38254377	50318621	5137	0.0681
7428c2c2-e2da-440f-a761-0bc91f45e628	17	50320743	55830157	3216	0.1368
7428c2c2-e2da-440f-a761-0bc91f45e628	17	55830444	68693704	7027	0.0996
7428c2c2-e2da-440f-a761-0bc91f45e628	17	68693775	73014001	3217	0.1478
7428c2c2-e2da-440f-a761-0bc91f45e628	17	73014830	82959812	3977	0.0602
7428c2c2-e2da-440f-a761-0bc91f45e628	18	326691	348699	20	-0.5318
7428c2c2-e2da-440f-a761-0bc91f45e628	18	350580	351114	2	-1.8492
7428c2c2-e2da-440f-a761-0bc91f45e628	18	351460	4802487	2269	-0.4354
7428c2c2-e2da-440f-a761-0bc91f45e628	18	4803912	25812306	8719	-0.4811
7428c2c2-e2da-440f-a761-0bc91f45e628	18	25812667	44456319	11217	-0.4361
7428c2c2-e2da-440f-a761-0bc91f45e628	18	44456913	51055793	4542	-0.4808
7428c2c2-e2da-440f-a761-0bc91f45e628	18	51055807	63965677	8472	-0.4469
7428c2c2-e2da-440f-a761-0bc91f45e628	18	63972337	74135027	4161	-0.3948
7428c2c2-e2da-440f-a761-0bc91f45e628	18	74141206	79349796	3516	-0.4858
7428c2c2-e2da-440f-a761-0bc91f45e628	19	283868	7698025	2203	-0.5386
7428c2c2-e2da-440f-a761-0bc91f45e628	19	7698159	7699886	2	-2.3836
7428c2c2-e2da-440f-a761-0bc91f45e628	19	7704680	27749470	6841	-0.4984
7428c2c2-e2da-440f-a761-0bc91f45e628	19	27749586	58370362	15093	0.0792
7428c2c2-e2da-440f-a761-0bc91f45e628	20	472817	1421517	519	0.0795
7428c2c2-e2da-440f-a761-0bc91f45e628	20	1421569	1482031	51	0.47
7428c2c2-e2da-440f-a761-0bc91f45e628	20	1482868	1507535	19	0.105
7428c2c2-e2da-440f-a761-0bc91f45e628	20	1508007	5280365	2407	-0.5227
7428c2c2-e2da-440f-a761-0bc91f45e628	20	5280486	8104424	1751	-0.4576
7428c2c2-e2da-440f-a761-0bc91f45e628	20	8104743	12070942	2702	0.1588
7428c2c2-e2da-440f-a761-0bc91f45e628	20	12072847	22848573	7703	-0.4868
7428c2c2-e2da-440f-a761-0bc91f45e628	20	22848882	22850741	2	-2.1221
7428c2c2-e2da-440f-a761-0bc91f45e628	20	22857512	26217295	1787	-0.5161
7428c2c2-e2da-440f-a761-0bc91f45e628	20	31247668	39276535	4138	0.0818
7428c2c2-e2da-440f-a761-0bc91f45e628	20	39277031	42669621	2365	0.1338
7428c2c2-e2da-440f-a761-0bc91f45e628	20	42669793	51832939	6005	0.0882
7428c2c2-e2da-440f-a761-0bc91f45e628	20	51836949	56356081	3261	0.141
7428c2c2-e2da-440f-a761-0bc91f45e628	20	56357370	63588502	4821	0.0898
7428c2c2-e2da-440f-a761-0bc91f45e628	21	13974127	31280579	11063	0.1705
7428c2c2-e2da-440f-a761-0bc91f45e628	21	31282294	46262057	9514	0.1165
7428c2c2-e2da-440f-a761-0bc91f45e628	22	16934932	37362324	10060	-0.0773
7428c2c2-e2da-440f-a761-0bc91f45e628	22	37362690	48940621	7018	0.1308
7428c2c2-e2da-440f-a761-0bc91f45e628	X	3236359	3395364	113	-0.0588
7428c2c2-e2da-440f-a761-0bc91f45e628	X	3395823	32386414	13372	0.0392
7428c2c2-e2da-440f-a761-0bc91f45e628	X	32386601	49853631	7326	-0.0121
7428c2c2-e2da-440f-a761-0bc91f45e628	X	49853699	49855511	2	-2.3351
7428c2c2-e2da-440f-a761-0bc91f45e628	X	49871771	52596544	1110	-0.0282
7428c2c2-e2da-440f-a761-0bc91f45e628	X	52602529	128389244	29796	0.0014
7428c2c2-e2da-440f-a761-0bc91f45e628	X	128586521	155677414	12071	-0.0292
