GDC_Aliquot	Chromosome	Start	End	Num_Probes	Segment_Mean
3550e483-fe1a-4a5f-a0ca-0560c7a43813	1	3301765	8164570	3107	-0.2648
3550e483-fe1a-4a5f-a0ca-0560c7a43813	1	8164896	8432644	132	0.1284
3550e483-fe1a-4a5f-a0ca-0560c7a43813	1	8435345	8945859	261	-0.3109
3550e483-fe1a-4a5f-a0ca-0560c7a43813	1	8947497	8958872	13	0.4515
3550e483-fe1a-4a5f-a0ca-0560c7a43813	1	8967332	9063353	56	0.1221
3550e483-fe1a-4a5f-a0ca-0560c7a43813	1	9067173	9344921	103	0.5067
3550e483-fe1a-4a5f-a0ca-0560c7a43813	1	9346920	9621080	128	-0.3517
3550e483-fe1a-4a5f-a0ca-0560c7a43813	1	9623763	10203089	220	0.1448
3550e483-fe1a-4a5f-a0ca-0560c7a43813	1	10209507	10244179	18	0.6725
3550e483-fe1a-4a5f-a0ca-0560c7a43813	1	10247395	10398382	99	0.1892
3550e483-fe1a-4a5f-a0ca-0560c7a43813	1	10408661	11077295	320	-0.2938
3550e483-fe1a-4a5f-a0ca-0560c7a43813	1	11080386	11132077	27	0.1675
3550e483-fe1a-4a5f-a0ca-0560c7a43813	1	11134534	15347773	2350	-0.2737
3550e483-fe1a-4a5f-a0ca-0560c7a43813	1	15351436	15381037	31	0.1737
3550e483-fe1a-4a5f-a0ca-0560c7a43813	1	15383617	16365669	391	-0.2994
3550e483-fe1a-4a5f-a0ca-0560c7a43813	1	16370590	16410856	19	0.2022
3550e483-fe1a-4a5f-a0ca-0560c7a43813	1	16413458	16459673	24	0.4846
3550e483-fe1a-4a5f-a0ca-0560c7a43813	1	16467652	21202342	2822	-0.2706
3550e483-fe1a-4a5f-a0ca-0560c7a43813	1	21205583	21332392	57	0.124
3550e483-fe1a-4a5f-a0ca-0560c7a43813	1	21333982	21453405	17	0.6982
3550e483-fe1a-4a5f-a0ca-0560c7a43813	1	21457487	21503843	33	0.1893
3550e483-fe1a-4a5f-a0ca-0560c7a43813	1	21508618	23116979	897	-0.2826
3550e483-fe1a-4a5f-a0ca-0560c7a43813	1	23117620	23610549	291	0.1768
3550e483-fe1a-4a5f-a0ca-0560c7a43813	1	23612522	30251780	3046	-0.3021
3550e483-fe1a-4a5f-a0ca-0560c7a43813	1	30253727	30272363	2	-2.0485
3550e483-fe1a-4a5f-a0ca-0560c7a43813	1	30274729	32627734	1155	-0.2721
3550e483-fe1a-4a5f-a0ca-0560c7a43813	1	32628062	33193446	230	0.1711
3550e483-fe1a-4a5f-a0ca-0560c7a43813	1	33196557	33460366	141	-0.2895
3550e483-fe1a-4a5f-a0ca-0560c7a43813	1	33464746	33480084	12	0.3551
3550e483-fe1a-4a5f-a0ca-0560c7a43813	1	33482491	37226604	2211	-0.2578
3550e483-fe1a-4a5f-a0ca-0560c7a43813	1	37228387	38180036	454	0.1644
3550e483-fe1a-4a5f-a0ca-0560c7a43813	1	38180293	41030342	1499	-0.2761
3550e483-fe1a-4a5f-a0ca-0560c7a43813	1	41032636	41639547	371	0.5476
3550e483-fe1a-4a5f-a0ca-0560c7a43813	1	41643079	41946367	249	-0.2755
3550e483-fe1a-4a5f-a0ca-0560c7a43813	1	41950845	42322729	204	0.2098
3550e483-fe1a-4a5f-a0ca-0560c7a43813	1	42323584	45750099	1861	-0.281
3550e483-fe1a-4a5f-a0ca-0560c7a43813	1	45755945	45850516	45	0.1713
3550e483-fe1a-4a5f-a0ca-0560c7a43813	1	45852675	50470438	2417	-0.2442
3550e483-fe1a-4a5f-a0ca-0560c7a43813	1	50472176	50474090	2	-2.6747
3550e483-fe1a-4a5f-a0ca-0560c7a43813	1	50474269	54854229	2222	-0.2733
3550e483-fe1a-4a5f-a0ca-0560c7a43813	1	54857494	54920561	42	0.1274
3550e483-fe1a-4a5f-a0ca-0560c7a43813	1	54921689	109564422	33848	-0.2445
3550e483-fe1a-4a5f-a0ca-0560c7a43813	1	109571607	109633358	25	0.2315
3550e483-fe1a-4a5f-a0ca-0560c7a43813	1	109718120	119979978	6561	-0.2667
3550e483-fe1a-4a5f-a0ca-0560c7a43813	1	119981279	150891045	353	0.4759
3550e483-fe1a-4a5f-a0ca-0560c7a43813	1	150893765	151195484	112	0.7037
3550e483-fe1a-4a5f-a0ca-0560c7a43813	1	151198313	151962904	364	0.4784
3550e483-fe1a-4a5f-a0ca-0560c7a43813	1	151962923	152864958	478	0.5757
3550e483-fe1a-4a5f-a0ca-0560c7a43813	1	152867032	152871451	2	1.8011
3550e483-fe1a-4a5f-a0ca-0560c7a43813	1	152872109	153238306	291	0.5978
3550e483-fe1a-4a5f-a0ca-0560c7a43813	1	153238332	153928787	305	0.4843
3550e483-fe1a-4a5f-a0ca-0560c7a43813	1	153932130	154984186	541	0.1603
3550e483-fe1a-4a5f-a0ca-0560c7a43813	1	154987406	155466690	201	0.4194
3550e483-fe1a-4a5f-a0ca-0560c7a43813	1	155474904	156208528	290	0.1158
3550e483-fe1a-4a5f-a0ca-0560c7a43813	1	156211665	156216047	5	-0.8921
3550e483-fe1a-4a5f-a0ca-0560c7a43813	1	156217762	156254513	20	-0.3154
3550e483-fe1a-4a5f-a0ca-0560c7a43813	1	156257740	156966490	340	0.1388
3550e483-fe1a-4a5f-a0ca-0560c7a43813	1	156969023	162073920	3185	0.1899
3550e483-fe1a-4a5f-a0ca-0560c7a43813	1	162077763	165329947	2541	0.2498
3550e483-fe1a-4a5f-a0ca-0560c7a43813	1	165330095	186735394	13873	0.1964
3550e483-fe1a-4a5f-a0ca-0560c7a43813	1	186738054	197608735	6285	0.2295
3550e483-fe1a-4a5f-a0ca-0560c7a43813	1	197610555	199809815	1337	0.202
3550e483-fe1a-4a5f-a0ca-0560c7a43813	1	199809828	201947304	1464	0.1473
3550e483-fe1a-4a5f-a0ca-0560c7a43813	1	201950546	202007352	33	0.6875
3550e483-fe1a-4a5f-a0ca-0560c7a43813	1	202017856	205323562	2198	0.1455
3550e483-fe1a-4a5f-a0ca-0560c7a43813	1	205323647	206366301	446	0.501
3550e483-fe1a-4a5f-a0ca-0560c7a43813	1	206370728	212585262	4339	0.1909
3550e483-fe1a-4a5f-a0ca-0560c7a43813	1	212585748	212586151	3	-1.5664
3550e483-fe1a-4a5f-a0ca-0560c7a43813	1	212587219	213009342	298	0.1063
3550e483-fe1a-4a5f-a0ca-0560c7a43813	1	213010741	220128816	4904	0.2248
3550e483-fe1a-4a5f-a0ca-0560c7a43813	1	220133925	220134962	2	-1.6586
3550e483-fe1a-4a5f-a0ca-0560c7a43813	1	220139080	234676278	9179	0.1946
3550e483-fe1a-4a5f-a0ca-0560c7a43813	1	234677529	235825266	612	0.4802
3550e483-fe1a-4a5f-a0ca-0560c7a43813	1	235837271	247650984	7555	0.1956
3550e483-fe1a-4a5f-a0ca-0560c7a43813	2	480597	3011940	1026	0.2297
3550e483-fe1a-4a5f-a0ca-0560c7a43813	2	3012753	3014892	2	-1.2473
3550e483-fe1a-4a5f-a0ca-0560c7a43813	2	3015921	3464574	164	0.1848
3550e483-fe1a-4a5f-a0ca-0560c7a43813	2	3468587	3780503	270	0.5633
3550e483-fe1a-4a5f-a0ca-0560c7a43813	2	3801922	25835129	14696	0.2079
3550e483-fe1a-4a5f-a0ca-0560c7a43813	2	25840906	26116244	106	0.4645
3550e483-fe1a-4a5f-a0ca-0560c7a43813	2	26117165	30525839	2491	0.1627
3550e483-fe1a-4a5f-a0ca-0560c7a43813	2	30525867	36913402	3417	0.218
3550e483-fe1a-4a5f-a0ca-0560c7a43813	2	36913557	38256654	437	0.1753
3550e483-fe1a-4a5f-a0ca-0560c7a43813	2	38257044	38519314	174	0.5115
3550e483-fe1a-4a5f-a0ca-0560c7a43813	2	38521941	39498386	500	0.156
3550e483-fe1a-4a5f-a0ca-0560c7a43813	2	39499771	42069081	1663	0.2317
3550e483-fe1a-4a5f-a0ca-0560c7a43813	2	42069289	49114345	4456	0.1721
3550e483-fe1a-4a5f-a0ca-0560c7a43813	2	49114862	59901849	5954	0.2183
3550e483-fe1a-4a5f-a0ca-0560c7a43813	2	59902591	63806647	1975	0.1745
3550e483-fe1a-4a5f-a0ca-0560c7a43813	2	63811222	64300241	147	0.513
3550e483-fe1a-4a5f-a0ca-0560c7a43813	2	64302743	64471263	166	0.8217
3550e483-fe1a-4a5f-a0ca-0560c7a43813	2	64472003	65067953	363	0.5079
3550e483-fe1a-4a5f-a0ca-0560c7a43813	2	65068913	65153268	46	0.1082
3550e483-fe1a-4a5f-a0ca-0560c7a43813	2	65153606	65479191	172	0.4903
3550e483-fe1a-4a5f-a0ca-0560c7a43813	2	65479232	80171163	8513	0.2036
3550e483-fe1a-4a5f-a0ca-0560c7a43813	2	80171358	80274968	88	-0.2677
3550e483-fe1a-4a5f-a0ca-0560c7a43813	2	80275615	84921604	2557	0.2155
3550e483-fe1a-4a5f-a0ca-0560c7a43813	2	84921963	98156898	2272	0.1416
3550e483-fe1a-4a5f-a0ca-0560c7a43813	2	98157041	105020100	4139	0.1971
3550e483-fe1a-4a5f-a0ca-0560c7a43813	2	105020973	105304311	187	0.5682
3550e483-fe1a-4a5f-a0ca-0560c7a43813	2	105306403	105308624	4	-0.3052
3550e483-fe1a-4a5f-a0ca-0560c7a43813	2	105308854	105917231	511	0.5474
3550e483-fe1a-4a5f-a0ca-0560c7a43813	2	105917505	111955492	2695	0.2008
3550e483-fe1a-4a5f-a0ca-0560c7a43813	2	111959802	112085667	87	0.5587
3550e483-fe1a-4a5f-a0ca-0560c7a43813	2	112085793	126541708	7299	0.2059
3550e483-fe1a-4a5f-a0ca-0560c7a43813	2	126542176	136692979	5157	0.1781
3550e483-fe1a-4a5f-a0ca-0560c7a43813	2	136696129	194854741	32708	0.2077
3550e483-fe1a-4a5f-a0ca-0560c7a43813	2	195351205	196880835	883	0.516
3550e483-fe1a-4a5f-a0ca-0560c7a43813	2	196888421	197473123	317	0.7809
3550e483-fe1a-4a5f-a0ca-0560c7a43813	2	197473784	200765420	1984	0.5454
3550e483-fe1a-4a5f-a0ca-0560c7a43813	2	200765467	203623753	1254	0.4805
3550e483-fe1a-4a5f-a0ca-0560c7a43813	2	203623924	218298063	9184	0.5438
3550e483-fe1a-4a5f-a0ca-0560c7a43813	2	218300371	219689503	659	0.4595
3550e483-fe1a-4a5f-a0ca-0560c7a43813	2	219689630	231022112	7224	0.5412
3550e483-fe1a-4a5f-a0ca-0560c7a43813	2	231028020	231029200	3	1.2259
3550e483-fe1a-4a5f-a0ca-0560c7a43813	2	231035480	231504690	212	0.7351
3550e483-fe1a-4a5f-a0ca-0560c7a43813	2	231597793	232315703	328	0.9442
3550e483-fe1a-4a5f-a0ca-0560c7a43813	2	232319832	241537572	5622	0.1837
3550e483-fe1a-4a5f-a0ca-0560c7a43813	3	2170634	9730156	4427	-0.2418
3550e483-fe1a-4a5f-a0ca-0560c7a43813	3	9733306	9794129	27	0.1803
3550e483-fe1a-4a5f-a0ca-0560c7a43813	3	9796602	13039476	2090	-0.2765
3550e483-fe1a-4a5f-a0ca-0560c7a43813	3	13039636	13755933	486	0.1997
3550e483-fe1a-4a5f-a0ca-0560c7a43813	3	13756752	19672237	3487	-0.2576
3550e483-fe1a-4a5f-a0ca-0560c7a43813	3	19673268	19674583	2	-1.9335
3550e483-fe1a-4a5f-a0ca-0560c7a43813	3	19675707	28184717	4860	-0.2343
3550e483-fe1a-4a5f-a0ca-0560c7a43813	3	28184830	28189353	2	-2.0439
3550e483-fe1a-4a5f-a0ca-0560c7a43813	3	28189818	37297271	5662	-0.2483
3550e483-fe1a-4a5f-a0ca-0560c7a43813	3	37306477	37629888	238	0.2058
3550e483-fe1a-4a5f-a0ca-0560c7a43813	3	37632412	47916506	5826	-0.2588
3550e483-fe1a-4a5f-a0ca-0560c7a43813	3	47916547	48250233	121	0.1481
3550e483-fe1a-4a5f-a0ca-0560c7a43813	3	48254498	49284594	375	-0.3323
3550e483-fe1a-4a5f-a0ca-0560c7a43813	3	49289152	49416401	44	0.1358
3550e483-fe1a-4a5f-a0ca-0560c7a43813	3	49416679	49463907	14	0.546
3550e483-fe1a-4a5f-a0ca-0560c7a43813	3	49471896	49777978	111	0.1228
3550e483-fe1a-4a5f-a0ca-0560c7a43813	3	49779332	51818569	857	-0.2935
3550e483-fe1a-4a5f-a0ca-0560c7a43813	3	51818835	52538431	255	0.156
3550e483-fe1a-4a5f-a0ca-0560c7a43813	3	52544372	53183934	348	-0.2847
3550e483-fe1a-4a5f-a0ca-0560c7a43813	3	53190213	53447687	133	0.2144
3550e483-fe1a-4a5f-a0ca-0560c7a43813	3	53448624	71186977	11658	-0.231
3550e483-fe1a-4a5f-a0ca-0560c7a43813	3	71196540	73017715	1302	-0.3019
3550e483-fe1a-4a5f-a0ca-0560c7a43813	3	73019957	81944942	4901	-0.2103
3550e483-fe1a-4a5f-a0ca-0560c7a43813	3	81945354	81945791	2	-2.0262
3550e483-fe1a-4a5f-a0ca-0560c7a43813	3	81946010	89783189	3818	-0.2184
3550e483-fe1a-4a5f-a0ca-0560c7a43813	3	89792404	90085716	95	0.631
3550e483-fe1a-4a5f-a0ca-0560c7a43813	3	90087153	124012020	16924	-0.2414
3550e483-fe1a-4a5f-a0ca-0560c7a43813	3	124013487	124073040	27	0.2175
3550e483-fe1a-4a5f-a0ca-0560c7a43813	3	124073882	125049522	723	-0.2438
3550e483-fe1a-4a5f-a0ca-0560c7a43813	3	125049982	125122169	51	0.2209
3550e483-fe1a-4a5f-a0ca-0560c7a43813	3	125129058	129105189	2225	-0.2652
3550e483-fe1a-4a5f-a0ca-0560c7a43813	3	129108211	129185033	27	0.0939
3550e483-fe1a-4a5f-a0ca-0560c7a43813	3	129192002	129243380	18	0.7359
3550e483-fe1a-4a5f-a0ca-0560c7a43813	3	129247783	129404138	60	0.1841
3550e483-fe1a-4a5f-a0ca-0560c7a43813	3	129406254	129480724	44	0.6052
3550e483-fe1a-4a5f-a0ca-0560c7a43813	3	129484351	138674028	5158	-0.2522
3550e483-fe1a-4a5f-a0ca-0560c7a43813	3	138675462	140851879	1443	0.2461
3550e483-fe1a-4a5f-a0ca-0560c7a43813	3	140852583	145540896	2316	-0.2513
3550e483-fe1a-4a5f-a0ca-0560c7a43813	3	145545823	145551013	6	0.862
3550e483-fe1a-4a5f-a0ca-0560c7a43813	3	145560647	154093277	4576	-0.2511
3550e483-fe1a-4a5f-a0ca-0560c7a43813	3	154095881	163821622	4906	0.2303
3550e483-fe1a-4a5f-a0ca-0560c7a43813	3	163823390	163873967	32	-1.0604
3550e483-fe1a-4a5f-a0ca-0560c7a43813	3	163874417	171113322	3580	0.2248
3550e483-fe1a-4a5f-a0ca-0560c7a43813	3	171115043	172076305	441	0.5571
3550e483-fe1a-4a5f-a0ca-0560c7a43813	3	172083225	183409000	5889	0.2309
3550e483-fe1a-4a5f-a0ca-0560c7a43813	3	184179380	184704124	196	0.5009
3550e483-fe1a-4a5f-a0ca-0560c7a43813	3	184704890	188407553	2509	0.2032
3550e483-fe1a-4a5f-a0ca-0560c7a43813	3	188407660	192949348	2906	0.2644
3550e483-fe1a-4a5f-a0ca-0560c7a43813	3	192953625	197812401	1848	0.2038
3550e483-fe1a-4a5f-a0ca-0560c7a43813	4	1059384	2226028	393	0.1562
3550e483-fe1a-4a5f-a0ca-0560c7a43813	4	2226456	2707468	197	0.5206
3550e483-fe1a-4a5f-a0ca-0560c7a43813	4	2714313	25439210	14756	0.238
3550e483-fe1a-4a5f-a0ca-0560c7a43813	4	25445165	26455809	652	0.1488
3550e483-fe1a-4a5f-a0ca-0560c7a43813	4	26456420	38304537	7242	0.2465
3550e483-fe1a-4a5f-a0ca-0560c7a43813	4	38304612	40854049	1334	0.1585
3550e483-fe1a-4a5f-a0ca-0560c7a43813	4	40862050	56966541	7059	0.2273
3550e483-fe1a-4a5f-a0ca-0560c7a43813	4	56970992	58160827	810	-0.2335
3550e483-fe1a-4a5f-a0ca-0560c7a43813	4	58161040	58425191	111	0.222
3550e483-fe1a-4a5f-a0ca-0560c7a43813	4	58425452	59283499	492	-0.1957
3550e483-fe1a-4a5f-a0ca-0560c7a43813	4	59286551	59730061	271	0.2807
3550e483-fe1a-4a5f-a0ca-0560c7a43813	4	59730382	59751112	16	-0.2746
3550e483-fe1a-4a5f-a0ca-0560c7a43813	4	59751660	60158977	225	0.3078
3550e483-fe1a-4a5f-a0ca-0560c7a43813	4	60162791	65242109	2594	-0.2097
3550e483-fe1a-4a5f-a0ca-0560c7a43813	4	65242365	66406828	726	0.2818
3550e483-fe1a-4a5f-a0ca-0560c7a43813	4	66407673	82780092	9005	-0.245
3550e483-fe1a-4a5f-a0ca-0560c7a43813	4	82782888	82848918	38	0.2043
3550e483-fe1a-4a5f-a0ca-0560c7a43813	4	82849143	115984652	18725	-0.2427
3550e483-fe1a-4a5f-a0ca-0560c7a43813	4	115985290	115989337	2	-2.1345
3550e483-fe1a-4a5f-a0ca-0560c7a43813	4	115989469	147773420	17171	-0.2354
3550e483-fe1a-4a5f-a0ca-0560c7a43813	4	147774156	147862028	43	-0.9762
3550e483-fe1a-4a5f-a0ca-0560c7a43813	4	147864235	180604429	18246	-0.2433
3550e483-fe1a-4a5f-a0ca-0560c7a43813	4	181157671	181238603	66	-1.0398
3550e483-fe1a-4a5f-a0ca-0560c7a43813	4	181242754	181343406	91	-3.8094
3550e483-fe1a-4a5f-a0ca-0560c7a43813	4	181344123	182342129	809	-1.0438
3550e483-fe1a-4a5f-a0ca-0560c7a43813	4	182351159	183629556	382	-0.2818
3550e483-fe1a-4a5f-a0ca-0560c7a43813	4	184172093	184600783	319	0.1811
3550e483-fe1a-4a5f-a0ca-0560c7a43813	4	184752665	185508820	101	-0.2611
3550e483-fe1a-4a5f-a0ca-0560c7a43813	4	185508837	185509340	2	-1.581
3550e483-fe1a-4a5f-a0ca-0560c7a43813	4	185509347	187842528	1466	-0.2323
3550e483-fe1a-4a5f-a0ca-0560c7a43813	5	913983	1418311	118	0.5225
3550e483-fe1a-4a5f-a0ca-0560c7a43813	5	1419420	16612256	10278	0.5998
3550e483-fe1a-4a5f-a0ca-0560c7a43813	5	16612376	17758171	501	0.53
3550e483-fe1a-4a5f-a0ca-0560c7a43813	5	17758483	31269421	7219	0.267
3550e483-fe1a-4a5f-a0ca-0560c7a43813	5	31271226	43651970	7257	0.2348
3550e483-fe1a-4a5f-a0ca-0560c7a43813	5	43652625	55187441	3481	0.2663
3550e483-fe1a-4a5f-a0ca-0560c7a43813	5	55192996	57595865	1484	0.1951
3550e483-fe1a-4a5f-a0ca-0560c7a43813	5	57596125	58630155	696	0.246
3550e483-fe1a-4a5f-a0ca-0560c7a43813	5	58632691	59884408	924	0.6164
3550e483-fe1a-4a5f-a0ca-0560c7a43813	5	59887878	60504594	284	0.8383
3550e483-fe1a-4a5f-a0ca-0560c7a43813	5	60505272	64791196	2074	0.5786
3550e483-fe1a-4a5f-a0ca-0560c7a43813	5	64792362	86589541	11900	0.2268
3550e483-fe1a-4a5f-a0ca-0560c7a43813	5	86591443	86595025	2	-1.4632
3550e483-fe1a-4a5f-a0ca-0560c7a43813	5	86598764	99167137	6580	0.2298
3550e483-fe1a-4a5f-a0ca-0560c7a43813	5	100226861	100305931	44	-1.1129
3550e483-fe1a-4a5f-a0ca-0560c7a43813	5	100342956	113568831	7399	0.2459
3550e483-fe1a-4a5f-a0ca-0560c7a43813	5	113580701	113619634	20	0.6673
3550e483-fe1a-4a5f-a0ca-0560c7a43813	5	113652570	130782432	10023	0.237
3550e483-fe1a-4a5f-a0ca-0560c7a43813	5	130789406	132444263	858	0.1707
3550e483-fe1a-4a5f-a0ca-0560c7a43813	5	132444463	133465817	579	0.5472
3550e483-fe1a-4a5f-a0ca-0560c7a43813	5	133468420	133980091	460	0.2182
3550e483-fe1a-4a5f-a0ca-0560c7a43813	5	133980495	134090347	72	0.4403
3550e483-fe1a-4a5f-a0ca-0560c7a43813	5	134091458	135053099	458	0.1588
3550e483-fe1a-4a5f-a0ca-0560c7a43813	5	135054692	135330110	217	0.5884
3550e483-fe1a-4a5f-a0ca-0560c7a43813	5	135336740	138009951	1829	0.2372
3550e483-fe1a-4a5f-a0ca-0560c7a43813	5	138014789	143719828	2979	0.1733
3550e483-fe1a-4a5f-a0ca-0560c7a43813	5	143720711	149283973	3593	0.2409
3550e483-fe1a-4a5f-a0ca-0560c7a43813	5	149286035	151864202	1710	0.1734
3550e483-fe1a-4a5f-a0ca-0560c7a43813	5	151865792	154437273	1741	0.2418
3550e483-fe1a-4a5f-a0ca-0560c7a43813	5	154442596	155024889	300	0.5211
3550e483-fe1a-4a5f-a0ca-0560c7a43813	5	155026260	177248329	14272	0.221
3550e483-fe1a-4a5f-a0ca-0560c7a43813	5	177248350	177565673	127	0.5302
3550e483-fe1a-4a5f-a0ca-0560c7a43813	5	177570076	180934240	1568	0.1938
3550e483-fe1a-4a5f-a0ca-0560c7a43813	6	1011760	13220183	8821	0.2185
3550e483-fe1a-4a5f-a0ca-0560c7a43813	6	13220487	18184782	3241	0.1788
3550e483-fe1a-4a5f-a0ca-0560c7a43813	6	18186316	18226470	46	0.5248
3550e483-fe1a-4a5f-a0ca-0560c7a43813	6	18226592	18273740	79	0.3523
3550e483-fe1a-4a5f-a0ca-0560c7a43813	6	18278346	18527863	188	0.5557
3550e483-fe1a-4a5f-a0ca-0560c7a43813	6	18530300	22042530	2464	0.2132
3550e483-fe1a-4a5f-a0ca-0560c7a43813	6	22043580	22903102	711	0.2567
3550e483-fe1a-4a5f-a0ca-0560c7a43813	6	22905088	22909104	5	0.99
3550e483-fe1a-4a5f-a0ca-0560c7a43813	6	22909651	23789330	635	0.2608
3550e483-fe1a-4a5f-a0ca-0560c7a43813	6	23789469	30561845	2929	0.1949
3550e483-fe1a-4a5f-a0ca-0560c7a43813	6	30574075	30845320	67	0.513
3550e483-fe1a-4a5f-a0ca-0560c7a43813	6	30849724	33056877	277	0.1834
3550e483-fe1a-4a5f-a0ca-0560c7a43813	6	33061660	33421687	116	0.4461
3550e483-fe1a-4a5f-a0ca-0560c7a43813	6	33429292	36932217	1902	0.1643
3550e483-fe1a-4a5f-a0ca-0560c7a43813	6	36933011	37034236	98	0.4825
3550e483-fe1a-4a5f-a0ca-0560c7a43813	6	37034406	37641328	375	0.1651
3550e483-fe1a-4a5f-a0ca-0560c7a43813	6	37641529	37665248	14	0.742
3550e483-fe1a-4a5f-a0ca-0560c7a43813	6	37665296	37985363	185	0.5204
3550e483-fe1a-4a5f-a0ca-0560c7a43813	6	37986212	38018691	19	0.7597
3550e483-fe1a-4a5f-a0ca-0560c7a43813	6	38020088	41595419	2656	0.2391
3550e483-fe1a-4a5f-a0ca-0560c7a43813	6	41598075	43442100	985	0.1493
3550e483-fe1a-4a5f-a0ca-0560c7a43813	6	43442973	43546984	38	0.4265
3550e483-fe1a-4a5f-a0ca-0560c7a43813	6	43549425	43820118	136	0.7547
3550e483-fe1a-4a5f-a0ca-0560c7a43813	6	43824337	43868128	30	1.1851
3550e483-fe1a-4a5f-a0ca-0560c7a43813	6	43871692	43924060	38	0.8302
3550e483-fe1a-4a5f-a0ca-0560c7a43813	6	43924453	44160881	131	0.5246
3550e483-fe1a-4a5f-a0ca-0560c7a43813	6	44161145	54035075	5982	0.2252
3550e483-fe1a-4a5f-a0ca-0560c7a43813	6	54035922	66771454	4584	0.2717
3550e483-fe1a-4a5f-a0ca-0560c7a43813	6	66771667	67467585	490	-0.2299
3550e483-fe1a-4a5f-a0ca-0560c7a43813	6	67467742	70308764	1660	0.2506
3550e483-fe1a-4a5f-a0ca-0560c7a43813	6	70309161	87299662	9453	-0.2465
3550e483-fe1a-4a5f-a0ca-0560c7a43813	6	87306933	88223837	581	0.2038
3550e483-fe1a-4a5f-a0ca-0560c7a43813	6	88224063	105363632	9262	-0.2477
3550e483-fe1a-4a5f-a0ca-0560c7a43813	6	105364104	111719463	3854	-0.3031
3550e483-fe1a-4a5f-a0ca-0560c7a43813	6	111720270	117822909	3547	-0.2538
3550e483-fe1a-4a5f-a0ca-0560c7a43813	6	117824317	118816495	266	0.1926
3550e483-fe1a-4a5f-a0ca-0560c7a43813	6	118816865	133844880	9166	-0.249
3550e483-fe1a-4a5f-a0ca-0560c7a43813	6	133845109	159850464	16514	-0.2847
3550e483-fe1a-4a5f-a0ca-0560c7a43813	6	159852667	170596889	5462	-0.259
3550e483-fe1a-4a5f-a0ca-0560c7a43813	7	664936	7127209	2317	0.1687
3550e483-fe1a-4a5f-a0ca-0560c7a43813	7	7127996	8495856	888	0.2091
3550e483-fe1a-4a5f-a0ca-0560c7a43813	7	8496254	16478570	4898	0.2542
3550e483-fe1a-4a5f-a0ca-0560c7a43813	7	16479258	32398385	9901	0.2234
3550e483-fe1a-4a5f-a0ca-0560c7a43813	7	32399039	33395431	492	0.5798
3550e483-fe1a-4a5f-a0ca-0560c7a43813	7	33395765	45053840	7156	0.2246
3550e483-fe1a-4a5f-a0ca-0560c7a43813	7	45063688	45115855	42	0.5711
3550e483-fe1a-4a5f-a0ca-0560c7a43813	7	45116181	53082329	5682	0.2415
3550e483-fe1a-4a5f-a0ca-0560c7a43813	7	53085165	53085236	3	-1.294
3550e483-fe1a-4a5f-a0ca-0560c7a43813	7	53086120	65749868	2682	0.2245
3550e483-fe1a-4a5f-a0ca-0560c7a43813	7	65754259	66262101	137	0.4692
3550e483-fe1a-4a5f-a0ca-0560c7a43813	7	66265811	72920136	3466	0.2019
3550e483-fe1a-4a5f-a0ca-0560c7a43813	7	72928921	73989467	229	0.4379
3550e483-fe1a-4a5f-a0ca-0560c7a43813	7	73991125	74242145	106	0.1299
3550e483-fe1a-4a5f-a0ca-0560c7a43813	7	74249785	74510677	101	0.8742
3550e483-fe1a-4a5f-a0ca-0560c7a43813	7	74510784	75415813	81	0.2819
3550e483-fe1a-4a5f-a0ca-0560c7a43813	7	75421037	75758713	134	0.4595
3550e483-fe1a-4a5f-a0ca-0560c7a43813	7	75760363	77838142	667	0.1516
3550e483-fe1a-4a5f-a0ca-0560c7a43813	7	77838295	95535261	9593	0.2423
3550e483-fe1a-4a5f-a0ca-0560c7a43813	7	95535595	96023631	336	0.6213
3550e483-fe1a-4a5f-a0ca-0560c7a43813	7	96025406	98187804	1223	0.2302
3550e483-fe1a-4a5f-a0ca-0560c7a43813	7	98188009	98628488	206	0.5212
3550e483-fe1a-4a5f-a0ca-0560c7a43813	7	98637526	100024230	553	0.1784
3550e483-fe1a-4a5f-a0ca-0560c7a43813	7	100026534	100097508	35	0.5309
3550e483-fe1a-4a5f-a0ca-0560c7a43813	7	100110059	102771085	832	0.1119
3550e483-fe1a-4a5f-a0ca-0560c7a43813	7	102771192	109085163	3726	0.2107
3550e483-fe1a-4a5f-a0ca-0560c7a43813	7	109086597	127549548	9829	0.2413
3550e483-fe1a-4a5f-a0ca-0560c7a43813	7	127550183	131332681	1823	0.1733
3550e483-fe1a-4a5f-a0ca-0560c7a43813	7	131334245	137801322	4114	0.2385
3550e483-fe1a-4a5f-a0ca-0560c7a43813	7	137801774	142358543	2473	0.1899
3550e483-fe1a-4a5f-a0ca-0560c7a43813	7	142379139	142450035	2	-1.4058
3550e483-fe1a-4a5f-a0ca-0560c7a43813	7	142523008	148827194	3294	0.238
3550e483-fe1a-4a5f-a0ca-0560c7a43813	7	148829779	152873659	1797	0.1687
3550e483-fe1a-4a5f-a0ca-0560c7a43813	7	152891737	158592540	3083	0.2209
3550e483-fe1a-4a5f-a0ca-0560c7a43813	8	667625	127542531	71905	-0.2588
3550e483-fe1a-4a5f-a0ca-0560c7a43813	8	127546745	127851891	233	0.1776
3550e483-fe1a-4a5f-a0ca-0560c7a43813	8	127854222	144182542	9963	-0.2612
3550e483-fe1a-4a5f-a0ca-0560c7a43813	9	789794	3279135	1785	-0.2317
3550e483-fe1a-4a5f-a0ca-0560c7a43813	9	3281518	3490407	102	0.8218
3550e483-fe1a-4a5f-a0ca-0560c7a43813	9	3501511	5084708	1313	0.2088
3550e483-fe1a-4a5f-a0ca-0560c7a43813	9	5087087	31202583	15689	-0.2201
3550e483-fe1a-4a5f-a0ca-0560c7a43813	9	31203890	32942228	1183	0.2139
3550e483-fe1a-4a5f-a0ca-0560c7a43813	9	32943093	35654481	1465	0.5053
3550e483-fe1a-4a5f-a0ca-0560c7a43813	9	35655991	35696628	25	1.0389
3550e483-fe1a-4a5f-a0ca-0560c7a43813	9	35696805	36077874	210	0.5654
3550e483-fe1a-4a5f-a0ca-0560c7a43813	9	36078236	36428994	197	0.1552
3550e483-fe1a-4a5f-a0ca-0560c7a43813	9	36444442	37033162	453	-0.2795
3550e483-fe1a-4a5f-a0ca-0560c7a43813	9	37033364	37034620	2	-2.9972
3550e483-fe1a-4a5f-a0ca-0560c7a43813	9	37034672	68423153	1145	-0.247
3550e483-fe1a-4a5f-a0ca-0560c7a43813	9	68424128	88200773	13848	0.2353
3550e483-fe1a-4a5f-a0ca-0560c7a43813	9	88208131	88394686	116	0.1974
3550e483-fe1a-4a5f-a0ca-0560c7a43813	9	88396810	88399339	5	-0.856
3550e483-fe1a-4a5f-a0ca-0560c7a43813	9	88401831	100861895	7785	0.2048
3550e483-fe1a-4a5f-a0ca-0560c7a43813	9	100862170	105024605	2511	0.2755
3550e483-fe1a-4a5f-a0ca-0560c7a43813	9	105024632	105280885	204	0.1117
3550e483-fe1a-4a5f-a0ca-0560c7a43813	9	105280984	111814361	4787	0.2405
3550e483-fe1a-4a5f-a0ca-0560c7a43813	9	111816275	111858148	40	0.5857
3550e483-fe1a-4a5f-a0ca-0560c7a43813	9	111859048	112284123	286	0.1478
3550e483-fe1a-4a5f-a0ca-0560c7a43813	9	112294334	112831449	194	0.5025
3550e483-fe1a-4a5f-a0ca-0560c7a43813	9	112831590	114988184	1485	0.2141
3550e483-fe1a-4a5f-a0ca-0560c7a43813	9	114989170	120487675	4193	0.2573
3550e483-fe1a-4a5f-a0ca-0560c7a43813	9	120490111	124088170	2239	0.2164
3550e483-fe1a-4a5f-a0ca-0560c7a43813	9	124090859	124857274	394	0.5475
3550e483-fe1a-4a5f-a0ca-0560c7a43813	9	124857456	127650173	1662	0.2168
3550e483-fe1a-4a5f-a0ca-0560c7a43813	9	127650801	127749773	46	0.5535
3550e483-fe1a-4a5f-a0ca-0560c7a43813	9	127750122	127783771	19	-0.0548
3550e483-fe1a-4a5f-a0ca-0560c7a43813	9	127787350	127879017	39	0.5148
3550e483-fe1a-4a5f-a0ca-0560c7a43813	9	127880492	128172655	164	0.7886
3550e483-fe1a-4a5f-a0ca-0560c7a43813	9	128176414	128249987	35	0.4752
3550e483-fe1a-4a5f-a0ca-0560c7a43813	9	128256360	128788443	193	0.1793
3550e483-fe1a-4a5f-a0ca-0560c7a43813	9	128791723	129251692	184	0.4785
3550e483-fe1a-4a5f-a0ca-0560c7a43813	9	129257126	135915420	3860	0.1968
3550e483-fe1a-4a5f-a0ca-0560c7a43813	9	135921069	136400830	113	0.5379
3550e483-fe1a-4a5f-a0ca-0560c7a43813	9	136401057	137062424	181	0.7343
3550e483-fe1a-4a5f-a0ca-0560c7a43813	9	137067019	137563956	73	0.4553
3550e483-fe1a-4a5f-a0ca-0560c7a43813	9	137572364	138044505	200	0.1948
3550e483-fe1a-4a5f-a0ca-0560c7a43813	10	366509	3232564	1446	0.8753
3550e483-fe1a-4a5f-a0ca-0560c7a43813	10	3232938	38770504	24796	0.8242
3550e483-fe1a-4a5f-a0ca-0560c7a43813	10	38770824	51122086	3716	0.2381
3550e483-fe1a-4a5f-a0ca-0560c7a43813	10	51122115	51207617	58	-0.16
3550e483-fe1a-4a5f-a0ca-0560c7a43813	10	51208375	68801923	10537	0.2429
3550e483-fe1a-4a5f-a0ca-0560c7a43813	10	68802298	72914257	2662	0.5343
3550e483-fe1a-4a5f-a0ca-0560c7a43813	10	72916360	72917242	2	-1.0866
3550e483-fe1a-4a5f-a0ca-0560c7a43813	10	72921501	75496599	1133	0.5182
3550e483-fe1a-4a5f-a0ca-0560c7a43813	10	75497307	77493457	1543	0.611
3550e483-fe1a-4a5f-a0ca-0560c7a43813	10	77493503	77625944	108	0.5008
3550e483-fe1a-4a5f-a0ca-0560c7a43813	10	77631826	77653789	14	1.0868
3550e483-fe1a-4a5f-a0ca-0560c7a43813	10	77654727	81064666	2025	0.552
3550e483-fe1a-4a5f-a0ca-0560c7a43813	10	81065806	86115480	3612	0.5998
3550e483-fe1a-4a5f-a0ca-0560c7a43813	10	86115850	100839103	8731	0.5518
3550e483-fe1a-4a5f-a0ca-0560c7a43813	10	100841818	101034008	110	0.9874
3550e483-fe1a-4a5f-a0ca-0560c7a43813	10	101037017	101922057	405	0.7826
3550e483-fe1a-4a5f-a0ca-0560c7a43813	10	101922823	102238914	117	0.9757
3550e483-fe1a-4a5f-a0ca-0560c7a43813	10	102238992	102591860	148	0.4768
3550e483-fe1a-4a5f-a0ca-0560c7a43813	10	102595725	102647345	19	0.9275
3550e483-fe1a-4a5f-a0ca-0560c7a43813	10	102648060	102749149	46	0.4643
3550e483-fe1a-4a5f-a0ca-0560c7a43813	10	102752338	102825368	45	0.7075
3550e483-fe1a-4a5f-a0ca-0560c7a43813	10	102833488	102882240	41	1.274
3550e483-fe1a-4a5f-a0ca-0560c7a43813	10	102885424	103659529	328	0.6792
3550e483-fe1a-4a5f-a0ca-0560c7a43813	10	103669205	115024879	7711	0.5686
3550e483-fe1a-4a5f-a0ca-0560c7a43813	10	115025809	116538798	1032	0.638
3550e483-fe1a-4a5f-a0ca-0560c7a43813	10	116539194	117464028	579	0.8367
3550e483-fe1a-4a5f-a0ca-0560c7a43813	10	117464334	118812734	973	0.5711
3550e483-fe1a-4a5f-a0ca-0560c7a43813	10	118816642	119488704	433	0.7735
3550e483-fe1a-4a5f-a0ca-0560c7a43813	10	119490238	133411599	8872	0.5768
3550e483-fe1a-4a5f-a0ca-0560c7a43813	11	456012	606294	31	-0.4178
3550e483-fe1a-4a5f-a0ca-0560c7a43813	11	620599	648694	7	0.2515
3550e483-fe1a-4a5f-a0ca-0560c7a43813	11	652083	825777	45	0.443
3550e483-fe1a-4a5f-a0ca-0560c7a43813	11	838110	976420	56	0.7969
3550e483-fe1a-4a5f-a0ca-0560c7a43813	11	976734	1136689	63	0.161
3550e483-fe1a-4a5f-a0ca-0560c7a43813	11	1138956	1662334	185	-0.2952
3550e483-fe1a-4a5f-a0ca-0560c7a43813	11	1878795	1899025	17	0.3449
3550e483-fe1a-4a5f-a0ca-0560c7a43813	11	1899055	22991885	14202	-0.2405
3550e483-fe1a-4a5f-a0ca-0560c7a43813	11	23034323	31712109	5350	-0.2063
3550e483-fe1a-4a5f-a0ca-0560c7a43813	11	31714681	32525323	679	-0.2601
3550e483-fe1a-4a5f-a0ca-0560c7a43813	11	32526522	35362445	1879	-0.3001
3550e483-fe1a-4a5f-a0ca-0560c7a43813	11	35362493	43761574	5059	-0.2203
3550e483-fe1a-4a5f-a0ca-0560c7a43813	11	43761735	46638067	1851	-0.2782
3550e483-fe1a-4a5f-a0ca-0560c7a43813	11	46638660	47049504	161	0.2047
3550e483-fe1a-4a5f-a0ca-0560c7a43813	11	47059387	47222114	48	-0.1909
3550e483-fe1a-4a5f-a0ca-0560c7a43813	11	47230686	47368563	64	0.1379
3550e483-fe1a-4a5f-a0ca-0560c7a43813	11	47371752	49561893	716	-0.2579
3550e483-fe1a-4a5f-a0ca-0560c7a43813	11	49564343	60835825	2816	0.2268
3550e483-fe1a-4a5f-a0ca-0560c7a43813	11	60836174	64177216	1615	0.1675
3550e483-fe1a-4a5f-a0ca-0560c7a43813	11	64193264	64828200	243	0.5949
3550e483-fe1a-4a5f-a0ca-0560c7a43813	11	65902628	66474550	252	0.1279
3550e483-fe1a-4a5f-a0ca-0560c7a43813	11	66475158	66807182	103	0.4888
3550e483-fe1a-4a5f-a0ca-0560c7a43813	11	66808218	67471651	238	0.0591
3550e483-fe1a-4a5f-a0ca-0560c7a43813	11	67472099	69645812	903	0.182
3550e483-fe1a-4a5f-a0ca-0560c7a43813	11	69648088	69674395	14	0.6932
3550e483-fe1a-4a5f-a0ca-0560c7a43813	11	69675578	72042536	1213	0.2163
3550e483-fe1a-4a5f-a0ca-0560c7a43813	11	72044017	72275734	87	0.0867
3550e483-fe1a-4a5f-a0ca-0560c7a43813	11	72279374	74041879	832	0.5235
3550e483-fe1a-4a5f-a0ca-0560c7a43813	11	74043294	78802324	2634	0.2065
3550e483-fe1a-4a5f-a0ca-0560c7a43813	11	78802392	78807853	3	-1.2706
3550e483-fe1a-4a5f-a0ca-0560c7a43813	11	78807867	85557609	4323	0.2476
3550e483-fe1a-4a5f-a0ca-0560c7a43813	11	85571247	85669526	46	-0.199
3550e483-fe1a-4a5f-a0ca-0560c7a43813	11	85670610	85685093	10	-0.9322
3550e483-fe1a-4a5f-a0ca-0560c7a43813	11	85689951	85823919	56	-0.2492
3550e483-fe1a-4a5f-a0ca-0560c7a43813	11	85824080	101547140	10119	0.241
3550e483-fe1a-4a5f-a0ca-0560c7a43813	11	101553845	101553939	2	-1.6697
3550e483-fe1a-4a5f-a0ca-0560c7a43813	11	101555808	108339566	3792	0.2367
3550e483-fe1a-4a5f-a0ca-0560c7a43813	11	108341945	108405841	33	-0.2668
3550e483-fe1a-4a5f-a0ca-0560c7a43813	11	108410392	116660762	5623	0.2444
3550e483-fe1a-4a5f-a0ca-0560c7a43813	11	116661022	118850289	1508	0.1806
3550e483-fe1a-4a5f-a0ca-0560c7a43813	11	118853878	119766705	486	0.4908
3550e483-fe1a-4a5f-a0ca-0560c7a43813	11	119766948	123355993	2657	0.2224
3550e483-fe1a-4a5f-a0ca-0560c7a43813	11	123359146	123441562	58	0.5727
3550e483-fe1a-4a5f-a0ca-0560c7a43813	11	123441988	134272740	7412	0.226
3550e483-fe1a-4a5f-a0ca-0560c7a43813	12	780472	15837290	8548	0.2001
3550e483-fe1a-4a5f-a0ca-0560c7a43813	12	15837489	23738680	4930	0.2372
3550e483-fe1a-4a5f-a0ca-0560c7a43813	12	23743678	24112468	239	0.563
3550e483-fe1a-4a5f-a0ca-0560c7a43813	12	24113750	31104761	4708	0.2205
3550e483-fe1a-4a5f-a0ca-0560c7a43813	12	31259292	32377039	669	0.4952
3550e483-fe1a-4a5f-a0ca-0560c7a43813	12	32377113	33368172	608	0.2148
3550e483-fe1a-4a5f-a0ca-0560c7a43813	12	33368216	40884541	1191	0.5636
3550e483-fe1a-4a5f-a0ca-0560c7a43813	12	40885129	45891248	2699	0.2273
3550e483-fe1a-4a5f-a0ca-0560c7a43813	12	45894940	47937444	1187	0.5386
3550e483-fe1a-4a5f-a0ca-0560c7a43813	12	47937523	51658006	1817	0.1391
3550e483-fe1a-4a5f-a0ca-0560c7a43813	12	51658428	53013811	866	0.5442
3550e483-fe1a-4a5f-a0ca-0560c7a43813	12	53017314	53555002	179	0.6894
3550e483-fe1a-4a5f-a0ca-0560c7a43813	12	53556784	54822631	678	0.4995
3550e483-fe1a-4a5f-a0ca-0560c7a43813	12	54822719	55409338	366	0.6167
3550e483-fe1a-4a5f-a0ca-0560c7a43813	12	55409884	56013055	293	0.4579
3550e483-fe1a-4a5f-a0ca-0560c7a43813	12	56019709	56235492	133	0.6871
3550e483-fe1a-4a5f-a0ca-0560c7a43813	12	56235655	56252911	3	0.8747
3550e483-fe1a-4a5f-a0ca-0560c7a43813	12	56253204	56286852	19	1.328
3550e483-fe1a-4a5f-a0ca-0560c7a43813	12	56286961	56299736	12	0.9487
3550e483-fe1a-4a5f-a0ca-0560c7a43813	12	56302272	57947542	742	0.4947
3550e483-fe1a-4a5f-a0ca-0560c7a43813	12	57948153	92955461	21357	0.5688
3550e483-fe1a-4a5f-a0ca-0560c7a43813	12	92955856	93864354	491	0.7837
3550e483-fe1a-4a5f-a0ca-0560c7a43813	12	93864420	96695662	2008	0.5162
3550e483-fe1a-4a5f-a0ca-0560c7a43813	12	96696520	108207895	7532	0.5596
3550e483-fe1a-4a5f-a0ca-0560c7a43813	12	108208110	108585414	351	0.5069
3550e483-fe1a-4a5f-a0ca-0560c7a43813	12	108590967	108878152	139	0.762
3550e483-fe1a-4a5f-a0ca-0560c7a43813	12	108878974	109777366	440	0.5613
3550e483-fe1a-4a5f-a0ca-0560c7a43813	12	109779411	112035733	949	0.4708
3550e483-fe1a-4a5f-a0ca-0560c7a43813	12	112037247	112529819	317	0.6799
3550e483-fe1a-4a5f-a0ca-0560c7a43813	12	112532320	113813302	851	0.5239
3550e483-fe1a-4a5f-a0ca-0560c7a43813	12	113813537	114535260	380	0.6266
3550e483-fe1a-4a5f-a0ca-0560c7a43813	12	114535946	114949165	178	0.824
3550e483-fe1a-4a5f-a0ca-0560c7a43813	12	114949228	115276724	288	0.6027
3550e483-fe1a-4a5f-a0ca-0560c7a43813	12	115276770	115276829	3	-1.0913
3550e483-fe1a-4a5f-a0ca-0560c7a43813	12	115277363	116230007	806	0.5909
3550e483-fe1a-4a5f-a0ca-0560c7a43813	12	116238586	117396938	704	0.5137
3550e483-fe1a-4a5f-a0ca-0560c7a43813	12	117398360	117988608	503	0.5761
3550e483-fe1a-4a5f-a0ca-0560c7a43813	12	117991812	118135862	74	0.7594
3550e483-fe1a-4a5f-a0ca-0560c7a43813	12	118139640	119841614	1097	0.2159
3550e483-fe1a-4a5f-a0ca-0560c7a43813	12	119848388	124877846	2379	0.1469
3550e483-fe1a-4a5f-a0ca-0560c7a43813	12	124878887	132605822	3572	0.229
3550e483-fe1a-4a5f-a0ca-0560c7a43813	13	18874255	23117925	2113	-1.0126
3550e483-fe1a-4a5f-a0ca-0560c7a43813	13	23118650	23118839	2	-4.8724
3550e483-fe1a-4a5f-a0ca-0560c7a43813	13	23118952	33068014	6474	-1.0348
3550e483-fe1a-4a5f-a0ca-0560c7a43813	13	33069767	34043865	691	-0.2137
3550e483-fe1a-4a5f-a0ca-0560c7a43813	13	34046356	37942466	2592	-0.9943
3550e483-fe1a-4a5f-a0ca-0560c7a43813	13	37942644	37945770	3	-4.6951
3550e483-fe1a-4a5f-a0ca-0560c7a43813	13	37946864	47005609	5748	-1.0116
3550e483-fe1a-4a5f-a0ca-0560c7a43813	13	47005807	52963602	2755	-0.9574
3550e483-fe1a-4a5f-a0ca-0560c7a43813	13	52964696	52966387	3	-4.2678
3550e483-fe1a-4a5f-a0ca-0560c7a43813	13	52966723	71832042	9312	-0.9313
3550e483-fe1a-4a5f-a0ca-0560c7a43813	13	71833010	73205042	916	-1.0048
3550e483-fe1a-4a5f-a0ca-0560c7a43813	13	73212654	73213206	2	-3.6816
3550e483-fe1a-4a5f-a0ca-0560c7a43813	13	73214412	80796132	5084	-0.9985
3550e483-fe1a-4a5f-a0ca-0560c7a43813	13	80800522	93147502	7030	-0.9407
3550e483-fe1a-4a5f-a0ca-0560c7a43813	13	93147861	95542274	1698	-1.034
3550e483-fe1a-4a5f-a0ca-0560c7a43813	13	95544147	98133435	1462	-0.9339
3550e483-fe1a-4a5f-a0ca-0560c7a43813	13	98133646	100532747	1533	-1.055
3550e483-fe1a-4a5f-a0ca-0560c7a43813	13	100533802	100541056	4	-4.1005
3550e483-fe1a-4a5f-a0ca-0560c7a43813	13	100541451	114226675	9013	-1.0171
3550e483-fe1a-4a5f-a0ca-0560c7a43813	14	20033191	21030895	599	-0.2674
3550e483-fe1a-4a5f-a0ca-0560c7a43813	14	21030913	21078183	30	0.184
3550e483-fe1a-4a5f-a0ca-0560c7a43813	14	21084606	23252883	463	-0.3053
3550e483-fe1a-4a5f-a0ca-0560c7a43813	14	23255938	23858678	362	0.1892
3550e483-fe1a-4a5f-a0ca-0560c7a43813	14	23860519	30919517	4009	-0.2131
3550e483-fe1a-4a5f-a0ca-0560c7a43813	14	30922943	31222534	139	0.1684
3550e483-fe1a-4a5f-a0ca-0560c7a43813	14	31225087	44925033	7392	-0.2275
3550e483-fe1a-4a5f-a0ca-0560c7a43813	14	44927795	45034726	39	-1.0594
3550e483-fe1a-4a5f-a0ca-0560c7a43813	14	45037510	45636715	159	-0.2384
3550e483-fe1a-4a5f-a0ca-0560c7a43813	14	45637098	45637413	2	-1.9285
3550e483-fe1a-4a5f-a0ca-0560c7a43813	14	45638008	64148778	11231	-0.2451
3550e483-fe1a-4a5f-a0ca-0560c7a43813	14	64148823	64453947	299	0.1865
3550e483-fe1a-4a5f-a0ca-0560c7a43813	14	64459793	73780707	5496	-0.2643
3550e483-fe1a-4a5f-a0ca-0560c7a43813	14	73780762	74094561	164	0.1528
3550e483-fe1a-4a5f-a0ca-0560c7a43813	14	74101033	75526852	823	-0.3016
3550e483-fe1a-4a5f-a0ca-0560c7a43813	14	75530140	75615321	62	0.1552
3550e483-fe1a-4a5f-a0ca-0560c7a43813	14	75616058	77804731	1400	-0.273
3550e483-fe1a-4a5f-a0ca-0560c7a43813	14	77808065	87963825	6642	-0.2218
3550e483-fe1a-4a5f-a0ca-0560c7a43813	14	87963950	100473838	8236	-0.2696
3550e483-fe1a-4a5f-a0ca-0560c7a43813	14	100474328	100994948	283	0.2187
3550e483-fe1a-4a5f-a0ca-0560c7a43813	14	100996888	101681539	445	-0.2536
3550e483-fe1a-4a5f-a0ca-0560c7a43813	14	101687183	101753923	2	0.6314
3550e483-fe1a-4a5f-a0ca-0560c7a43813	14	101754295	101839725	37	0.1992
3550e483-fe1a-4a5f-a0ca-0560c7a43813	14	101840831	101946050	58	0.564
3550e483-fe1a-4a5f-a0ca-0560c7a43813	14	101955468	102527409	250	0.1151
3550e483-fe1a-4a5f-a0ca-0560c7a43813	14	102535959	102609735	26	0.6511
3550e483-fe1a-4a5f-a0ca-0560c7a43813	14	102615994	102696595	33	0.133
3550e483-fe1a-4a5f-a0ca-0560c7a43813	14	102698717	105533894	1028	-0.2942
3550e483-fe1a-4a5f-a0ca-0560c7a43813	15	23437561	41378051	8996	-0.2433
3550e483-fe1a-4a5f-a0ca-0560c7a43813	15	41387015	41684091	127	0.0838
3550e483-fe1a-4a5f-a0ca-0560c7a43813	15	41684595	54481791	7442	-0.2455
3550e483-fe1a-4a5f-a0ca-0560c7a43813	15	54481878	54482218	2	-2.4478
3550e483-fe1a-4a5f-a0ca-0560c7a43813	15	54482238	64348279	6650	-0.2586
3550e483-fe1a-4a5f-a0ca-0560c7a43813	15	64352748	64417591	32	0.3733
3550e483-fe1a-4a5f-a0ca-0560c7a43813	15	64420875	65556071	471	-0.334
3550e483-fe1a-4a5f-a0ca-0560c7a43813	15	65557867	88761169	13282	-0.2634
3550e483-fe1a-4a5f-a0ca-0560c7a43813	15	88776705	90298973	917	-0.333
3550e483-fe1a-4a5f-a0ca-0560c7a43813	15	90404326	90678076	164	0.1385
3550e483-fe1a-4a5f-a0ca-0560c7a43813	15	90685662	101344124	6626	-0.2574
3550e483-fe1a-4a5f-a0ca-0560c7a43813	16	603333	3470806	856	-0.3239
3550e483-fe1a-4a5f-a0ca-0560c7a43813	16	3472303	3960710	232	0.1696
3550e483-fe1a-4a5f-a0ca-0560c7a43813	16	3963466	4791425	422	-0.3089
3550e483-fe1a-4a5f-a0ca-0560c7a43813	16	4805278	4947322	96	0.1666
3550e483-fe1a-4a5f-a0ca-0560c7a43813	16	4949984	4971658	18	0.6317
3550e483-fe1a-4a5f-a0ca-0560c7a43813	16	4971982	5094017	77	0.1901
3550e483-fe1a-4a5f-a0ca-0560c7a43813	16	5095715	10192128	3380	-0.2204
3550e483-fe1a-4a5f-a0ca-0560c7a43813	16	10192232	12026546	1174	-0.3061
3550e483-fe1a-4a5f-a0ca-0560c7a43813	16	12032254	19387382	2316	-0.2349
3550e483-fe1a-4a5f-a0ca-0560c7a43813	16	19398857	20139051	408	0.1959
3550e483-fe1a-4a5f-a0ca-0560c7a43813	16	20141061	49666343	6796	-0.2465
3550e483-fe1a-4a5f-a0ca-0560c7a43813	16	49668808	49670718	2	-1.9562
3550e483-fe1a-4a5f-a0ca-0560c7a43813	16	49670845	50037319	236	-0.2419
3550e483-fe1a-4a5f-a0ca-0560c7a43813	16	50040684	50793607	412	0.2202
3550e483-fe1a-4a5f-a0ca-0560c7a43813	16	50793690	56759484	4451	-0.2282
3550e483-fe1a-4a5f-a0ca-0560c7a43813	16	56762503	57089236	210	0.1575
3550e483-fe1a-4a5f-a0ca-0560c7a43813	16	57089397	57445053	172	-0.3071
3550e483-fe1a-4a5f-a0ca-0560c7a43813	16	57445797	57508660	34	0.2041
3550e483-fe1a-4a5f-a0ca-0560c7a43813	16	57509261	58728407	747	-0.3092
3550e483-fe1a-4a5f-a0ca-0560c7a43813	16	58729296	66141258	4896	-0.2057
3550e483-fe1a-4a5f-a0ca-0560c7a43813	16	66144090	69242294	1453	-0.3036
3550e483-fe1a-4a5f-a0ca-0560c7a43813	16	69242713	69614592	174	0.1731
3550e483-fe1a-4a5f-a0ca-0560c7a43813	16	69614750	75759298	3020	-0.2622
3550e483-fe1a-4a5f-a0ca-0560c7a43813	16	75761128	83777598	6900	-0.2154
3550e483-fe1a-4a5f-a0ca-0560c7a43813	16	83777618	89317317	2662	-0.2663
3550e483-fe1a-4a5f-a0ca-0560c7a43813	17	1074619	8041291	3345	-0.308
3550e483-fe1a-4a5f-a0ca-0560c7a43813	17	8047831	8458434	179	0.1235
3550e483-fe1a-4a5f-a0ca-0560c7a43813	17	8461076	28992152	7117	-0.2677
3550e483-fe1a-4a5f-a0ca-0560c7a43813	17	28992154	28995213	2	-2.2063
3550e483-fe1a-4a5f-a0ca-0560c7a43813	17	28995423	36626278	3285	-0.2802
3550e483-fe1a-4a5f-a0ca-0560c7a43813	17	36626819	36911208	237	0.1708
3550e483-fe1a-4a5f-a0ca-0560c7a43813	17	36911274	37327486	251	0.5517
3550e483-fe1a-4a5f-a0ca-0560c7a43813	17	37339148	37529428	92	0.169
3550e483-fe1a-4a5f-a0ca-0560c7a43813	17	37533494	38769928	385	-0.3104
3550e483-fe1a-4a5f-a0ca-0560c7a43813	17	38772885	40013424	581	-1.0411
3550e483-fe1a-4a5f-a0ca-0560c7a43813	17	40013441	40017100	2	-3.4934
3550e483-fe1a-4a5f-a0ca-0560c7a43813	17	40020205	44920429	2298	-0.9993
3550e483-fe1a-4a5f-a0ca-0560c7a43813	17	44930583	45461373	222	-0.3665
3550e483-fe1a-4a5f-a0ca-0560c7a43813	17	46733528	46995490	178	0.1608
3550e483-fe1a-4a5f-a0ca-0560c7a43813	17	46996597	47596449	229	-0.2873
3550e483-fe1a-4a5f-a0ca-0560c7a43813	17	47599875	47763635	84	0.1451
3550e483-fe1a-4a5f-a0ca-0560c7a43813	17	47767264	47860154	54	0.5636
3550e483-fe1a-4a5f-a0ca-0560c7a43813	17	47862923	48051991	122	0.1506
3550e483-fe1a-4a5f-a0ca-0560c7a43813	17	48052052	50509328	1240	-0.302
3550e483-fe1a-4a5f-a0ca-0560c7a43813	17	50513619	50597184	40	-0.9904
3550e483-fe1a-4a5f-a0ca-0560c7a43813	17	50606130	51175780	272	-0.3615
3550e483-fe1a-4a5f-a0ca-0560c7a43813	17	51187713	55210279	2280	-0.1975
3550e483-fe1a-4a5f-a0ca-0560c7a43813	17	55210634	63929637	4867	-0.2682
3550e483-fe1a-4a5f-a0ca-0560c7a43813	17	63933437	64056476	69	0.1512
3550e483-fe1a-4a5f-a0ca-0560c7a43813	17	64056696	64239375	135	-0.3788
3550e483-fe1a-4a5f-a0ca-0560c7a43813	17	64242323	64291392	35	0.1602
3550e483-fe1a-4a5f-a0ca-0560c7a43813	17	64291522	64332226	34	-0.2498
3550e483-fe1a-4a5f-a0ca-0560c7a43813	17	64333211	64985215	185	0.1611
3550e483-fe1a-4a5f-a0ca-0560c7a43813	17	64988259	70348840	3295	-0.2702
3550e483-fe1a-4a5f-a0ca-0560c7a43813	17	70350854	70350992	2	-2.4686
3550e483-fe1a-4a5f-a0ca-0560c7a43813	17	70351078	72912913	2040	-0.2241
3550e483-fe1a-4a5f-a0ca-0560c7a43813	17	72916298	81677217	3647	-0.3058
3550e483-fe1a-4a5f-a0ca-0560c7a43813	17	81678299	81985599	31	0.0543
3550e483-fe1a-4a5f-a0ca-0560c7a43813	17	82018602	82125680	31	-0.3468
3550e483-fe1a-4a5f-a0ca-0560c7a43813	17	82256888	82295078	16	-1.0554
3550e483-fe1a-4a5f-a0ca-0560c7a43813	17	82297857	82959812	334	-0.3296
3550e483-fe1a-4a5f-a0ca-0560c7a43813	18	326691	22517485	8921	-0.2332
3550e483-fe1a-4a5f-a0ca-0560c7a43813	18	22517543	23026633	271	0.2944
3550e483-fe1a-4a5f-a0ca-0560c7a43813	18	23029500	23046473	10	-0.1928
3550e483-fe1a-4a5f-a0ca-0560c7a43813	18	23053724	23534953	278	0.2199
3550e483-fe1a-4a5f-a0ca-0560c7a43813	18	23535096	26899598	2246	-0.2334
3550e483-fe1a-4a5f-a0ca-0560c7a43813	18	26899996	44206417	10388	-0.1983
3550e483-fe1a-4a5f-a0ca-0560c7a43813	18	44206752	53769929	6477	-0.2335
3550e483-fe1a-4a5f-a0ca-0560c7a43813	18	53771263	53881709	63	-0.9015
3550e483-fe1a-4a5f-a0ca-0560c7a43813	18	53883600	54819485	553	-0.2487
3550e483-fe1a-4a5f-a0ca-0560c7a43813	18	54823113	54835656	22	-1.0081
3550e483-fe1a-4a5f-a0ca-0560c7a43813	18	54841732	79349796	13684	-0.2326
3550e483-fe1a-4a5f-a0ca-0560c7a43813	19	283868	468402	51	0.1449
3550e483-fe1a-4a5f-a0ca-0560c7a43813	19	521281	807592	42	0.4562
3550e483-fe1a-4a5f-a0ca-0560c7a43813	19	826420	1156398	76	0.0906
3550e483-fe1a-4a5f-a0ca-0560c7a43813	19	1170990	1201085	8	0.6432
3550e483-fe1a-4a5f-a0ca-0560c7a43813	19	1204475	1530034	72	0.0631
3550e483-fe1a-4a5f-a0ca-0560c7a43813	19	1535946	1867913	44	0.6426
3550e483-fe1a-4a5f-a0ca-0560c7a43813	19	1873721	2318181	114	1.1576
3550e483-fe1a-4a5f-a0ca-0560c7a43813	19	2323014	4244505	555	0.4546
3550e483-fe1a-4a5f-a0ca-0560c7a43813	19	4251036	4677570	46	0.7482
3550e483-fe1a-4a5f-a0ca-0560c7a43813	19	4678471	4692342	4	1.5088
3550e483-fe1a-4a5f-a0ca-0560c7a43813	19	4701120	5061041	125	0.7833
3550e483-fe1a-4a5f-a0ca-0560c7a43813	19	5061334	5531597	219	0.4608
3550e483-fe1a-4a5f-a0ca-0560c7a43813	19	5532624	5793693	112	0.7379
3550e483-fe1a-4a5f-a0ca-0560c7a43813	19	5794706	5990294	65	0.5039
3550e483-fe1a-4a5f-a0ca-0560c7a43813	19	5998456	17014359	5051	0.4578
3550e483-fe1a-4a5f-a0ca-0560c7a43813	19	17018402	17402940	165	0.6838
3550e483-fe1a-4a5f-a0ca-0560c7a43813	19	17404586	21727765	1309	0.4577
3550e483-fe1a-4a5f-a0ca-0560c7a43813	19	21728314	35086966	6095	0.5579
3550e483-fe1a-4a5f-a0ca-0560c7a43813	19	35088602	36817048	897	0.4528
3550e483-fe1a-4a5f-a0ca-0560c7a43813	19	36817545	38157281	667	0.5279
3550e483-fe1a-4a5f-a0ca-0560c7a43813	19	38157431	39571707	594	0.4307
3550e483-fe1a-4a5f-a0ca-0560c7a43813	19	39572437	39992104	264	0.525
3550e483-fe1a-4a5f-a0ca-0560c7a43813	19	39992913	40933907	411	0.7193
3550e483-fe1a-4a5f-a0ca-0560c7a43813	19	40934622	47589767	2688	0.4868
3550e483-fe1a-4a5f-a0ca-0560c7a43813	19	47590098	47977303	162	0.8029
3550e483-fe1a-4a5f-a0ca-0560c7a43813	19	47977316	48771611	403	0.4827
3550e483-fe1a-4a5f-a0ca-0560c7a43813	19	48775044	49343322	186	0.1479
3550e483-fe1a-4a5f-a0ca-0560c7a43813	19	49343900	55785741	2279	0.491
3550e483-fe1a-4a5f-a0ca-0560c7a43813	19	55785899	56501759	414	0.5878
3550e483-fe1a-4a5f-a0ca-0560c7a43813	19	56506141	56506907	3	-0.4493
3550e483-fe1a-4a5f-a0ca-0560c7a43813	19	56512303	56922605	252	0.61
3550e483-fe1a-4a5f-a0ca-0560c7a43813	19	56923198	58370362	776	0.5082
3550e483-fe1a-4a5f-a0ca-0560c7a43813	20	472817	1740604	747	-0.2564
3550e483-fe1a-4a5f-a0ca-0560c7a43813	20	1740804	2196759	364	0.2223
3550e483-fe1a-4a5f-a0ca-0560c7a43813	20	2196848	5905903	2118	-0.2807
3550e483-fe1a-4a5f-a0ca-0560c7a43813	20	5906103	17900904	8259	-0.2059
3550e483-fe1a-4a5f-a0ca-0560c7a43813	20	17902887	17903037	2	-1.8391
3550e483-fe1a-4a5f-a0ca-0560c7a43813	20	17903183	31407714	5529	-0.2295
3550e483-fe1a-4a5f-a0ca-0560c7a43813	20	31409245	34254551	1405	-0.2805
3550e483-fe1a-4a5f-a0ca-0560c7a43813	20	34254727	34332088	31	0.1527
3550e483-fe1a-4a5f-a0ca-0560c7a43813	20	34334585	37963438	1823	-0.2863
3550e483-fe1a-4a5f-a0ca-0560c7a43813	20	37964067	38270022	166	0.2551
3550e483-fe1a-4a5f-a0ca-0560c7a43813	20	38271973	39144913	552	-0.277
3550e483-fe1a-4a5f-a0ca-0560c7a43813	20	39146788	43393585	2988	-0.1989
3550e483-fe1a-4a5f-a0ca-0560c7a43813	20	43393631	48798685	3615	-0.2465
3550e483-fe1a-4a5f-a0ca-0560c7a43813	20	48804143	49356603	320	0.1774
3550e483-fe1a-4a5f-a0ca-0560c7a43813	20	49356831	63588502	9588	-0.244
3550e483-fe1a-4a5f-a0ca-0560c7a43813	21	13974127	27293538	8514	0.2594
3550e483-fe1a-4a5f-a0ca-0560c7a43813	21	27293914	33286061	3894	0.2222
3550e483-fe1a-4a5f-a0ca-0560c7a43813	21	33286203	33332014	38	0.5335
3550e483-fe1a-4a5f-a0ca-0560c7a43813	21	33336710	39881533	4462	0.2206
3550e483-fe1a-4a5f-a0ca-0560c7a43813	21	39882176	40945427	931	0.2937
3550e483-fe1a-4a5f-a0ca-0560c7a43813	21	40945490	43695607	1698	0.1925
3550e483-fe1a-4a5f-a0ca-0560c7a43813	21	43698483	43820256	77	0.4726
3550e483-fe1a-4a5f-a0ca-0560c7a43813	21	43824840	46262057	957	0.1931
3550e483-fe1a-4a5f-a0ca-0560c7a43813	22	16934932	29211268	4590	-1.0255
3550e483-fe1a-4a5f-a0ca-0560c7a43813	22	29228478	29508226	162	-0.3042
3550e483-fe1a-4a5f-a0ca-0560c7a43813	22	29508530	35227453	4113	-1.0072
3550e483-fe1a-4a5f-a0ca-0560c7a43813	22	35233789	35519341	147	-0.2789
3550e483-fe1a-4a5f-a0ca-0560c7a43813	22	35521156	37664684	1093	-1.0802
3550e483-fe1a-4a5f-a0ca-0560c7a43813	22	37664843	37884114	100	-0.3636
3550e483-fe1a-4a5f-a0ca-0560c7a43813	22	37886890	38150693	90	0.4906
3550e483-fe1a-4a5f-a0ca-0560c7a43813	22	38152582	38859586	376	-0.3379
3550e483-fe1a-4a5f-a0ca-0560c7a43813	22	38875985	40453058	652	-1.0332
3550e483-fe1a-4a5f-a0ca-0560c7a43813	22	40455104	40788058	152	-0.273
3550e483-fe1a-4a5f-a0ca-0560c7a43813	22	40792158	40821392	14	0.1628
3550e483-fe1a-4a5f-a0ca-0560c7a43813	22	40823975	40973104	68	-0.2794
3550e483-fe1a-4a5f-a0ca-0560c7a43813	22	40974338	41104129	71	0.4831
3550e483-fe1a-4a5f-a0ca-0560c7a43813	22	41104141	41473621	306	0.159
3550e483-fe1a-4a5f-a0ca-0560c7a43813	22	41475459	48940621	4980	-1.0521
3550e483-fe1a-4a5f-a0ca-0560c7a43813	X	3236359	3315071	65	0.493
3550e483-fe1a-4a5f-a0ca-0560c7a43813	X	3320172	3512444	138	-0.0382
3550e483-fe1a-4a5f-a0ca-0560c7a43813	X	3520904	3562319	28	-0.8423
3550e483-fe1a-4a5f-a0ca-0560c7a43813	X	4549828	53403898	21950	-0.0007
3550e483-fe1a-4a5f-a0ca-0560c7a43813	X	53408754	53438349	10	0.9065
3550e483-fe1a-4a5f-a0ca-0560c7a43813	X	53447826	152302764	41182	0.0019
3550e483-fe1a-4a5f-a0ca-0560c7a43813	X	152306318	152674889	119	0.5127
3550e483-fe1a-4a5f-a0ca-0560c7a43813	X	153434224	153547978	52	-0.0296
3550e483-fe1a-4a5f-a0ca-0560c7a43813	X	153550533	153603688	27	0.779
3550e483-fe1a-4a5f-a0ca-0560c7a43813	X	153608856	155677414	313	-0.0757
