GDC_Aliquot	Chromosome	Start	End	Num_Probes	Segment_Mean
ce60e213-0a8a-4cb4-8707-18b19096a74f	1	3301765	247650984	128746	-0.1791
ce60e213-0a8a-4cb4-8707-18b19096a74f	2	480597	241537572	131179	-0.1674
ce60e213-0a8a-4cb4-8707-18b19096a74f	3	2170634	14593541	7515	-0.1936
ce60e213-0a8a-4cb4-8707-18b19096a74f	3	14593588	53570767	21728	-0.17
ce60e213-0a8a-4cb4-8707-18b19096a74f	3	53570928	71413646	11662	-0.1967
ce60e213-0a8a-4cb4-8707-18b19096a74f	3	71415181	71415184	2	-2.9143
ce60e213-0a8a-4cb4-8707-18b19096a74f	3	71420694	177472923	54685	-0.1756
ce60e213-0a8a-4cb4-8707-18b19096a74f	3	177475318	177476926	4	-1.815
ce60e213-0a8a-4cb4-8707-18b19096a74f	3	177478293	197812401	10711	-0.1802
ce60e213-0a8a-4cb4-8707-18b19096a74f	4	1059384	187842528	102593	-0.1787
ce60e213-0a8a-4cb4-8707-18b19096a74f	5	913983	2991051	1061	0.6626
ce60e213-0a8a-4cb4-8707-18b19096a74f	5	2993503	17938925	9895	0.6346
ce60e213-0a8a-4cb4-8707-18b19096a74f	5	17938973	174213194	86050	0.663
ce60e213-0a8a-4cb4-8707-18b19096a74f	5	174213706	174214492	5	-0.4259
ce60e213-0a8a-4cb4-8707-18b19096a74f	5	174219011	180934240	3317	0.6703
ce60e213-0a8a-4cb4-8707-18b19096a74f	6	1011760	160351868	91275	-0.1786
ce60e213-0a8a-4cb4-8707-18b19096a74f	6	160353427	160353896	3	-2.0021
ce60e213-0a8a-4cb4-8707-18b19096a74f	6	160354493	170596889	5070	-0.1988
ce60e213-0a8a-4cb4-8707-18b19096a74f	7	664936	5301709	1792	-0.2058
ce60e213-0a8a-4cb4-8707-18b19096a74f	7	5301888	5301939	2	-2.6472
ce60e213-0a8a-4cb4-8707-18b19096a74f	7	5302104	67321387	32450	-0.1896
ce60e213-0a8a-4cb4-8707-18b19096a74f	7	67346326	72880997	3149	-0.2476
ce60e213-0a8a-4cb4-8707-18b19096a74f	7	72889156	158592540	43938	-0.1876
ce60e213-0a8a-4cb4-8707-18b19096a74f	8	667625	21849356	12281	0.6251
ce60e213-0a8a-4cb4-8707-18b19096a74f	8	21852001	67994525	24653	0.6483
ce60e213-0a8a-4cb4-8707-18b19096a74f	8	67997525	67998146	2	2.8378
ce60e213-0a8a-4cb4-8707-18b19096a74f	8	68000198	144182542	44665	0.6504
ce60e213-0a8a-4cb4-8707-18b19096a74f	9	789794	138044505	67892	-0.1866
ce60e213-0a8a-4cb4-8707-18b19096a74f	10	366509	133411599	80652	-0.1906
ce60e213-0a8a-4cb4-8707-18b19096a74f	11	456012	107254089	58779	-0.1956
ce60e213-0a8a-4cb4-8707-18b19096a74f	11	107254199	107257288	3	-2.5234
ce60e213-0a8a-4cb4-8707-18b19096a74f	11	107267952	134272740	18152	-0.2065
ce60e213-0a8a-4cb4-8707-18b19096a74f	12	780472	45498646	23207	0.6467
ce60e213-0a8a-4cb4-8707-18b19096a74f	12	45498832	57417631	6230	0.6762
ce60e213-0a8a-4cb4-8707-18b19096a74f	12	57421067	113694030	34337	0.6406
ce60e213-0a8a-4cb4-8707-18b19096a74f	12	113696352	113696356	2	-1.1561
ce60e213-0a8a-4cb4-8707-18b19096a74f	12	113699660	120442769	4335	0.6155
ce60e213-0a8a-4cb4-8707-18b19096a74f	12	120449406	125025558	2214	0.6721
ce60e213-0a8a-4cb4-8707-18b19096a74f	12	125028256	132605822	3466	0.6267
ce60e213-0a8a-4cb4-8707-18b19096a74f	13	18874255	37211111	11363	-0.1983
ce60e213-0a8a-4cb4-8707-18b19096a74f	13	37211773	85169416	26715	-0.1719
ce60e213-0a8a-4cb4-8707-18b19096a74f	13	85175185	85175255	2	-2.5859
ce60e213-0a8a-4cb4-8707-18b19096a74f	13	85180518	114226675	18358	-0.1888
ce60e213-0a8a-4cb4-8707-18b19096a74f	14	20033191	105533894	49351	-0.1849
ce60e213-0a8a-4cb4-8707-18b19096a74f	15	23437561	25833446	1292	-0.2108
ce60e213-0a8a-4cb4-8707-18b19096a74f	15	25834847	25835215	2	-2.4922
ce60e213-0a8a-4cb4-8707-18b19096a74f	15	25837393	33826195	3012	-0.2135
ce60e213-0a8a-4cb4-8707-18b19096a74f	15	33826937	33830213	5	-1.5974
ce60e213-0a8a-4cb4-8707-18b19096a74f	15	33831331	101344124	40095	-0.1895
ce60e213-0a8a-4cb4-8707-18b19096a74f	16	603333	4099766	1179	0.7088
ce60e213-0a8a-4cb4-8707-18b19096a74f	16	4099957	84910575	37288	0.6337
ce60e213-0a8a-4cb4-8707-18b19096a74f	16	84910730	89317317	2460	0.6704
ce60e213-0a8a-4cb4-8707-18b19096a74f	17	1074619	9136229	3959	-0.1679
ce60e213-0a8a-4cb4-8707-18b19096a74f	17	9137175	13706286	3110	-0.2245
ce60e213-0a8a-4cb4-8707-18b19096a74f	17	13706536	82959812	29968	-0.1735
ce60e213-0a8a-4cb4-8707-18b19096a74f	18	326691	3595952	1364	-0.1421
ce60e213-0a8a-4cb4-8707-18b19096a74f	18	3597005	8553600	3103	-0.2013
ce60e213-0a8a-4cb4-8707-18b19096a74f	18	8553659	53839440	23956	-0.1573
ce60e213-0a8a-4cb4-8707-18b19096a74f	18	53843880	54659145	467	-0.0418
ce60e213-0a8a-4cb4-8707-18b19096a74f	18	54661584	79349796	13709	-0.1476
ce60e213-0a8a-4cb4-8707-18b19096a74f	19	283868	21497382	7921	-0.151
ce60e213-0a8a-4cb4-8707-18b19096a74f	19	21499805	34263892	5699	-0.2153
ce60e213-0a8a-4cb4-8707-18b19096a74f	19	34264375	58370362	10410	-0.1502
ce60e213-0a8a-4cb4-8707-18b19096a74f	20	472817	5405644	3073	0.6551
ce60e213-0a8a-4cb4-8707-18b19096a74f	20	5405952	37056247	16482	0.6225
ce60e213-0a8a-4cb4-8707-18b19096a74f	20	37068156	37089634	75	0.3589
ce60e213-0a8a-4cb4-8707-18b19096a74f	20	37089784	56333804	12874	0.6236
ce60e213-0a8a-4cb4-8707-18b19096a74f	20	56334147	56337844	2	-1.1408
ce60e213-0a8a-4cb4-8707-18b19096a74f	20	56338904	57071392	530	0.5897
ce60e213-0a8a-4cb4-8707-18b19096a74f	20	57071403	63588502	4280	0.6609
ce60e213-0a8a-4cb4-8707-18b19096a74f	21	13974127	46262057	20425	-0.1887
ce60e213-0a8a-4cb4-8707-18b19096a74f	22	16934932	36515579	9420	-0.2108
ce60e213-0a8a-4cb4-8707-18b19096a74f	22	36515611	42376608	2984	-0.1462
ce60e213-0a8a-4cb4-8707-18b19096a74f	22	42379567	48940621	4585	-0.2099
ce60e213-0a8a-4cb4-8707-18b19096a74f	X	3236359	155677414	63482	0.013
