GDC_Aliquot	Chromosome	Start	End	Num_Probes	Segment_Mean
b50c051b-5569-418c-8b3d-5dde7eb77824	1	3301765	11660985	4730	-0.5761
b50c051b-5569-418c-8b3d-5dde7eb77824	1	11661725	12157593	253	-0.0376
b50c051b-5569-418c-8b3d-5dde7eb77824	1	12157633	25194599	7148	-0.5764
b50c051b-5569-418c-8b3d-5dde7eb77824	1	25196398	25747463	143	-0.047
b50c051b-5569-418c-8b3d-5dde7eb77824	1	25749042	55443632	15489	-0.554
b50c051b-5569-418c-8b3d-5dde7eb77824	1	55443844	55454617	4	-2.8606
b50c051b-5569-418c-8b3d-5dde7eb77824	1	55454817	88160195	21075	-0.5644
b50c051b-5569-418c-8b3d-5dde7eb77824	1	88164091	88166705	7	-3.2496
b50c051b-5569-418c-8b3d-5dde7eb77824	1	88166738	91818515	2236	-0.6162
b50c051b-5569-418c-8b3d-5dde7eb77824	1	91821629	107462873	8908	-0.5717
b50c051b-5569-418c-8b3d-5dde7eb77824	1	107463001	119367844	7216	-0.6141
b50c051b-5569-418c-8b3d-5dde7eb77824	1	119367866	119371201	4	-2.8629
b50c051b-5569-418c-8b3d-5dde7eb77824	1	119373360	119984772	405	-0.5909
b50c051b-5569-418c-8b3d-5dde7eb77824	1	146716041	150524380	194	0.2524
b50c051b-5569-418c-8b3d-5dde7eb77824	1	150533787	150688288	66	0.7206
b50c051b-5569-418c-8b3d-5dde7eb77824	1	150688371	150946277	106	0.9665
b50c051b-5569-418c-8b3d-5dde7eb77824	1	150947145	151329598	131	0.74
b50c051b-5569-418c-8b3d-5dde7eb77824	1	151330367	155012119	1951	0.3107
b50c051b-5569-418c-8b3d-5dde7eb77824	1	155014970	155526548	210	0.7917
b50c051b-5569-418c-8b3d-5dde7eb77824	1	155529012	162920251	4529	0.2997
b50c051b-5569-418c-8b3d-5dde7eb77824	1	162924511	162924822	5	1.2713
b50c051b-5569-418c-8b3d-5dde7eb77824	1	162924843	165067758	1583	0.3445
b50c051b-5569-418c-8b3d-5dde7eb77824	1	165076228	165076317	3	-1.8246
b50c051b-5569-418c-8b3d-5dde7eb77824	1	165077278	180779181	10223	0.2998
b50c051b-5569-418c-8b3d-5dde7eb77824	1	180781437	180784347	4	-1.3882
b50c051b-5569-418c-8b3d-5dde7eb77824	1	180786525	186522908	3765	0.2938
b50c051b-5569-418c-8b3d-5dde7eb77824	1	186526209	186526355	2	-1.3541
b50c051b-5569-418c-8b3d-5dde7eb77824	1	186530404	192739178	3622	0.3115
b50c051b-5569-418c-8b3d-5dde7eb77824	1	192746685	192807542	54	-0.0984
b50c051b-5569-418c-8b3d-5dde7eb77824	1	192815415	193181797	259	0.258
b50c051b-5569-418c-8b3d-5dde7eb77824	1	193181826	193181877	2	-1.4632
b50c051b-5569-418c-8b3d-5dde7eb77824	1	193182037	203280789	6051	0.297
b50c051b-5569-418c-8b3d-5dde7eb77824	1	203280884	203280905	2	-1.5449
b50c051b-5569-418c-8b3d-5dde7eb77824	1	203281365	237505423	22500	0.3022
b50c051b-5569-418c-8b3d-5dde7eb77824	1	237506036	241409646	3040	0.3416
b50c051b-5569-418c-8b3d-5dde7eb77824	1	241409689	247650984	3224	0.3073
b50c051b-5569-418c-8b3d-5dde7eb77824	2	480597	3881688	1538	0.3025
b50c051b-5569-418c-8b3d-5dde7eb77824	2	3882332	3885039	3	-0.9575
b50c051b-5569-418c-8b3d-5dde7eb77824	2	3886267	6211048	1760	0.2984
b50c051b-5569-418c-8b3d-5dde7eb77824	2	6215243	6364652	134	0.5369
b50c051b-5569-418c-8b3d-5dde7eb77824	2	6371926	6510378	136	0.299
b50c051b-5569-418c-8b3d-5dde7eb77824	2	6510485	6864337	264	0.5989
b50c051b-5569-418c-8b3d-5dde7eb77824	2	6864449	8973814	1407	0.275
b50c051b-5569-418c-8b3d-5dde7eb77824	2	8974556	9170400	108	0.5847
b50c051b-5569-418c-8b3d-5dde7eb77824	2	9174672	10617431	1006	0.2832
b50c051b-5569-418c-8b3d-5dde7eb77824	2	10618531	10682374	35	0.6684
b50c051b-5569-418c-8b3d-5dde7eb77824	2	10684676	10798964	76	0.2831
b50c051b-5569-418c-8b3d-5dde7eb77824	2	10799785	10864677	69	0.5301
b50c051b-5569-418c-8b3d-5dde7eb77824	2	10867878	11553522	433	0.2719
b50c051b-5569-418c-8b3d-5dde7eb77824	2	11558743	11668738	81	0.6077
b50c051b-5569-418c-8b3d-5dde7eb77824	2	11670987	12316758	596	0.2756
b50c051b-5569-418c-8b3d-5dde7eb77824	2	12317658	12450030	104	0.5902
b50c051b-5569-418c-8b3d-5dde7eb77824	2	12450943	13541992	630	0.299
b50c051b-5569-418c-8b3d-5dde7eb77824	2	13542354	13708814	88	0.5951
b50c051b-5569-418c-8b3d-5dde7eb77824	2	13714840	14575883	534	0.3053
b50c051b-5569-418c-8b3d-5dde7eb77824	2	14581163	14708452	67	0.615
b50c051b-5569-418c-8b3d-5dde7eb77824	2	14708864	16554109	1294	0.2979
b50c051b-5569-418c-8b3d-5dde7eb77824	2	16554164	16619245	45	0.6262
b50c051b-5569-418c-8b3d-5dde7eb77824	2	16621901	18924755	1636	0.2719
b50c051b-5569-418c-8b3d-5dde7eb77824	2	18931182	19086743	118	0.5362
b50c051b-5569-418c-8b3d-5dde7eb77824	2	19095557	20759784	1208	0.2756
b50c051b-5569-418c-8b3d-5dde7eb77824	2	20763538	20809727	28	0.5752
b50c051b-5569-418c-8b3d-5dde7eb77824	2	20809862	20816633	5	-0.0891
b50c051b-5569-418c-8b3d-5dde7eb77824	2	20829120	20898488	52	0.59
b50c051b-5569-418c-8b3d-5dde7eb77824	2	20900678	22220471	682	0.273
b50c051b-5569-418c-8b3d-5dde7eb77824	2	22220968	22557157	224	0.5879
b50c051b-5569-418c-8b3d-5dde7eb77824	2	22558361	24181353	1043	0.2752
b50c051b-5569-418c-8b3d-5dde7eb77824	2	24181864	24237697	34	0.6403
b50c051b-5569-418c-8b3d-5dde7eb77824	2	24241312	26531762	1048	0.2682
b50c051b-5569-418c-8b3d-5dde7eb77824	2	26538351	26620815	57	0.5339
b50c051b-5569-418c-8b3d-5dde7eb77824	2	26625328	26664557	25	0.9462
b50c051b-5569-418c-8b3d-5dde7eb77824	2	26669292	26705943	22	0.5501
b50c051b-5569-418c-8b3d-5dde7eb77824	2	26706164	29416272	1350	0.2604
b50c051b-5569-418c-8b3d-5dde7eb77824	2	29416398	29449019	39	0.5943
b50c051b-5569-418c-8b3d-5dde7eb77824	2	29450741	31171354	1274	0.2813
b50c051b-5569-418c-8b3d-5dde7eb77824	2	31171383	31587733	288	0.5578
b50c051b-5569-418c-8b3d-5dde7eb77824	2	31587991	31861384	94	0.2179
b50c051b-5569-418c-8b3d-5dde7eb77824	2	31861603	32028784	63	0.4832
b50c051b-5569-418c-8b3d-5dde7eb77824	2	32038091	33229118	237	0.2799
b50c051b-5569-418c-8b3d-5dde7eb77824	2	33229769	33342349	81	0.54
b50c051b-5569-418c-8b3d-5dde7eb77824	2	33342366	34223095	661	0.2898
b50c051b-5569-418c-8b3d-5dde7eb77824	2	34223655	34338687	105	0.6288
b50c051b-5569-418c-8b3d-5dde7eb77824	2	34341580	35233197	412	0.3081
b50c051b-5569-418c-8b3d-5dde7eb77824	2	35244401	35397533	66	0.5802
b50c051b-5569-418c-8b3d-5dde7eb77824	2	35397547	39109843	1832	0.2703
b50c051b-5569-418c-8b3d-5dde7eb77824	2	39114007	39209725	39	0.627
b50c051b-5569-418c-8b3d-5dde7eb77824	2	39209803	39605170	222	0.2542
b50c051b-5569-418c-8b3d-5dde7eb77824	2	39605225	39902025	213	0.577
b50c051b-5569-418c-8b3d-5dde7eb77824	2	40027671	40261515	206	0.255
b50c051b-5569-418c-8b3d-5dde7eb77824	2	40261663	40613870	252	0.5714
b50c051b-5569-418c-8b3d-5dde7eb77824	2	40622258	42980352	1474	0.2536
b50c051b-5569-418c-8b3d-5dde7eb77824	2	42980527	43150795	126	0.5716
b50c051b-5569-418c-8b3d-5dde7eb77824	2	43153454	45348661	1350	0.264
b50c051b-5569-418c-8b3d-5dde7eb77824	2	45352658	45456363	70	-0.1183
b50c051b-5569-418c-8b3d-5dde7eb77824	2	45456377	49754850	2776	0.2589
b50c051b-5569-418c-8b3d-5dde7eb77824	2	49755422	49812527	41	0.606
b50c051b-5569-418c-8b3d-5dde7eb77824	2	49817614	49973386	89	0.3018
b50c051b-5569-418c-8b3d-5dde7eb77824	2	49973655	50069372	86	0.5955
b50c051b-5569-418c-8b3d-5dde7eb77824	2	50069535	55635220	2770	0.2761
b50c051b-5569-418c-8b3d-5dde7eb77824	2	55635862	55826218	78	0.5278
b50c051b-5569-418c-8b3d-5dde7eb77824	2	55826372	56714533	582	0.2619
b50c051b-5569-418c-8b3d-5dde7eb77824	2	56715489	56833049	35	0.5909
b50c051b-5569-418c-8b3d-5dde7eb77824	2	56833493	62781279	3385	0.2579
b50c051b-5569-418c-8b3d-5dde7eb77824	2	62781665	63457375	281	0.3292
b50c051b-5569-418c-8b3d-5dde7eb77824	2	63458870	63586324	60	0.5973
b50c051b-5569-418c-8b3d-5dde7eb77824	2	63588072	63971739	163	0.307
b50c051b-5569-418c-8b3d-5dde7eb77824	2	63983998	64036396	26	0.5905
b50c051b-5569-418c-8b3d-5dde7eb77824	2	64036551	64114391	48	0.2053
b50c051b-5569-418c-8b3d-5dde7eb77824	2	64114589	64435913	135	0.5553
b50c051b-5569-418c-8b3d-5dde7eb77824	2	64436035	65416854	593	0.2405
b50c051b-5569-418c-8b3d-5dde7eb77824	2	65419260	65650597	152	0.5533
b50c051b-5569-418c-8b3d-5dde7eb77824	2	65651946	65934986	275	0.2784
b50c051b-5569-418c-8b3d-5dde7eb77824	2	65935278	65986270	42	0.5734
b50c051b-5569-418c-8b3d-5dde7eb77824	2	65988074	66126777	119	0.3486
b50c051b-5569-418c-8b3d-5dde7eb77824	2	66130772	66287502	121	0.5488
b50c051b-5569-418c-8b3d-5dde7eb77824	2	66287808	67220784	592	0.2823
b50c051b-5569-418c-8b3d-5dde7eb77824	2	67224659	67317908	76	0.6406
b50c051b-5569-418c-8b3d-5dde7eb77824	2	67319291	68311057	708	0.2868
b50c051b-5569-418c-8b3d-5dde7eb77824	2	68313246	68393798	82	0.5567
b50c051b-5569-418c-8b3d-5dde7eb77824	2	68394692	68790772	101	0.2033
b50c051b-5569-418c-8b3d-5dde7eb77824	2	68790888	68792982	4	-0.5381
b50c051b-5569-418c-8b3d-5dde7eb77824	2	68797603	69020657	179	0.2648
b50c051b-5569-418c-8b3d-5dde7eb77824	2	69021688	69094655	63	0.5672
b50c051b-5569-418c-8b3d-5dde7eb77824	2	69095462	71346885	1458	0.2407
b50c051b-5569-418c-8b3d-5dde7eb77824	2	71347327	71458399	58	0.5063
b50c051b-5569-418c-8b3d-5dde7eb77824	2	71458606	71787154	209	0.285
b50c051b-5569-418c-8b3d-5dde7eb77824	2	71788884	71881656	69	0.535
b50c051b-5569-418c-8b3d-5dde7eb77824	2	71883862	72627894	326	0.2712
b50c051b-5569-418c-8b3d-5dde7eb77824	2	72629667	72688642	24	0.5688
b50c051b-5569-418c-8b3d-5dde7eb77824	2	72694776	72824507	52	0.3075
b50c051b-5569-418c-8b3d-5dde7eb77824	2	72836281	72931124	47	0.5105
b50c051b-5569-418c-8b3d-5dde7eb77824	2	72931347	73099399	68	0.2349
b50c051b-5569-418c-8b3d-5dde7eb77824	2	73101284	73246083	59	0.4994
b50c051b-5569-418c-8b3d-5dde7eb77824	2	73248940	74294337	525	0.2557
b50c051b-5569-418c-8b3d-5dde7eb77824	2	74296820	74376576	50	0.535
b50c051b-5569-418c-8b3d-5dde7eb77824	2	74385252	75036902	331	0.2364
b50c051b-5569-418c-8b3d-5dde7eb77824	2	75038561	75114488	60	0.5623
b50c051b-5569-418c-8b3d-5dde7eb77824	2	75117999	80111413	2630	0.277
b50c051b-5569-418c-8b3d-5dde7eb77824	2	80111433	80341396	165	-0.1224
b50c051b-5569-418c-8b3d-5dde7eb77824	2	80341852	81740818	779	0.2783
b50c051b-5569-418c-8b3d-5dde7eb77824	2	81743351	81768959	21	0.6594
b50c051b-5569-418c-8b3d-5dde7eb77824	2	81775744	81822580	39	0.2728
b50c051b-5569-418c-8b3d-5dde7eb77824	2	81832884	81888386	38	0.601
b50c051b-5569-418c-8b3d-5dde7eb77824	2	81891753	82978295	525	0.2728
b50c051b-5569-418c-8b3d-5dde7eb77824	2	82984279	83098502	55	0.6262
b50c051b-5569-418c-8b3d-5dde7eb77824	2	83101006	84010166	524	0.282
b50c051b-5569-418c-8b3d-5dde7eb77824	2	84014071	84054612	22	0.7098
b50c051b-5569-418c-8b3d-5dde7eb77824	2	84054724	96835804	2446	0.259
b50c051b-5569-418c-8b3d-5dde7eb77824	2	96837063	96994882	75	0.5754
b50c051b-5569-418c-8b3d-5dde7eb77824	2	96997127	98022496	206	0.2648
b50c051b-5569-418c-8b3d-5dde7eb77824	2	98027716	98148177	62	0.5902
b50c051b-5569-418c-8b3d-5dde7eb77824	2	98148460	98256791	87	0.2118
b50c051b-5569-418c-8b3d-5dde7eb77824	2	98259284	98496888	140	0.5157
b50c051b-5569-418c-8b3d-5dde7eb77824	2	98500878	99693782	572	0.2792
b50c051b-5569-418c-8b3d-5dde7eb77824	2	99696497	99954036	180	0.5866
b50c051b-5569-418c-8b3d-5dde7eb77824	2	99956563	102272369	1482	0.2852
b50c051b-5569-418c-8b3d-5dde7eb77824	2	102273797	102335900	28	0.6392
b50c051b-5569-418c-8b3d-5dde7eb77824	2	102336114	102473219	104	0.2723
b50c051b-5569-418c-8b3d-5dde7eb77824	2	102477754	102575251	98	0.5923
b50c051b-5569-418c-8b3d-5dde7eb77824	2	102579450	102680303	72	0.2954
b50c051b-5569-418c-8b3d-5dde7eb77824	2	102680442	102766199	64	0.6113
b50c051b-5569-418c-8b3d-5dde7eb77824	2	102769383	108830447	3635	0.287
b50c051b-5569-418c-8b3d-5dde7eb77824	2	108832984	108973924	81	0.5569
b50c051b-5569-418c-8b3d-5dde7eb77824	2	108977578	111031201	715	0.2724
b50c051b-5569-418c-8b3d-5dde7eb77824	2	111031217	111115033	72	0.5911
b50c051b-5569-418c-8b3d-5dde7eb77824	2	111116699	111943986	200	0.2685
b50c051b-5569-418c-8b3d-5dde7eb77824	2	111945483	112056441	81	0.5484
b50c051b-5569-418c-8b3d-5dde7eb77824	2	112056468	112195222	46	0.1804
b50c051b-5569-418c-8b3d-5dde7eb77824	2	112195778	112571305	128	0.5055
b50c051b-5569-418c-8b3d-5dde7eb77824	2	112571319	112589186	14	0.1205
b50c051b-5569-418c-8b3d-5dde7eb77824	2	112591385	112641916	32	0.6009
b50c051b-5569-418c-8b3d-5dde7eb77824	2	112642121	114253193	969	0.2496
b50c051b-5569-418c-8b3d-5dde7eb77824	2	114253401	114339213	45	0.6529
b50c051b-5569-418c-8b3d-5dde7eb77824	2	114339222	114645670	176	0.2599
b50c051b-5569-418c-8b3d-5dde7eb77824	2	114646501	114678097	26	0.6744
b50c051b-5569-418c-8b3d-5dde7eb77824	2	114685498	114688747	5	0.0677
b50c051b-5569-418c-8b3d-5dde7eb77824	2	114699496	114785119	41	0.5464
b50c051b-5569-418c-8b3d-5dde7eb77824	2	114785213	117690449	1219	0.2715
b50c051b-5569-418c-8b3d-5dde7eb77824	2	117690798	117817766	103	0.5434
b50c051b-5569-418c-8b3d-5dde7eb77824	2	117817892	119234997	973	0.2629
b50c051b-5569-418c-8b3d-5dde7eb77824	2	119236024	119629141	278	0.5628
b50c051b-5569-418c-8b3d-5dde7eb77824	2	119637136	120049456	158	0.3039
b50c051b-5569-418c-8b3d-5dde7eb77824	2	120053170	120133535	37	0.5717
b50c051b-5569-418c-8b3d-5dde7eb77824	2	120134393	121452886	807	0.2855
b50c051b-5569-418c-8b3d-5dde7eb77824	2	121455111	121929049	226	0.5756
b50c051b-5569-418c-8b3d-5dde7eb77824	2	121932408	122324738	255	0.2345
b50c051b-5569-418c-8b3d-5dde7eb77824	2	122327163	122491351	134	0.5665
b50c051b-5569-418c-8b3d-5dde7eb77824	2	122491390	139313993	8027	0.2727
b50c051b-5569-418c-8b3d-5dde7eb77824	2	139314230	139781427	229	0.4726
b50c051b-5569-418c-8b3d-5dde7eb77824	2	139784698	140949989	670	0.2655
b50c051b-5569-418c-8b3d-5dde7eb77824	2	140950010	141174229	166	-0.1167
b50c051b-5569-418c-8b3d-5dde7eb77824	2	141175514	142369815	851	0.2796
b50c051b-5569-418c-8b3d-5dde7eb77824	2	142373780	142761877	219	0.5301
b50c051b-5569-418c-8b3d-5dde7eb77824	2	142766122	142795762	17	0.1189
b50c051b-5569-418c-8b3d-5dde7eb77824	2	142797856	142881370	61	0.5683
b50c051b-5569-418c-8b3d-5dde7eb77824	2	142885789	144493527	898	0.251
b50c051b-5569-418c-8b3d-5dde7eb77824	2	144493676	144597538	66	0.552
b50c051b-5569-418c-8b3d-5dde7eb77824	2	144597644	145817372	660	0.2648
b50c051b-5569-418c-8b3d-5dde7eb77824	2	145824684	145921050	54	0.597
b50c051b-5569-418c-8b3d-5dde7eb77824	2	145921128	146156010	127	0.2654
b50c051b-5569-418c-8b3d-5dde7eb77824	2	146165877	146265922	62	0.4542
b50c051b-5569-418c-8b3d-5dde7eb77824	2	146266569	146877915	275	0.2803
b50c051b-5569-418c-8b3d-5dde7eb77824	2	146879483	146944341	28	0.5977
b50c051b-5569-418c-8b3d-5dde7eb77824	2	146948319	147544279	309	0.237
b50c051b-5569-418c-8b3d-5dde7eb77824	2	147545749	147642850	76	0.4991
b50c051b-5569-418c-8b3d-5dde7eb77824	2	147646073	149251385	820	0.2276
b50c051b-5569-418c-8b3d-5dde7eb77824	2	149263811	149348571	44	0.5501
b50c051b-5569-418c-8b3d-5dde7eb77824	2	149349555	149601662	151	0.2243
b50c051b-5569-418c-8b3d-5dde7eb77824	2	149606482	149647582	24	0.6183
b50c051b-5569-418c-8b3d-5dde7eb77824	2	149648703	150729263	730	0.265
b50c051b-5569-418c-8b3d-5dde7eb77824	2	150733018	150791945	51	0.5504
b50c051b-5569-418c-8b3d-5dde7eb77824	2	150796236	152481015	1185	0.2649
b50c051b-5569-418c-8b3d-5dde7eb77824	2	152481726	152568930	69	-0.137
b50c051b-5569-418c-8b3d-5dde7eb77824	2	152571402	153746309	664	0.271
b50c051b-5569-418c-8b3d-5dde7eb77824	2	153756384	154020105	160	0.5908
b50c051b-5569-418c-8b3d-5dde7eb77824	2	154025376	156570784	1379	0.2518
b50c051b-5569-418c-8b3d-5dde7eb77824	2	156570810	156831461	143	0.531
b50c051b-5569-418c-8b3d-5dde7eb77824	2	156833367	157309745	237	0.2468
b50c051b-5569-418c-8b3d-5dde7eb77824	2	157310278	157566074	122	0.4772
b50c051b-5569-418c-8b3d-5dde7eb77824	2	157572450	158191781	358	0.2482
b50c051b-5569-418c-8b3d-5dde7eb77824	2	158194800	158319826	85	0.5611
b50c051b-5569-418c-8b3d-5dde7eb77824	2	158321477	158978599	418	0.2543
b50c051b-5569-418c-8b3d-5dde7eb77824	2	158984860	159278398	210	0.5888
b50c051b-5569-418c-8b3d-5dde7eb77824	2	159278702	166057149	3786	0.2766
b50c051b-5569-418c-8b3d-5dde7eb77824	2	166057723	166135790	71	0.6096
b50c051b-5569-418c-8b3d-5dde7eb77824	2	166140524	172571485	4035	0.2554
b50c051b-5569-418c-8b3d-5dde7eb77824	2	172573704	172647974	40	0.6155
b50c051b-5569-418c-8b3d-5dde7eb77824	2	172649982	173948711	975	0.2612
b50c051b-5569-418c-8b3d-5dde7eb77824	2	173953131	174134165	120	0.5357
b50c051b-5569-418c-8b3d-5dde7eb77824	2	174136501	177086275	1821	0.2599
b50c051b-5569-418c-8b3d-5dde7eb77824	2	177087107	177140766	38	0.5917
b50c051b-5569-418c-8b3d-5dde7eb77824	2	177141193	178484500	775	0.2477
b50c051b-5569-418c-8b3d-5dde7eb77824	2	178489688	178634147	78	0.5156
b50c051b-5569-418c-8b3d-5dde7eb77824	2	178634311	184446902	3373	0.2678
b50c051b-5569-418c-8b3d-5dde7eb77824	2	184447470	184506418	45	0.5889
b50c051b-5569-418c-8b3d-5dde7eb77824	2	184507402	186400309	591	0.2452
b50c051b-5569-418c-8b3d-5dde7eb77824	2	186400583	186445368	31	0.5726
b50c051b-5569-418c-8b3d-5dde7eb77824	2	186445613	187591176	566	0.2464
b50c051b-5569-418c-8b3d-5dde7eb77824	2	187594993	187689391	60	0.5792
b50c051b-5569-418c-8b3d-5dde7eb77824	2	187694532	189026229	564	0.2627
b50c051b-5569-418c-8b3d-5dde7eb77824	2	189030397	189511258	227	0.5425
b50c051b-5569-418c-8b3d-5dde7eb77824	2	189511368	189726181	153	0.2413
b50c051b-5569-418c-8b3d-5dde7eb77824	2	189732970	189925436	125	0.487
b50c051b-5569-418c-8b3d-5dde7eb77824	2	189928686	190071877	79	0.2262
b50c051b-5569-418c-8b3d-5dde7eb77824	2	190075229	190120920	32	0.6471
b50c051b-5569-418c-8b3d-5dde7eb77824	2	190124049	196343201	2852	0.2618
b50c051b-5569-418c-8b3d-5dde7eb77824	2	196344184	196437841	83	0.5364
b50c051b-5569-418c-8b3d-5dde7eb77824	2	196445494	199300564	1575	0.2453
b50c051b-5569-418c-8b3d-5dde7eb77824	2	199302213	199414859	63	0.5588
b50c051b-5569-418c-8b3d-5dde7eb77824	2	199415152	199746448	185	0.1924
b50c051b-5569-418c-8b3d-5dde7eb77824	2	199748832	199867048	63	0.5621
b50c051b-5569-418c-8b3d-5dde7eb77824	2	199881503	199990359	70	0.2237
b50c051b-5569-418c-8b3d-5dde7eb77824	2	199991833	200062534	37	0.4779
b50c051b-5569-418c-8b3d-5dde7eb77824	2	200066722	200218737	83	-0.1177
b50c051b-5569-418c-8b3d-5dde7eb77824	2	200219551	201262994	653	0.2437
b50c051b-5569-418c-8b3d-5dde7eb77824	2	201263895	201357198	39	0.5157
b50c051b-5569-418c-8b3d-5dde7eb77824	2	201375749	201876341	263	0.2415
b50c051b-5569-418c-8b3d-5dde7eb77824	2	201880073	202039375	96	0.51
b50c051b-5569-418c-8b3d-5dde7eb77824	2	202040192	202082836	25	0.2362
b50c051b-5569-418c-8b3d-5dde7eb77824	2	202083472	202117826	42	0.5414
b50c051b-5569-418c-8b3d-5dde7eb77824	2	202119696	202311964	85	0.2907
b50c051b-5569-418c-8b3d-5dde7eb77824	2	202321971	202597200	105	0.5497
b50c051b-5569-418c-8b3d-5dde7eb77824	2	202597595	207175780	2717	0.2592
b50c051b-5569-418c-8b3d-5dde7eb77824	2	207177544	207237406	38	0.598
b50c051b-5569-418c-8b3d-5dde7eb77824	2	207237781	209101752	1100	0.2463
b50c051b-5569-418c-8b3d-5dde7eb77824	2	209102321	209203649	67	0.5822
b50c051b-5569-418c-8b3d-5dde7eb77824	2	209205820	209699503	291	0.2761
b50c051b-5569-418c-8b3d-5dde7eb77824	2	209699883	209774128	40	0.5671
b50c051b-5569-418c-8b3d-5dde7eb77824	2	209774581	214799667	2966	0.2567
b50c051b-5569-418c-8b3d-5dde7eb77824	2	214800661	214959258	89	-0.1457
b50c051b-5569-418c-8b3d-5dde7eb77824	2	214959881	215513123	337	0.2143
b50c051b-5569-418c-8b3d-5dde7eb77824	2	215514446	215551456	29	0.6019
b50c051b-5569-418c-8b3d-5dde7eb77824	2	215554246	216075354	370	0.2568
b50c051b-5569-418c-8b3d-5dde7eb77824	2	216076012	216143149	39	-0.2044
b50c051b-5569-418c-8b3d-5dde7eb77824	2	216143683	216629438	360	0.2902
b50c051b-5569-418c-8b3d-5dde7eb77824	2	216639389	216849902	140	0.5422
b50c051b-5569-418c-8b3d-5dde7eb77824	2	216850225	217424634	436	0.2569
b50c051b-5569-418c-8b3d-5dde7eb77824	2	217424774	217552079	101	0.5716
b50c051b-5569-418c-8b3d-5dde7eb77824	2	217556413	218001513	295	0.2477
b50c051b-5569-418c-8b3d-5dde7eb77824	2	218004253	218127017	54	0.4929
b50c051b-5569-418c-8b3d-5dde7eb77824	2	218127711	219376828	596	0.2417
b50c051b-5569-418c-8b3d-5dde7eb77824	2	219377967	219459106	43	0.4872
b50c051b-5569-418c-8b3d-5dde7eb77824	2	219462966	219711511	126	0.2599
b50c051b-5569-418c-8b3d-5dde7eb77824	2	219712112	219764746	44	0.5909
b50c051b-5569-418c-8b3d-5dde7eb77824	2	219766856	219979718	150	0.3164
b50c051b-5569-418c-8b3d-5dde7eb77824	2	219980085	220162894	127	0.5141
b50c051b-5569-418c-8b3d-5dde7eb77824	2	220163103	221764820	1140	0.2958
b50c051b-5569-418c-8b3d-5dde7eb77824	2	221768149	221963967	116	0.6141
b50c051b-5569-418c-8b3d-5dde7eb77824	2	221967490	223824522	1243	0.2502
b50c051b-5569-418c-8b3d-5dde7eb77824	2	223824535	223897819	58	0.5788
b50c051b-5569-418c-8b3d-5dde7eb77824	2	223901177	224431698	365	0.2433
b50c051b-5569-418c-8b3d-5dde7eb77824	2	224432281	224525838	63	0.5574
b50c051b-5569-418c-8b3d-5dde7eb77824	2	224529871	225232941	459	0.2639
b50c051b-5569-418c-8b3d-5dde7eb77824	2	225233156	225256240	22	0.6017
b50c051b-5569-418c-8b3d-5dde7eb77824	2	225256972	225640122	237	0.2474
b50c051b-5569-418c-8b3d-5dde7eb77824	2	225642509	225701128	45	0.6058
b50c051b-5569-418c-8b3d-5dde7eb77824	2	225701627	226483083	430	0.2664
b50c051b-5569-418c-8b3d-5dde7eb77824	2	226483357	226600345	85	0.5048
b50c051b-5569-418c-8b3d-5dde7eb77824	2	226602833	234559969	4591	0.2694
b50c051b-5569-418c-8b3d-5dde7eb77824	2	234565463	234620107	59	0.671
b50c051b-5569-418c-8b3d-5dde7eb77824	2	234621259	235111214	272	0.3235
b50c051b-5569-418c-8b3d-5dde7eb77824	2	235114726	235157395	35	0.6052
b50c051b-5569-418c-8b3d-5dde7eb77824	2	235158096	235176788	19	0.2138
b50c051b-5569-418c-8b3d-5dde7eb77824	2	235176921	235352880	142	0.5748
b50c051b-5569-418c-8b3d-5dde7eb77824	2	235355612	237867788	1689	0.2877
b50c051b-5569-418c-8b3d-5dde7eb77824	2	237873100	237961941	54	0.5675
b50c051b-5569-418c-8b3d-5dde7eb77824	2	237963998	238646990	386	0.2601
b50c051b-5569-418c-8b3d-5dde7eb77824	2	238647262	238766429	89	0.5861
b50c051b-5569-418c-8b3d-5dde7eb77824	2	238770697	240472786	932	0.2909
b50c051b-5569-418c-8b3d-5dde7eb77824	2	240472805	240863683	156	0.4457
b50c051b-5569-418c-8b3d-5dde7eb77824	2	240863785	241537572	352	0.2438
b50c051b-5569-418c-8b3d-5dde7eb77824	3	2170634	2192774	18	0.3864
b50c051b-5569-418c-8b3d-5dde7eb77824	3	2194010	2236267	32	0.1406
b50c051b-5569-418c-8b3d-5dde7eb77824	3	2236385	2323933	79	0.3423
b50c051b-5569-418c-8b3d-5dde7eb77824	3	2780268	3129108	278	0.6323
b50c051b-5569-418c-8b3d-5dde7eb77824	3	3129226	15624007	7822	0.2953
b50c051b-5569-418c-8b3d-5dde7eb77824	3	15626234	17522224	1238	-0.1002
b50c051b-5569-418c-8b3d-5dde7eb77824	3	17527246	18419807	474	0.2951
b50c051b-5569-418c-8b3d-5dde7eb77824	3	18420590	58134477	22584	-0.0898
b50c051b-5569-418c-8b3d-5dde7eb77824	3	58134926	58137522	3	-2.4908
b50c051b-5569-418c-8b3d-5dde7eb77824	3	58139049	58293945	114	-0.0769
b50c051b-5569-418c-8b3d-5dde7eb77824	3	58294679	59069109	396	0.2645
b50c051b-5569-418c-8b3d-5dde7eb77824	3	59069782	94015827	18135	-0.0749
b50c051b-5569-418c-8b3d-5dde7eb77824	3	94017382	150463758	31318	0.2845
b50c051b-5569-418c-8b3d-5dde7eb77824	3	150465667	150494293	14	-0.3022
b50c051b-5569-418c-8b3d-5dde7eb77824	3	150495443	174774956	12595	0.2763
b50c051b-5569-418c-8b3d-5dde7eb77824	3	174775312	174778169	3	-0.0572
b50c051b-5569-418c-8b3d-5dde7eb77824	3	174778374	174815198	20	-0.5541
b50c051b-5569-418c-8b3d-5dde7eb77824	3	174826618	175003061	124	-0.0576
b50c051b-5569-418c-8b3d-5dde7eb77824	3	175020005	175020030	2	-1.5287
b50c051b-5569-418c-8b3d-5dde7eb77824	3	175022599	175227200	155	-0.1148
b50c051b-5569-418c-8b3d-5dde7eb77824	3	175227225	175291848	64	0.1753
b50c051b-5569-418c-8b3d-5dde7eb77824	3	175295260	175358681	70	-0.1091
b50c051b-5569-418c-8b3d-5dde7eb77824	3	175358731	197812401	11451	0.2877
b50c051b-5569-418c-8b3d-5dde7eb77824	4	1059384	1777074	223	-0.6854
b50c051b-5569-418c-8b3d-5dde7eb77824	4	1790291	2208338	158	0.2893
b50c051b-5569-418c-8b3d-5dde7eb77824	4	2208452	28769526	17046	-0.0692
b50c051b-5569-418c-8b3d-5dde7eb77824	4	28774518	28832538	47	-0.5918
b50c051b-5569-418c-8b3d-5dde7eb77824	4	28834816	44226157	8903	-0.0783
b50c051b-5569-418c-8b3d-5dde7eb77824	4	44230509	44230519	2	-2.0796
b50c051b-5569-418c-8b3d-5dde7eb77824	4	44230945	61499099	7922	-0.0744
b50c051b-5569-418c-8b3d-5dde7eb77824	4	61500500	62078731	296	-0.5431
b50c051b-5569-418c-8b3d-5dde7eb77824	4	62079438	134846245	39739	-0.0821
b50c051b-5569-418c-8b3d-5dde7eb77824	4	134846898	135103887	134	-0.5772
b50c051b-5569-418c-8b3d-5dde7eb77824	4	135108183	180604429	25575	-0.089
b50c051b-5569-418c-8b3d-5dde7eb77824	4	181157671	181262762	80	-0.6071
b50c051b-5569-418c-8b3d-5dde7eb77824	4	181263089	181293647	28	-2.0766
b50c051b-5569-418c-8b3d-5dde7eb77824	4	181293762	181576753	243	-0.0464
b50c051b-5569-418c-8b3d-5dde7eb77824	4	181631890	181661536	23	-1.8215
b50c051b-5569-418c-8b3d-5dde7eb77824	4	181661614	181716437	51	-5.2156
b50c051b-5569-418c-8b3d-5dde7eb77824	4	181716472	181726886	36	-2.7008
b50c051b-5569-418c-8b3d-5dde7eb77824	4	181727565	182410707	565	-4.5313
b50c051b-5569-418c-8b3d-5dde7eb77824	4	182414799	182456771	28	-2.4177
b50c051b-5569-418c-8b3d-5dde7eb77824	4	182456803	182597560	95	-1.754
b50c051b-5569-418c-8b3d-5dde7eb77824	4	182597967	187842528	2084	-0.0823
b50c051b-5569-418c-8b3d-5dde7eb77824	5	913983	6552711	4026	0.3374
b50c051b-5569-418c-8b3d-5dde7eb77824	5	6555139	31181365	13997	0.3017
b50c051b-5569-418c-8b3d-5dde7eb77824	5	31181529	31998629	682	0.3505
b50c051b-5569-418c-8b3d-5dde7eb77824	5	31999601	74544814	20690	0.2808
b50c051b-5569-418c-8b3d-5dde7eb77824	5	74544828	152583790	44094	0.2639
b50c051b-5569-418c-8b3d-5dde7eb77824	5	152584245	154026094	942	0.2886
b50c051b-5569-418c-8b3d-5dde7eb77824	5	154028550	154274385	158	-0.0085
b50c051b-5569-418c-8b3d-5dde7eb77824	5	154274519	168114143	8934	0.2722
b50c051b-5569-418c-8b3d-5dde7eb77824	5	168114145	168115583	2	-1.5002
b50c051b-5569-418c-8b3d-5dde7eb77824	5	168115651	170719814	1991	0.283
b50c051b-5569-418c-8b3d-5dde7eb77824	5	170721517	177405557	3842	0.2983
b50c051b-5569-418c-8b3d-5dde7eb77824	5	177406588	178055518	104	0.526
b50c051b-5569-418c-8b3d-5dde7eb77824	5	178056117	180934240	1515	0.2992
b50c051b-5569-418c-8b3d-5dde7eb77824	6	1011760	39884287	23474	-0.0726
b50c051b-5569-418c-8b3d-5dde7eb77824	6	39884802	39885144	3	-1.6833
b50c051b-5569-418c-8b3d-5dde7eb77824	6	39887125	85674573	24021	-0.0746
b50c051b-5569-418c-8b3d-5dde7eb77824	6	85676704	160234980	44205	-0.0917
b50c051b-5569-418c-8b3d-5dde7eb77824	6	160238359	170596889	5206	-0.0583
b50c051b-5569-418c-8b3d-5dde7eb77824	7	664936	42227003	24416	0.2675
b50c051b-5569-418c-8b3d-5dde7eb77824	7	42227737	42227972	2	-1.5613
b50c051b-5569-418c-8b3d-5dde7eb77824	7	42230723	63672748	9136	0.2744
b50c051b-5569-418c-8b3d-5dde7eb77824	7	63675854	64353060	122	-0.017
b50c051b-5569-418c-8b3d-5dde7eb77824	7	64356018	66051132	438	0.3173
b50c051b-5569-418c-8b3d-5dde7eb77824	7	66056197	66197963	41	-0.0559
b50c051b-5569-418c-8b3d-5dde7eb77824	7	66198463	66455211	91	-0.5456
b50c051b-5569-418c-8b3d-5dde7eb77824	7	66455440	66680876	49	-0.1476
b50c051b-5569-418c-8b3d-5dde7eb77824	7	66681297	67361063	176	0.0495
b50c051b-5569-418c-8b3d-5dde7eb77824	7	67367241	68704595	882	-0.5947
b50c051b-5569-418c-8b3d-5dde7eb77824	7	68704736	68704829	2	-3.4793
b50c051b-5569-418c-8b3d-5dde7eb77824	7	68708086	70372862	969	-0.5703
b50c051b-5569-418c-8b3d-5dde7eb77824	7	70375182	70377553	2	-2.2999
b50c051b-5569-418c-8b3d-5dde7eb77824	7	70378323	70456832	45	-0.5972
b50c051b-5569-418c-8b3d-5dde7eb77824	7	70456955	70527112	51	-1.4075
b50c051b-5569-418c-8b3d-5dde7eb77824	7	70527139	72928921	1206	-0.5922
b50c051b-5569-418c-8b3d-5dde7eb77824	7	72929093	74288238	350	-0.0852
b50c051b-5569-418c-8b3d-5dde7eb77824	7	74292303	129935798	28241	-0.596
b50c051b-5569-418c-8b3d-5dde7eb77824	7	129941858	158592540	15474	-0.0797
b50c051b-5569-418c-8b3d-5dde7eb77824	8	667625	26759160	15475	-0.0676
b50c051b-5569-418c-8b3d-5dde7eb77824	8	26764945	26788781	23	0.5477
b50c051b-5569-418c-8b3d-5dde7eb77824	8	26790834	26825009	26	-0.049
b50c051b-5569-418c-8b3d-5dde7eb77824	8	26826275	26874663	42	0.5684
b50c051b-5569-418c-8b3d-5dde7eb77824	8	26884151	33564989	4401	-0.0771
b50c051b-5569-418c-8b3d-5dde7eb77824	8	33565014	37960503	2190	0.5883
b50c051b-5569-418c-8b3d-5dde7eb77824	8	37960869	38310849	146	0.2565
b50c051b-5569-418c-8b3d-5dde7eb77824	8	38313003	39821286	649	0.557
b50c051b-5569-418c-8b3d-5dde7eb77824	8	39824310	40188409	260	0.3194
b50c051b-5569-418c-8b3d-5dde7eb77824	8	40188842	41323595	802	-0.0537
b50c051b-5569-418c-8b3d-5dde7eb77824	8	41323902	58166474	7425	0.3058
b50c051b-5569-418c-8b3d-5dde7eb77824	8	58166479	135737047	46503	0.2861
b50c051b-5569-418c-8b3d-5dde7eb77824	8	135737719	144168288	4140	0.3232
b50c051b-5569-418c-8b3d-5dde7eb77824	8	144170204	144182542	6	0.6067
b50c051b-5569-418c-8b3d-5dde7eb77824	9	789794	8258063	4549	-0.5893
b50c051b-5569-418c-8b3d-5dde7eb77824	9	8258190	8260927	7	-1.9842
b50c051b-5569-418c-8b3d-5dde7eb77824	9	8261021	13673640	2481	-0.5776
b50c051b-5569-418c-8b3d-5dde7eb77824	9	13673698	13673753	2	-3.2376
b50c051b-5569-418c-8b3d-5dde7eb77824	9	13673796	14576194	832	-0.5866
b50c051b-5569-418c-8b3d-5dde7eb77824	9	14582422	14585054	3	-2.1354
b50c051b-5569-418c-8b3d-5dde7eb77824	9	14585304	20635116	4788	-0.5688
b50c051b-5569-418c-8b3d-5dde7eb77824	9	20638975	27258187	4068	-1.418
b50c051b-5569-418c-8b3d-5dde7eb77824	9	27258218	27258727	2	-7.0883
b50c051b-5569-418c-8b3d-5dde7eb77824	9	27258770	27335567	73	-1.7313
b50c051b-5569-418c-8b3d-5dde7eb77824	9	27335829	27335839	2	-7.2826
b50c051b-5569-418c-8b3d-5dde7eb77824	9	27336209	29231678	942	-1.4999
b50c051b-5569-418c-8b3d-5dde7eb77824	9	29231783	29329978	64	-3.9226
b50c051b-5569-418c-8b3d-5dde7eb77824	9	29330159	33229379	2278	-1.2471
b50c051b-5569-418c-8b3d-5dde7eb77824	9	33229482	33233242	5	-5.0259
b50c051b-5569-418c-8b3d-5dde7eb77824	9	33233496	33908799	384	-1.1224
b50c051b-5569-418c-8b3d-5dde7eb77824	9	33909524	34154849	103	-0.8835
b50c051b-5569-418c-8b3d-5dde7eb77824	9	34155114	35512544	669	0.0234
b50c051b-5569-418c-8b3d-5dde7eb77824	9	35517810	35659283	65	-0.4651
b50c051b-5569-418c-8b3d-5dde7eb77824	9	35662883	35685892	19	0.0892
b50c051b-5569-418c-8b3d-5dde7eb77824	9	35687199	36180146	277	-0.4714
b50c051b-5569-418c-8b3d-5dde7eb77824	9	36181678	68755319	2025	0.0181
b50c051b-5569-418c-8b3d-5dde7eb77824	9	68756051	68970935	185	-0.6104
b50c051b-5569-418c-8b3d-5dde7eb77824	9	68972933	69138310	149	-0.0266
b50c051b-5569-418c-8b3d-5dde7eb77824	9	69138354	71414481	1617	0.3213
b50c051b-5569-418c-8b3d-5dde7eb77824	9	71421524	71558151	110	-0.0777
b50c051b-5569-418c-8b3d-5dde7eb77824	9	71558619	73138228	1023	0.3036
b50c051b-5569-418c-8b3d-5dde7eb77824	9	73138281	73795425	375	-0.0494
b50c051b-5569-418c-8b3d-5dde7eb77824	9	73795752	73908760	70	0.2468
b50c051b-5569-418c-8b3d-5dde7eb77824	9	73909629	102811678	19041	-0.0526
b50c051b-5569-418c-8b3d-5dde7eb77824	9	102812414	103123944	79	0.3962
b50c051b-5569-418c-8b3d-5dde7eb77824	9	103126146	106233869	1969	-0.0689
b50c051b-5569-418c-8b3d-5dde7eb77824	9	106238610	108160647	1468	0.3125
b50c051b-5569-418c-8b3d-5dde7eb77824	9	108160738	108971319	727	-0.0406
b50c051b-5569-418c-8b3d-5dde7eb77824	9	108973605	110044992	842	0.3087
b50c051b-5569-418c-8b3d-5dde7eb77824	9	110047214	111014891	710	-0.0708
b50c051b-5569-418c-8b3d-5dde7eb77824	9	111017156	111264093	189	0.3151
b50c051b-5569-418c-8b3d-5dde7eb77824	9	111264789	111311090	55	-0.0676
b50c051b-5569-418c-8b3d-5dde7eb77824	9	111312425	111486735	106	0.2755
b50c051b-5569-418c-8b3d-5dde7eb77824	9	111487676	112404977	578	-0.0946
b50c051b-5569-418c-8b3d-5dde7eb77824	9	112407026	124297845	8175	0.3225
b50c051b-5569-418c-8b3d-5dde7eb77824	9	124299996	124353823	34	0.5281
b50c051b-5569-418c-8b3d-5dde7eb77824	9	124356107	124449429	50	0.9239
b50c051b-5569-418c-8b3d-5dde7eb77824	9	124457854	125442480	475	0.6099
b50c051b-5569-418c-8b3d-5dde7eb77824	9	125445955	128769339	1854	0.3236
b50c051b-5569-418c-8b3d-5dde7eb77824	9	128775576	130633901	912	-0.0704
b50c051b-5569-418c-8b3d-5dde7eb77824	9	130641831	130937338	317	0.3246
b50c051b-5569-418c-8b3d-5dde7eb77824	9	130947709	138044505	3370	-0.0607
b50c051b-5569-418c-8b3d-5dde7eb77824	10	366509	7188862	4596	-0.0467
b50c051b-5569-418c-8b3d-5dde7eb77824	10	7190184	7286203	76	0.3181
b50c051b-5569-418c-8b3d-5dde7eb77824	10	7288126	8313147	801	-0.0595
b50c051b-5569-418c-8b3d-5dde7eb77824	10	8315669	8445453	116	0.3735
b50c051b-5569-418c-8b3d-5dde7eb77824	10	8447928	10391996	1357	-0.0209
b50c051b-5569-418c-8b3d-5dde7eb77824	10	10394172	10579297	177	0.3567
b50c051b-5569-418c-8b3d-5dde7eb77824	10	10582160	12603508	1485	-0.0586
b50c051b-5569-418c-8b3d-5dde7eb77824	10	12603888	12713028	78	0.276
b50c051b-5569-418c-8b3d-5dde7eb77824	10	12713034	13385338	564	-0.0629
b50c051b-5569-418c-8b3d-5dde7eb77824	10	13390194	13438815	40	0.3816
b50c051b-5569-418c-8b3d-5dde7eb77824	10	13441868	15169740	1483	-0.0535
b50c051b-5569-418c-8b3d-5dde7eb77824	10	15173316	15207776	26	0.3232
b50c051b-5569-418c-8b3d-5dde7eb77824	10	15208314	15316442	84	-0.0631
b50c051b-5569-418c-8b3d-5dde7eb77824	10	15316457	15366767	50	0.2953
b50c051b-5569-418c-8b3d-5dde7eb77824	10	15369520	15848339	378	-0.0655
b50c051b-5569-418c-8b3d-5dde7eb77824	10	15848821	15850332	2	-1.7421
b50c051b-5569-418c-8b3d-5dde7eb77824	10	15850692	15912507	44	0.2279
b50c051b-5569-418c-8b3d-5dde7eb77824	10	15923992	16390846	324	-0.0448
b50c051b-5569-418c-8b3d-5dde7eb77824	10	16392385	16410379	14	0.4547
b50c051b-5569-418c-8b3d-5dde7eb77824	10	16410813	16516291	55	-0.0692
b50c051b-5569-418c-8b3d-5dde7eb77824	10	16516810	16638027	87	0.3214
b50c051b-5569-418c-8b3d-5dde7eb77824	10	16640795	18218082	1108	-0.0661
b50c051b-5569-418c-8b3d-5dde7eb77824	10	18222474	18323689	75	0.3473
b50c051b-5569-418c-8b3d-5dde7eb77824	10	18324177	18470153	153	-0.0272
b50c051b-5569-418c-8b3d-5dde7eb77824	10	18471548	18523691	52	0.3099
b50c051b-5569-418c-8b3d-5dde7eb77824	10	18525265	18863736	251	-0.0662
b50c051b-5569-418c-8b3d-5dde7eb77824	10	18864383	19014519	74	0.2547
b50c051b-5569-418c-8b3d-5dde7eb77824	10	19015564	19083842	35	-0.0526
b50c051b-5569-418c-8b3d-5dde7eb77824	10	19084557	19153255	29	0.3713
b50c051b-5569-418c-8b3d-5dde7eb77824	10	19154056	20308842	920	-0.0492
b50c051b-5569-418c-8b3d-5dde7eb77824	10	20309705	20360600	64	0.3324
b50c051b-5569-418c-8b3d-5dde7eb77824	10	20369898	20848891	379	-0.0545
b50c051b-5569-418c-8b3d-5dde7eb77824	10	20849802	20927439	57	0.2886
b50c051b-5569-418c-8b3d-5dde7eb77824	10	20930999	25118106	2536	-0.0639
b50c051b-5569-418c-8b3d-5dde7eb77824	10	25120682	25243954	64	0.2756
b50c051b-5569-418c-8b3d-5dde7eb77824	10	25244081	26533210	877	-0.0771
b50c051b-5569-418c-8b3d-5dde7eb77824	10	26533896	26670273	86	0.2925
b50c051b-5569-418c-8b3d-5dde7eb77824	10	26670623	27890124	658	-0.0771
b50c051b-5569-418c-8b3d-5dde7eb77824	10	27890258	27973905	54	0.3387
b50c051b-5569-418c-8b3d-5dde7eb77824	10	27980641	28668925	470	-0.0295
b50c051b-5569-418c-8b3d-5dde7eb77824	10	28671689	28796622	90	0.3461
b50c051b-5569-418c-8b3d-5dde7eb77824	10	28798407	29284988	439	-0.0324
b50c051b-5569-418c-8b3d-5dde7eb77824	10	29285222	29355643	64	0.3594
b50c051b-5569-418c-8b3d-5dde7eb77824	10	29355749	29652233	227	-0.0315
b50c051b-5569-418c-8b3d-5dde7eb77824	10	29654947	29948567	254	0.3292
b50c051b-5569-418c-8b3d-5dde7eb77824	10	29950450	30278050	253	-0.068
b50c051b-5569-418c-8b3d-5dde7eb77824	10	30282250	30384669	58	0.3043
b50c051b-5569-418c-8b3d-5dde7eb77824	10	30384790	32131146	1190	-0.0767
b50c051b-5569-418c-8b3d-5dde7eb77824	10	32131163	32295578	98	0.3105
b50c051b-5569-418c-8b3d-5dde7eb77824	10	32296558	33236908	579	-0.0518
b50c051b-5569-418c-8b3d-5dde7eb77824	10	33237463	33272660	38	0.3657
b50c051b-5569-418c-8b3d-5dde7eb77824	10	33274965	34175345	659	-0.0344
b50c051b-5569-418c-8b3d-5dde7eb77824	10	34177787	34300284	91	0.2918
b50c051b-5569-418c-8b3d-5dde7eb77824	10	34300814	35448016	484	-0.0397
b50c051b-5569-418c-8b3d-5dde7eb77824	10	35451536	35600129	85	0.3114
b50c051b-5569-418c-8b3d-5dde7eb77824	10	35605833	35649772	31	-0.1549
b50c051b-5569-418c-8b3d-5dde7eb77824	10	35650824	35832618	160	0.3361
b50c051b-5569-418c-8b3d-5dde7eb77824	10	35832683	42564881	1680	-0.0132
b50c051b-5569-418c-8b3d-5dde7eb77824	10	42565362	42624308	38	0.3423
b50c051b-5569-418c-8b3d-5dde7eb77824	10	42625900	42810787	71	-0.0459
b50c051b-5569-418c-8b3d-5dde7eb77824	10	42815941	42888730	46	0.2532
b50c051b-5569-418c-8b3d-5dde7eb77824	10	42891034	43103927	182	-0.1097
b50c051b-5569-418c-8b3d-5dde7eb77824	10	43108430	43164031	60	0.3497
b50c051b-5569-418c-8b3d-5dde7eb77824	10	43164270	43183535	11	-0.0372
b50c051b-5569-418c-8b3d-5dde7eb77824	10	43186040	43187039	2	-2.064
b50c051b-5569-418c-8b3d-5dde7eb77824	10	43188152	43575624	200	-0.0786
b50c051b-5569-418c-8b3d-5dde7eb77824	10	43582103	43634205	38	0.3891
b50c051b-5569-418c-8b3d-5dde7eb77824	10	43634448	43755786	86	-0.0477
b50c051b-5569-418c-8b3d-5dde7eb77824	10	43757348	44241588	352	0.35
b50c051b-5569-418c-8b3d-5dde7eb77824	10	44241798	46041001	850	-0.0655
b50c051b-5569-418c-8b3d-5dde7eb77824	10	47084490	47261838	135	0.372
b50c051b-5569-418c-8b3d-5dde7eb77824	10	47261909	49163052	858	-0.017
b50c051b-5569-418c-8b3d-5dde7eb77824	10	49165476	49215561	35	0.339
b50c051b-5569-418c-8b3d-5dde7eb77824	10	49216117	52300341	1593	-0.0327
b50c051b-5569-418c-8b3d-5dde7eb77824	10	52301678	52388866	49	0.3459
b50c051b-5569-418c-8b3d-5dde7eb77824	10	52393255	52882535	378	-0.0134
b50c051b-5569-418c-8b3d-5dde7eb77824	10	52884909	52955340	55	0.3323
b50c051b-5569-418c-8b3d-5dde7eb77824	10	52957282	53078078	116	-0.0764
b50c051b-5569-418c-8b3d-5dde7eb77824	10	53078336	53377601	143	0.2957
b50c051b-5569-418c-8b3d-5dde7eb77824	10	53377685	53382341	3	-1.3165
b50c051b-5569-418c-8b3d-5dde7eb77824	10	53382403	53748460	181	0.3356
b50c051b-5569-418c-8b3d-5dde7eb77824	10	53748660	54360806	456	-0.0481
b50c051b-5569-418c-8b3d-5dde7eb77824	10	54361223	54481430	113	0.3284
b50c051b-5569-418c-8b3d-5dde7eb77824	10	54487038	56631296	774	-0.0466
b50c051b-5569-418c-8b3d-5dde7eb77824	10	56634136	56800872	86	0.3024
b50c051b-5569-418c-8b3d-5dde7eb77824	10	56800912	59921621	2142	-0.0333
b50c051b-5569-418c-8b3d-5dde7eb77824	10	59921980	60170514	211	0.2563
b50c051b-5569-418c-8b3d-5dde7eb77824	10	60170641	60353653	155	-0.0676
b50c051b-5569-418c-8b3d-5dde7eb77824	10	60356625	60650747	198	0.2887
b50c051b-5569-418c-8b3d-5dde7eb77824	10	60653548	61846733	789	-0.0562
b50c051b-5569-418c-8b3d-5dde7eb77824	10	61850423	61892372	35	0.2872
b50c051b-5569-418c-8b3d-5dde7eb77824	10	61893003	62981602	715	-0.0761
b50c051b-5569-418c-8b3d-5dde7eb77824	10	62990603	63029647	25	0.3475
b50c051b-5569-418c-8b3d-5dde7eb77824	10	63044971	64937222	1120	-0.0691
b50c051b-5569-418c-8b3d-5dde7eb77824	10	64938077	64976040	26	0.3791
b50c051b-5569-418c-8b3d-5dde7eb77824	10	64976194	65173573	121	-0.0473
b50c051b-5569-418c-8b3d-5dde7eb77824	10	65173606	65271195	81	0.2909
b50c051b-5569-418c-8b3d-5dde7eb77824	10	65272145	67270090	901	-0.0452
b50c051b-5569-418c-8b3d-5dde7eb77824	10	67277974	67568303	156	-0.6306
b50c051b-5569-418c-8b3d-5dde7eb77824	10	67569123	67797713	114	0.295
b50c051b-5569-418c-8b3d-5dde7eb77824	10	67797759	68742923	480	-0.0816
b50c051b-5569-418c-8b3d-5dde7eb77824	10	68752812	68820079	38	0.4812
b50c051b-5569-418c-8b3d-5dde7eb77824	10	68821114	70584278	1278	-0.0582
b50c051b-5569-418c-8b3d-5dde7eb77824	10	70584823	70608852	29	0.4343
b50c051b-5569-418c-8b3d-5dde7eb77824	10	70613462	71211981	338	-0.0551
b50c051b-5569-418c-8b3d-5dde7eb77824	10	71215705	71245280	27	0.3598
b50c051b-5569-418c-8b3d-5dde7eb77824	10	71247458	71358847	84	-0.0564
b50c051b-5569-418c-8b3d-5dde7eb77824	10	71365606	71670309	277	0.339
b50c051b-5569-418c-8b3d-5dde7eb77824	10	71671813	72491380	434	-0.0771
b50c051b-5569-418c-8b3d-5dde7eb77824	10	72493718	72575000	44	0.3348
b50c051b-5569-418c-8b3d-5dde7eb77824	10	72584262	73119946	212	-0.0364
b50c051b-5569-418c-8b3d-5dde7eb77824	10	73126162	73218023	41	0.3128
b50c051b-5569-418c-8b3d-5dde7eb77824	10	73218914	73548782	120	-0.0187
b50c051b-5569-418c-8b3d-5dde7eb77824	10	73557772	73614019	28	0.3959
b50c051b-5569-418c-8b3d-5dde7eb77824	10	73616707	74539557	382	-0.0507
b50c051b-5569-418c-8b3d-5dde7eb77824	10	74544011	74820768	120	0.302
b50c051b-5569-418c-8b3d-5dde7eb77824	10	74821820	76374773	999	-0.0714
b50c051b-5569-418c-8b3d-5dde7eb77824	10	76375361	76467931	77	0.3768
b50c051b-5569-418c-8b3d-5dde7eb77824	10	76505371	76620916	95	-0.0246
b50c051b-5569-418c-8b3d-5dde7eb77824	10	76632560	76823961	123	0.3139
b50c051b-5569-418c-8b3d-5dde7eb77824	10	76824542	82457667	3743	-0.0534
b50c051b-5569-418c-8b3d-5dde7eb77824	10	82503700	82561890	35	0.3296
b50c051b-5569-418c-8b3d-5dde7eb77824	10	82569511	84057389	1124	-0.0395
b50c051b-5569-418c-8b3d-5dde7eb77824	10	84058488	84086784	25	0.335
b50c051b-5569-418c-8b3d-5dde7eb77824	10	84088677	84650523	369	-0.0645
b50c051b-5569-418c-8b3d-5dde7eb77824	10	84652425	84672515	23	0.3654
b50c051b-5569-418c-8b3d-5dde7eb77824	10	84672735	87926752	1958	-0.0451
b50c051b-5569-418c-8b3d-5dde7eb77824	10	87940914	88281585	322	0.2488
b50c051b-5569-418c-8b3d-5dde7eb77824	10	88284410	88579940	136	-0.0564
b50c051b-5569-418c-8b3d-5dde7eb77824	10	88580955	88706539	61	0.357
b50c051b-5569-418c-8b3d-5dde7eb77824	10	88706786	93626749	2925	-0.0666
b50c051b-5569-418c-8b3d-5dde7eb77824	10	93629991	94106162	335	0.2981
b50c051b-5569-418c-8b3d-5dde7eb77824	10	94108363	96071336	1048	-0.0603
b50c051b-5569-418c-8b3d-5dde7eb77824	10	96077066	96197273	99	0.2873
b50c051b-5569-418c-8b3d-5dde7eb77824	10	96197374	99398973	2021	-0.0581
b50c051b-5569-418c-8b3d-5dde7eb77824	10	99402689	99504405	83	0.3122
b50c051b-5569-418c-8b3d-5dde7eb77824	10	99512032	100437705	522	-0.0774
b50c051b-5569-418c-8b3d-5dde7eb77824	10	100441894	100512924	41	0.2841
b50c051b-5569-418c-8b3d-5dde7eb77824	10	100515526	100985749	271	-0.0568
b50c051b-5569-418c-8b3d-5dde7eb77824	10	100989312	101057868	38	0.2942
b50c051b-5569-418c-8b3d-5dde7eb77824	10	101060467	101241224	107	-0.1029
b50c051b-5569-418c-8b3d-5dde7eb77824	10	101245417	101363060	62	0.299
b50c051b-5569-418c-8b3d-5dde7eb77824	10	101363329	102071429	282	-0.032
b50c051b-5569-418c-8b3d-5dde7eb77824	10	102081916	102222133	57	0.5806
b50c051b-5569-418c-8b3d-5dde7eb77824	10	102235087	102666254	178	0.2755
b50c051b-5569-418c-8b3d-5dde7eb77824	10	102666276	103289948	319	-0.0933
b50c051b-5569-418c-8b3d-5dde7eb77824	10	103290361	103659529	134	0.412
b50c051b-5569-418c-8b3d-5dde7eb77824	10	103669205	104250503	398	-0.1212
b50c051b-5569-418c-8b3d-5dde7eb77824	10	104253912	104287497	37	0.314
b50c051b-5569-418c-8b3d-5dde7eb77824	10	104290965	104805371	340	-0.0617
b50c051b-5569-418c-8b3d-5dde7eb77824	10	104806324	104848022	39	0.4089
b50c051b-5569-418c-8b3d-5dde7eb77824	10	104850272	107555317	1910	-0.0317
b50c051b-5569-418c-8b3d-5dde7eb77824	10	107555509	107650303	79	0.2731
b50c051b-5569-418c-8b3d-5dde7eb77824	10	107652376	108667002	653	-0.0347
b50c051b-5569-418c-8b3d-5dde7eb77824	10	108667178	108831357	97	0.3491
b50c051b-5569-418c-8b3d-5dde7eb77824	10	108831861	110259930	772	-0.0778
b50c051b-5569-418c-8b3d-5dde7eb77824	10	110260157	110344222	43	0.3212
b50c051b-5569-418c-8b3d-5dde7eb77824	10	110351719	111392897	767	-0.1003
b50c051b-5569-418c-8b3d-5dde7eb77824	10	111393206	111521669	98	0.326
b50c051b-5569-418c-8b3d-5dde7eb77824	10	111522857	111652981	119	-0.0387
b50c051b-5569-418c-8b3d-5dde7eb77824	10	111655433	111762098	60	0.3124
b50c051b-5569-418c-8b3d-5dde7eb77824	10	111762347	112060523	226	-0.0755
b50c051b-5569-418c-8b3d-5dde7eb77824	10	112061663	112410121	259	0.3259
b50c051b-5569-418c-8b3d-5dde7eb77824	10	112419525	112522934	56	-0.0634
b50c051b-5569-418c-8b3d-5dde7eb77824	10	112524846	112555792	19	0.3236
b50c051b-5569-418c-8b3d-5dde7eb77824	10	112557735	112575545	18	-0.0657
b50c051b-5569-418c-8b3d-5dde7eb77824	10	112576914	112708717	103	0.3236
b50c051b-5569-418c-8b3d-5dde7eb77824	10	112711806	113195570	290	-0.0952
b50c051b-5569-418c-8b3d-5dde7eb77824	10	113209142	113321101	96	0.3411
b50c051b-5569-418c-8b3d-5dde7eb77824	10	113325172	115493275	1467	-0.0501
b50c051b-5569-418c-8b3d-5dde7eb77824	10	115493714	115599432	69	0.2909
b50c051b-5569-418c-8b3d-5dde7eb77824	10	115600011	116540143	718	-0.032
b50c051b-5569-418c-8b3d-5dde7eb77824	10	116542009	116601858	33	0.2968
b50c051b-5569-418c-8b3d-5dde7eb77824	10	116602375	116825938	166	-0.0463
b50c051b-5569-418c-8b3d-5dde7eb77824	10	116826479	116861485	25	0.3805
b50c051b-5569-418c-8b3d-5dde7eb77824	10	116862617	117246587	202	-0.0293
b50c051b-5569-418c-8b3d-5dde7eb77824	10	117247041	117320786	58	0.3237
b50c051b-5569-418c-8b3d-5dde7eb77824	10	117322805	117668057	242	-0.0582
b50c051b-5569-418c-8b3d-5dde7eb77824	10	117669707	117732349	69	0.3739
b50c051b-5569-418c-8b3d-5dde7eb77824	10	117734295	118668447	661	-0.0284
b50c051b-5569-418c-8b3d-5dde7eb77824	10	118669269	118701883	23	0.362
b50c051b-5569-418c-8b3d-5dde7eb77824	10	118706411	119339391	391	-0.0878
b50c051b-5569-418c-8b3d-5dde7eb77824	10	119343177	119371066	31	0.3332
b50c051b-5569-418c-8b3d-5dde7eb77824	10	119371368	119828526	252	-0.0529
b50c051b-5569-418c-8b3d-5dde7eb77824	10	119832031	119892668	33	0.3036
b50c051b-5569-418c-8b3d-5dde7eb77824	10	119899633	122302938	2112	-0.0375
b50c051b-5569-418c-8b3d-5dde7eb77824	10	122305059	125502525	2037	-0.6218
b50c051b-5569-418c-8b3d-5dde7eb77824	10	125506455	125556289	43	-0.0645
b50c051b-5569-418c-8b3d-5dde7eb77824	10	125557750	127894654	1815	-0.6005
b50c051b-5569-418c-8b3d-5dde7eb77824	10	127899313	127981061	50	-0.1305
b50c051b-5569-418c-8b3d-5dde7eb77824	10	127987734	128048856	39	-0.7137
b50c051b-5569-418c-8b3d-5dde7eb77824	10	128052420	128081877	34	-0.0503
b50c051b-5569-418c-8b3d-5dde7eb77824	10	128084846	132536505	2270	-0.6002
b50c051b-5569-418c-8b3d-5dde7eb77824	10	132543713	132652659	52	-0.0452
b50c051b-5569-418c-8b3d-5dde7eb77824	10	132662290	133383915	129	-0.5962
b50c051b-5569-418c-8b3d-5dde7eb77824	10	133389952	133411599	10	-0.1252
b50c051b-5569-418c-8b3d-5dde7eb77824	11	456012	77724786	40678	-0.0835
b50c051b-5569-418c-8b3d-5dde7eb77824	11	77734673	77917245	87	0.3086
b50c051b-5569-418c-8b3d-5dde7eb77824	11	77929801	80562651	1946	-0.0782
b50c051b-5569-418c-8b3d-5dde7eb77824	11	80565324	118371522	23736	0.2836
b50c051b-5569-418c-8b3d-5dde7eb77824	11	118384563	118853878	345	0.5408
b50c051b-5569-418c-8b3d-5dde7eb77824	11	118854185	134272740	10607	0.2995
b50c051b-5569-418c-8b3d-5dde7eb77824	12	780472	6594254	3674	-0.0643
b50c051b-5569-418c-8b3d-5dde7eb77824	12	6597816	7045219	160	0.2409
b50c051b-5569-418c-8b3d-5dde7eb77824	12	7046063	23611686	9507	-0.0829
b50c051b-5569-418c-8b3d-5dde7eb77824	12	23612138	23738680	112	-0.5493
b50c051b-5569-418c-8b3d-5dde7eb77824	12	23743678	33368172	6211	-0.0853
b50c051b-5569-418c-8b3d-5dde7eb77824	12	33368216	109247740	42168	0.5527
b50c051b-5569-418c-8b3d-5dde7eb77824	12	109248061	109700724	299	0.8309
b50c051b-5569-418c-8b3d-5dde7eb77824	12	109719176	113375455	1849	0.5319
b50c051b-5569-418c-8b3d-5dde7eb77824	12	113381324	119979886	4367	0.5943
b50c051b-5569-418c-8b3d-5dde7eb77824	12	119982866	123834554	1648	0.5384
b50c051b-5569-418c-8b3d-5dde7eb77824	12	123834712	131715002	4066	0.6111
b50c051b-5569-418c-8b3d-5dde7eb77824	12	131715057	132605822	199	0.5352
b50c051b-5569-418c-8b3d-5dde7eb77824	13	18874255	25015857	2961	-0.6109
b50c051b-5569-418c-8b3d-5dde7eb77824	13	25021545	25024108	7	-5.8102
b50c051b-5569-418c-8b3d-5dde7eb77824	13	25028625	48397442	15659	-0.62
b50c051b-5569-418c-8b3d-5dde7eb77824	13	48409557	48503532	99	-1.3268
b50c051b-5569-418c-8b3d-5dde7eb77824	13	48505367	96418213	26148	-0.5933
b50c051b-5569-418c-8b3d-5dde7eb77824	13	96418857	96421723	3	-3.2679
b50c051b-5569-418c-8b3d-5dde7eb77824	13	96424513	114226675	11619	-0.6192
b50c051b-5569-418c-8b3d-5dde7eb77824	14	20033191	25848096	2660	-0.6254
b50c051b-5569-418c-8b3d-5dde7eb77824	14	25848819	31949778	3262	-0.5497
b50c051b-5569-418c-8b3d-5dde7eb77824	14	31950192	36836002	3258	-0.5998
b50c051b-5569-418c-8b3d-5dde7eb77824	14	36836886	105533894	40419	-0.0632
b50c051b-5569-418c-8b3d-5dde7eb77824	15	23437561	36944141	6223	-0.5638
b50c051b-5569-418c-8b3d-5dde7eb77824	15	36946398	36951985	2	-3.3653
b50c051b-5569-418c-8b3d-5dde7eb77824	15	36952715	39537027	1777	-0.5665
b50c051b-5569-418c-8b3d-5dde7eb77824	15	39537334	39542236	5	-4.0808
b50c051b-5569-418c-8b3d-5dde7eb77824	15	39546650	41992602	1209	-0.5891
b50c051b-5569-418c-8b3d-5dde7eb77824	15	41993297	42596671	354	-0.06
b50c051b-5569-418c-8b3d-5dde7eb77824	15	42596849	46408513	1683	-0.5408
b50c051b-5569-418c-8b3d-5dde7eb77824	15	46408651	64983406	12147	-0.0543
b50c051b-5569-418c-8b3d-5dde7eb77824	15	64987252	65270094	125	0.3051
b50c051b-5569-418c-8b3d-5dde7eb77824	15	65270254	98690570	19782	-0.0513
b50c051b-5569-418c-8b3d-5dde7eb77824	15	98693273	98700478	2	-2.3837
b50c051b-5569-418c-8b3d-5dde7eb77824	15	98704566	101344124	1313	-0.0484
b50c051b-5569-418c-8b3d-5dde7eb77824	16	603333	603862	6	-0.013
b50c051b-5569-418c-8b3d-5dde7eb77824	16	605262	1201281	101	0.2678
b50c051b-5569-418c-8b3d-5dde7eb77824	16	1223803	1855873	216	0.5562
b50c051b-5569-418c-8b3d-5dde7eb77824	16	1862020	5003397	1318	0.2577
b50c051b-5569-418c-8b3d-5dde7eb77824	16	5004997	27022880	10934	0.3147
b50c051b-5569-418c-8b3d-5dde7eb77824	16	27023153	46581419	1458	0.2515
b50c051b-5569-418c-8b3d-5dde7eb77824	16	46581450	62335299	10235	-0.0457
b50c051b-5569-418c-8b3d-5dde7eb77824	16	62336257	62495672	100	0.5686
b50c051b-5569-418c-8b3d-5dde7eb77824	16	62505522	66442921	2761	-0.0275
b50c051b-5569-418c-8b3d-5dde7eb77824	16	66443041	67549919	479	0.2616
b50c051b-5569-418c-8b3d-5dde7eb77824	16	67550756	68078139	181	0.4942
b50c051b-5569-418c-8b3d-5dde7eb77824	16	68082115	68156637	30	0.0118
b50c051b-5569-418c-8b3d-5dde7eb77824	16	68161338	68534976	196	0.5542
b50c051b-5569-418c-8b3d-5dde7eb77824	16	68535742	89317317	13097	-0.0309
b50c051b-5569-418c-8b3d-5dde7eb77824	17	1074619	16496498	7799	-0.5824
b50c051b-5569-418c-8b3d-5dde7eb77824	17	16497781	16549673	33	0.0408
b50c051b-5569-418c-8b3d-5dde7eb77824	17	16549824	16924480	89	-0.6094
b50c051b-5569-418c-8b3d-5dde7eb77824	17	16929263	16937557	5	-2.0375
b50c051b-5569-418c-8b3d-5dde7eb77824	17	16937575	27908024	2183	-0.5906
b50c051b-5569-418c-8b3d-5dde7eb77824	17	27910218	38914405	4780	-0.0471
b50c051b-5569-418c-8b3d-5dde7eb77824	17	38915939	39561124	283	0.2949
b50c051b-5569-418c-8b3d-5dde7eb77824	17	39562980	47778590	3240	-0.0665
b50c051b-5569-418c-8b3d-5dde7eb77824	17	47781470	48508528	412	0.307
b50c051b-5569-418c-8b3d-5dde7eb77824	17	48508760	51670198	1475	-0.0968
b50c051b-5569-418c-8b3d-5dde7eb77824	17	51672667	56046089	2785	-0.0241
b50c051b-5569-418c-8b3d-5dde7eb77824	17	56046872	62351641	3516	-0.0655
b50c051b-5569-418c-8b3d-5dde7eb77824	17	62352546	62354007	5	-1.8253
b50c051b-5569-418c-8b3d-5dde7eb77824	17	62355992	63868089	650	-0.0529
b50c051b-5569-418c-8b3d-5dde7eb77824	17	63911447	64498098	300	0.2818
b50c051b-5569-418c-8b3d-5dde7eb77824	17	64503583	75014924	6274	-0.0342
b50c051b-5569-418c-8b3d-5dde7eb77824	17	75015472	75292850	114	0.2552
b50c051b-5569-418c-8b3d-5dde7eb77824	17	75293215	82294743	2828	-0.0693
b50c051b-5569-418c-8b3d-5dde7eb77824	17	82295078	82959812	335	0.2805
b50c051b-5569-418c-8b3d-5dde7eb77824	18	326691	12895284	7358	-0.5857
b50c051b-5569-418c-8b3d-5dde7eb77824	18	12903373	36299194	9885	-0.0525
b50c051b-5569-418c-8b3d-5dde7eb77824	18	36299434	36423064	107	-0.5888
b50c051b-5569-418c-8b3d-5dde7eb77824	18	36423985	36634348	213	-1.4435
b50c051b-5569-418c-8b3d-5dde7eb77824	18	36634501	36924544	248	-0.5305
b50c051b-5569-418c-8b3d-5dde7eb77824	18	36925296	79349796	25006	-0.0629
b50c051b-5569-418c-8b3d-5dde7eb77824	19	283868	2974629	624	0.2693
b50c051b-5569-418c-8b3d-5dde7eb77824	19	2982836	3319783	106	0.5989
b50c051b-5569-418c-8b3d-5dde7eb77824	19	3321679	3342948	12	1.0708
b50c051b-5569-418c-8b3d-5dde7eb77824	19	3348271	3599136	64	0.5354
b50c051b-5569-418c-8b3d-5dde7eb77824	19	3605541	3851673	65	0.2776
b50c051b-5569-418c-8b3d-5dde7eb77824	19	3856450	5212912	326	0.5913
b50c051b-5569-418c-8b3d-5dde7eb77824	19	5213407	5354579	62	0.3504
b50c051b-5569-418c-8b3d-5dde7eb77824	19	5357126	7628865	919	0.6308
b50c051b-5569-418c-8b3d-5dde7eb77824	19	7629135	8515718	362	0.2504
b50c051b-5569-418c-8b3d-5dde7eb77824	19	8520034	10451476	971	0.6295
b50c051b-5569-418c-8b3d-5dde7eb77824	19	10461930	10705273	109	0.2609
b50c051b-5569-418c-8b3d-5dde7eb77824	19	10708499	10866574	68	0.5601
b50c051b-5569-418c-8b3d-5dde7eb77824	19	10867298	10882455	5	1.4869
b50c051b-5569-418c-8b3d-5dde7eb77824	19	10884682	11096865	93	0.6656
b50c051b-5569-418c-8b3d-5dde7eb77824	19	11097533	12831936	741	0.2853
b50c051b-5569-418c-8b3d-5dde7eb77824	19	12836093	13706238	401	0.5311
b50c051b-5569-418c-8b3d-5dde7eb77824	19	13706502	16084561	1219	0.8023
b50c051b-5569-418c-8b3d-5dde7eb77824	19	16087235	16246497	80	0.5063
b50c051b-5569-418c-8b3d-5dde7eb77824	19	16246646	17178291	437	0.2804
b50c051b-5569-418c-8b3d-5dde7eb77824	19	17180933	18129488	384	0.5804
b50c051b-5569-418c-8b3d-5dde7eb77824	19	18129573	18792999	242	0.3062
b50c051b-5569-418c-8b3d-5dde7eb77824	19	18797707	19094126	125	0.822
b50c051b-5569-418c-8b3d-5dde7eb77824	19	19097287	19161382	39	1.1845
b50c051b-5569-418c-8b3d-5dde7eb77824	19	19167740	27752285	1601	0.6006
b50c051b-5569-418c-8b3d-5dde7eb77824	19	27757509	34070287	4486	0.3442
b50c051b-5569-418c-8b3d-5dde7eb77824	19	34071184	46176154	5541	0.2936
b50c051b-5569-418c-8b3d-5dde7eb77824	19	46177043	46435531	127	0.3694
b50c051b-5569-418c-8b3d-5dde7eb77824	19	46443416	46667387	96	0.6155
b50c051b-5569-418c-8b3d-5dde7eb77824	19	46668200	58370362	4829	0.3074
b50c051b-5569-418c-8b3d-5dde7eb77824	20	472817	37618576	20008	-0.0491
b50c051b-5569-418c-8b3d-5dde7eb77824	20	37627078	38116877	328	0.3179
b50c051b-5569-418c-8b3d-5dde7eb77824	20	38117563	41326852	2122	-0.0422
b50c051b-5569-418c-8b3d-5dde7eb77824	20	41327874	41632434	151	0.3509
b50c051b-5569-418c-8b3d-5dde7eb77824	20	41634817	63588502	14838	-0.0485
b50c051b-5569-418c-8b3d-5dde7eb77824	21	13974127	24870778	6753	-0.0564
b50c051b-5569-418c-8b3d-5dde7eb77824	21	24872606	28261191	2401	0.3072
b50c051b-5569-418c-8b3d-5dde7eb77824	21	28261479	33125781	3114	-0.0599
b50c051b-5569-418c-8b3d-5dde7eb77824	21	33128821	34860683	1053	0.3011
b50c051b-5569-418c-8b3d-5dde7eb77824	21	34860879	39245402	3189	-0.0685
b50c051b-5569-418c-8b3d-5dde7eb77824	21	39246561	41349857	1625	-0.016
b50c051b-5569-418c-8b3d-5dde7eb77824	21	41351572	46262057	2408	-0.0797
b50c051b-5569-418c-8b3d-5dde7eb77824	22	16934932	38924823	10669	-0.5793
b50c051b-5569-418c-8b3d-5dde7eb77824	22	38924885	39350723	135	-0.0748
b50c051b-5569-418c-8b3d-5dde7eb77824	22	39351775	47356532	4788	-0.5936
b50c051b-5569-418c-8b3d-5dde7eb77824	22	47356572	47357764	3	-3.9432
b50c051b-5569-418c-8b3d-5dde7eb77824	22	47357825	48940621	1298	-0.5881
b50c051b-5569-418c-8b3d-5dde7eb77824	X	3236359	19837895	6687	-0.047
b50c051b-5569-418c-8b3d-5dde7eb77824	X	19840305	20375277	208	0.3504
b50c051b-5569-418c-8b3d-5dde7eb77824	X	20376207	32918085	6952	-0.0428
b50c051b-5569-418c-8b3d-5dde7eb77824	X	32919264	32951163	24	-0.6108
b50c051b-5569-418c-8b3d-5dde7eb77824	X	34015333	63584005	10218	-0.0419
b50c051b-5569-418c-8b3d-5dde7eb77824	X	63587427	63643123	20	-0.5306
b50c051b-5569-418c-8b3d-5dde7eb77824	X	63645469	97072240	12704	-0.0514
b50c051b-5569-418c-8b3d-5dde7eb77824	X	97073149	97250618	110	-0.6815
b50c051b-5569-418c-8b3d-5dde7eb77824	X	97252144	121066790	11349	-0.0541
b50c051b-5569-418c-8b3d-5dde7eb77824	X	121067707	121269110	141	-0.5726
b50c051b-5569-418c-8b3d-5dde7eb77824	X	121270848	121270926	4	0.412
b50c051b-5569-418c-8b3d-5dde7eb77824	X	121274693	121591535	178	-0.557
b50c051b-5569-418c-8b3d-5dde7eb77824	X	121604854	135122116	6270	-0.0579
b50c051b-5569-418c-8b3d-5dde7eb77824	X	135948342	152669631	8613	0.3337
b50c051b-5569-418c-8b3d-5dde7eb77824	X	152672005	153672571	113	0.6641
b50c051b-5569-418c-8b3d-5dde7eb77824	X	153675857	155677414	282	0.3143
