GDC_Aliquot	Chromosome	Start	End	Num_Probes	Segment_Mean
4ab4aa74-991a-43e6-af3e-afb71e7bbc6c	1	3301765	41740802	20605	-0.4835
4ab4aa74-991a-43e6-af3e-afb71e7bbc6c	1	41741983	41742845	3	-6.7735
4ab4aa74-991a-43e6-af3e-afb71e7bbc6c	1	41742931	247650984	108821	-0.5036
4ab4aa74-991a-43e6-af3e-afb71e7bbc6c	2	480597	97941573	51454	-0.4652
4ab4aa74-991a-43e6-af3e-afb71e7bbc6c	2	97943634	97943701	2	-2.6942
4ab4aa74-991a-43e6-af3e-afb71e7bbc6c	2	97945953	199759511	55314	-0.4637
4ab4aa74-991a-43e6-af3e-afb71e7bbc6c	2	199759911	199762708	3	-2.6451
4ab4aa74-991a-43e6-af3e-afb71e7bbc6c	2	199765002	241537572	25102	-0.4654
4ab4aa74-991a-43e6-af3e-afb71e7bbc6c	3	2170634	12860700	6450	0.0276
4ab4aa74-991a-43e6-af3e-afb71e7bbc6c	3	12863967	12865857	2	-1.5618
4ab4aa74-991a-43e6-af3e-afb71e7bbc6c	3	12866701	116429768	57195	0.0124
4ab4aa74-991a-43e6-af3e-afb71e7bbc6c	3	116429794	116600063	120	-0.5062
4ab4aa74-991a-43e6-af3e-afb71e7bbc6c	3	116600610	116687352	36	-1.5095
4ab4aa74-991a-43e6-af3e-afb71e7bbc6c	3	116688502	117033609	315	-0.5066
4ab4aa74-991a-43e6-af3e-afb71e7bbc6c	3	117033809	126073256	5259	0.0146
4ab4aa74-991a-43e6-af3e-afb71e7bbc6c	3	126079070	127895624	1131	0.0611
4ab4aa74-991a-43e6-af3e-afb71e7bbc6c	3	127897074	197812401	36580	0.0089
4ab4aa74-991a-43e6-af3e-afb71e7bbc6c	4	1059384	2684608	570	0.0128
4ab4aa74-991a-43e6-af3e-afb71e7bbc6c	4	2685469	11620905	5341	0.0442
4ab4aa74-991a-43e6-af3e-afb71e7bbc6c	4	11621536	14407002	2052	0.003
4ab4aa74-991a-43e6-af3e-afb71e7bbc6c	4	14408675	14408715	2	-1.2812
4ab4aa74-991a-43e6-af3e-afb71e7bbc6c	4	14410350	21493057	4731	0.0017
4ab4aa74-991a-43e6-af3e-afb71e7bbc6c	4	21493358	21493372	2	-1.8091
4ab4aa74-991a-43e6-af3e-afb71e7bbc6c	4	21495655	24726007	2139	0.0089
4ab4aa74-991a-43e6-af3e-afb71e7bbc6c	4	24726669	24726857	2	-1.9374
4ab4aa74-991a-43e6-af3e-afb71e7bbc6c	4	24727152	45189839	12029	0.005
4ab4aa74-991a-43e6-af3e-afb71e7bbc6c	4	45190550	45190848	2	-1.4787
4ab4aa74-991a-43e6-af3e-afb71e7bbc6c	4	45193059	60461461	6872	0.0056
4ab4aa74-991a-43e6-af3e-afb71e7bbc6c	4	60461594	60465899	3	1.344
4ab4aa74-991a-43e6-af3e-afb71e7bbc6c	4	60469846	181311108	66535	0.0039
4ab4aa74-991a-43e6-af3e-afb71e7bbc6c	4	181311216	181404827	88	-0.5403
4ab4aa74-991a-43e6-af3e-afb71e7bbc6c	4	181408851	181447325	12	0.0556
4ab4aa74-991a-43e6-af3e-afb71e7bbc6c	4	181450944	181472744	26	-0.5621
4ab4aa74-991a-43e6-af3e-afb71e7bbc6c	4	181474042	181576753	92	0.0525
4ab4aa74-991a-43e6-af3e-afb71e7bbc6c	4	181631890	181713378	72	-0.5337
4ab4aa74-991a-43e6-af3e-afb71e7bbc6c	4	181714136	181743596	56	-0.0083
4ab4aa74-991a-43e6-af3e-afb71e7bbc6c	4	181744273	181795686	46	-0.4964
4ab4aa74-991a-43e6-af3e-afb71e7bbc6c	4	181795783	181845687	36	-0.032
4ab4aa74-991a-43e6-af3e-afb71e7bbc6c	4	181849709	182306497	378	-0.5286
4ab4aa74-991a-43e6-af3e-afb71e7bbc6c	4	182308068	182614883	218	-1.4823
4ab4aa74-991a-43e6-af3e-afb71e7bbc6c	4	183286625	187842528	2084	0.028
4ab4aa74-991a-43e6-af3e-afb71e7bbc6c	5	913983	1308437	63	0.0569
4ab4aa74-991a-43e6-af3e-afb71e7bbc6c	5	1308959	2937022	949	-0.4969
4ab4aa74-991a-43e6-af3e-afb71e7bbc6c	5	2938929	3648935	636	0.0519
4ab4aa74-991a-43e6-af3e-afb71e7bbc6c	5	3653898	7103598	2838	-0.5152
4ab4aa74-991a-43e6-af3e-afb71e7bbc6c	5	7105125	7106058	2	-1.9889
4ab4aa74-991a-43e6-af3e-afb71e7bbc6c	5	7106157	7779635	405	-0.5208
4ab4aa74-991a-43e6-af3e-afb71e7bbc6c	5	7781589	8535145	599	0.0241
4ab4aa74-991a-43e6-af3e-afb71e7bbc6c	5	8535170	13302210	2950	-0.5165
4ab4aa74-991a-43e6-af3e-afb71e7bbc6c	5	13308065	13669791	261	0.0489
4ab4aa74-991a-43e6-af3e-afb71e7bbc6c	5	13678383	15353899	1258	-0.5205
4ab4aa74-991a-43e6-af3e-afb71e7bbc6c	5	15361869	16228423	111	-0.0069
4ab4aa74-991a-43e6-af3e-afb71e7bbc6c	5	16231019	18281918	1135	-0.5364
4ab4aa74-991a-43e6-af3e-afb71e7bbc6c	5	18288658	18979758	354	0.0037
4ab4aa74-991a-43e6-af3e-afb71e7bbc6c	5	18981088	19048884	28	0.6232
4ab4aa74-991a-43e6-af3e-afb71e7bbc6c	5	19053695	20586488	747	0.0159
4ab4aa74-991a-43e6-af3e-afb71e7bbc6c	5	20587250	20787031	74	0.6529
4ab4aa74-991a-43e6-af3e-afb71e7bbc6c	5	20788784	23187516	1181	0.0066
4ab4aa74-991a-43e6-af3e-afb71e7bbc6c	5	23192602	23696530	303	0.6351
4ab4aa74-991a-43e6-af3e-afb71e7bbc6c	5	23696570	24176076	273	0.0265
4ab4aa74-991a-43e6-af3e-afb71e7bbc6c	5	24176083	24324109	78	-0.0594
4ab4aa74-991a-43e6-af3e-afb71e7bbc6c	5	24324175	25006880	419	-0.5519
4ab4aa74-991a-43e6-af3e-afb71e7bbc6c	5	25012558	25038395	14	0.0087
4ab4aa74-991a-43e6-af3e-afb71e7bbc6c	5	25038776	25402676	33	0.1142
4ab4aa74-991a-43e6-af3e-afb71e7bbc6c	5	25402716	25670091	167	0.6328
4ab4aa74-991a-43e6-af3e-afb71e7bbc6c	5	25671210	25824799	98	0.396
4ab4aa74-991a-43e6-af3e-afb71e7bbc6c	5	25829446	27356344	875	-0.5132
4ab4aa74-991a-43e6-af3e-afb71e7bbc6c	5	27357102	27445680	50	0.0119
4ab4aa74-991a-43e6-af3e-afb71e7bbc6c	5	27447756	27505750	40	0.337
4ab4aa74-991a-43e6-af3e-afb71e7bbc6c	5	27535302	29490389	1027	0.0035
4ab4aa74-991a-43e6-af3e-afb71e7bbc6c	5	29491813	29679093	94	-0.5431
4ab4aa74-991a-43e6-af3e-afb71e7bbc6c	5	29682209	29846931	109	0.0378
4ab4aa74-991a-43e6-af3e-afb71e7bbc6c	5	29849291	31900725	1454	-0.5194
4ab4aa74-991a-43e6-af3e-afb71e7bbc6c	5	31901516	32053215	133	-0.0184
4ab4aa74-991a-43e6-af3e-afb71e7bbc6c	5	32060589	32882856	504	0.3861
4ab4aa74-991a-43e6-af3e-afb71e7bbc6c	5	32892023	34754143	709	-0.0054
4ab4aa74-991a-43e6-af3e-afb71e7bbc6c	5	34754200	35613196	566	-0.5219
4ab4aa74-991a-43e6-af3e-afb71e7bbc6c	5	35615925	39964861	2764	0.3866
4ab4aa74-991a-43e6-af3e-afb71e7bbc6c	5	39979070	43073701	1790	-0.5288
4ab4aa74-991a-43e6-af3e-afb71e7bbc6c	5	43077618	44257369	516	0.337
4ab4aa74-991a-43e6-af3e-afb71e7bbc6c	5	44258414	44589661	168	0.6519
4ab4aa74-991a-43e6-af3e-afb71e7bbc6c	5	44592172	50837542	311	0.3394
4ab4aa74-991a-43e6-af3e-afb71e7bbc6c	5	50837635	62059304	7038	0.6578
4ab4aa74-991a-43e6-af3e-afb71e7bbc6c	5	62061217	64113483	810	0.3581
4ab4aa74-991a-43e6-af3e-afb71e7bbc6c	5	64116665	91718141	14922	0.6597
4ab4aa74-991a-43e6-af3e-afb71e7bbc6c	5	91718901	92536346	358	0.8938
4ab4aa74-991a-43e6-af3e-afb71e7bbc6c	5	92540286	95866532	1757	0.6691
4ab4aa74-991a-43e6-af3e-afb71e7bbc6c	5	95866587	96810281	584	0.912
4ab4aa74-991a-43e6-af3e-afb71e7bbc6c	5	96816057	97145771	195	0.7052
4ab4aa74-991a-43e6-af3e-afb71e7bbc6c	5	97147776	97231615	54	0.9002
4ab4aa74-991a-43e6-af3e-afb71e7bbc6c	5	97234540	105193000	3296	0.6572
4ab4aa74-991a-43e6-af3e-afb71e7bbc6c	5	105195651	105236926	18	-0.4733
4ab4aa74-991a-43e6-af3e-afb71e7bbc6c	5	105311213	107678474	1237	0.6594
4ab4aa74-991a-43e6-af3e-afb71e7bbc6c	5	107678708	112738334	3174	0.892
4ab4aa74-991a-43e6-af3e-afb71e7bbc6c	5	112741810	112777830	48	0.6378
4ab4aa74-991a-43e6-af3e-afb71e7bbc6c	5	112779323	112869199	149	0.8536
4ab4aa74-991a-43e6-af3e-afb71e7bbc6c	5	112870495	127316249	8573	0.6665
4ab4aa74-991a-43e6-af3e-afb71e7bbc6c	5	127320057	127666555	215	0.8829
4ab4aa74-991a-43e6-af3e-afb71e7bbc6c	5	127668198	128305608	360	0.6348
4ab4aa74-991a-43e6-af3e-afb71e7bbc6c	5	128309979	128648242	221	0.9089
4ab4aa74-991a-43e6-af3e-afb71e7bbc6c	5	128649615	128794420	91	1.1023
4ab4aa74-991a-43e6-af3e-afb71e7bbc6c	5	128799448	130337705	872	0.9095
4ab4aa74-991a-43e6-af3e-afb71e7bbc6c	5	130342276	130517673	90	0.6383
4ab4aa74-991a-43e6-af3e-afb71e7bbc6c	5	130520398	132498876	1008	0.8615
4ab4aa74-991a-43e6-af3e-afb71e7bbc6c	5	132499703	137876844	3514	0.6723
4ab4aa74-991a-43e6-af3e-afb71e7bbc6c	5	137881380	140757420	1229	0.6083
4ab4aa74-991a-43e6-af3e-afb71e7bbc6c	5	140757492	168785451	18100	0.6632
4ab4aa74-991a-43e6-af3e-afb71e7bbc6c	5	168787365	170417451	1320	0.9293
4ab4aa74-991a-43e6-af3e-afb71e7bbc6c	5	170417967	170583783	137	0.7001
4ab4aa74-991a-43e6-af3e-afb71e7bbc6c	5	170585822	170588200	3	-1.073
4ab4aa74-991a-43e6-af3e-afb71e7bbc6c	5	170590660	180934240	5566	0.6708
4ab4aa74-991a-43e6-af3e-afb71e7bbc6c	6	1011760	6778979	4242	0.0383
4ab4aa74-991a-43e6-af3e-afb71e7bbc6c	6	6779655	89696211	45593	0.0067
4ab4aa74-991a-43e6-af3e-afb71e7bbc6c	6	89696274	89699023	4	-1.2555
4ab4aa74-991a-43e6-af3e-afb71e7bbc6c	6	89705608	163199175	43733	0.0017
4ab4aa74-991a-43e6-af3e-afb71e7bbc6c	6	163199871	163207013	11	0.2545
4ab4aa74-991a-43e6-af3e-afb71e7bbc6c	6	163210517	169300836	2910	0.037
4ab4aa74-991a-43e6-af3e-afb71e7bbc6c	6	169304771	170320890	381	-0.0005
4ab4aa74-991a-43e6-af3e-afb71e7bbc6c	6	170320977	170327464	3	-1.2116
4ab4aa74-991a-43e6-af3e-afb71e7bbc6c	6	170327485	170596889	178	-0.0323
4ab4aa74-991a-43e6-af3e-afb71e7bbc6c	7	664936	24094829	12373	0.3757
4ab4aa74-991a-43e6-af3e-afb71e7bbc6c	7	24094921	35495901	7463	0.3984
4ab4aa74-991a-43e6-af3e-afb71e7bbc6c	7	35496225	35496931	5	1.1312
4ab4aa74-991a-43e6-af3e-afb71e7bbc6c	7	35497026	51825669	10589	0.3884
4ab4aa74-991a-43e6-af3e-afb71e7bbc6c	7	51825699	75809445	7907	0.355
4ab4aa74-991a-43e6-af3e-afb71e7bbc6c	7	75809462	75810378	2	1.7176
4ab4aa74-991a-43e6-af3e-afb71e7bbc6c	7	75812444	120948511	23194	0.3688
4ab4aa74-991a-43e6-af3e-afb71e7bbc6c	7	120963721	121325598	248	0.0146
4ab4aa74-991a-43e6-af3e-afb71e7bbc6c	7	121325734	135446601	7973	0.3755
4ab4aa74-991a-43e6-af3e-afb71e7bbc6c	7	135447172	135518594	34	0.0939
4ab4aa74-991a-43e6-af3e-afb71e7bbc6c	7	135520674	155184048	10242	0.3758
4ab4aa74-991a-43e6-af3e-afb71e7bbc6c	7	155184260	158037984	1675	0.4189
4ab4aa74-991a-43e6-af3e-afb71e7bbc6c	7	158038483	158592540	208	0.3684
4ab4aa74-991a-43e6-af3e-afb71e7bbc6c	8	667625	11801118	5251	0.408
4ab4aa74-991a-43e6-af3e-afb71e7bbc6c	8	12704441	69675559	33048	0.3818
4ab4aa74-991a-43e6-af3e-afb71e7bbc6c	8	69679583	69945636	168	-0.0082
4ab4aa74-991a-43e6-af3e-afb71e7bbc6c	8	69947389	81980844	7002	0.3791
4ab4aa74-991a-43e6-af3e-afb71e7bbc6c	8	81989877	81990115	2	-0.8435
4ab4aa74-991a-43e6-af3e-afb71e7bbc6c	8	81992164	83251300	641	0.3699
4ab4aa74-991a-43e6-af3e-afb71e7bbc6c	8	83264429	83270979	4	-0.5885
4ab4aa74-991a-43e6-af3e-afb71e7bbc6c	8	83278582	138069268	33518	0.3793
4ab4aa74-991a-43e6-af3e-afb71e7bbc6c	8	138069621	139069563	815	0.4218
4ab4aa74-991a-43e6-af3e-afb71e7bbc6c	8	139069794	139071393	2	-0.7304
4ab4aa74-991a-43e6-af3e-afb71e7bbc6c	8	139071406	140346847	1022	0.4403
4ab4aa74-991a-43e6-af3e-afb71e7bbc6c	8	140347713	144182542	698	0.3874
4ab4aa74-991a-43e6-af3e-afb71e7bbc6c	9	789794	2575420	1199	0.0338
4ab4aa74-991a-43e6-af3e-afb71e7bbc6c	9	2582380	2801706	194	0.391
4ab4aa74-991a-43e6-af3e-afb71e7bbc6c	9	2804811	9768713	4190	0.0275
4ab4aa74-991a-43e6-af3e-afb71e7bbc6c	9	9769285	9874677	69	-0.4312
4ab4aa74-991a-43e6-af3e-afb71e7bbc6c	9	9985419	111386710	46930	0.0202
4ab4aa74-991a-43e6-af3e-afb71e7bbc6c	9	111388374	111839633	272	-0.5348
4ab4aa74-991a-43e6-af3e-afb71e7bbc6c	9	111840960	131891693	12794	0.0264
4ab4aa74-991a-43e6-af3e-afb71e7bbc6c	9	131892360	132233123	230	-0.4898
4ab4aa74-991a-43e6-af3e-afb71e7bbc6c	9	132235497	138044505	2555	0.0554
4ab4aa74-991a-43e6-af3e-afb71e7bbc6c	10	366509	3232938	1447	0.4383
4ab4aa74-991a-43e6-af3e-afb71e7bbc6c	10	3233005	46016391	26805	0.3823
4ab4aa74-991a-43e6-af3e-afb71e7bbc6c	10	46017981	50928165	1556	0.4408
4ab4aa74-991a-43e6-af3e-afb71e7bbc6c	10	50928449	50967914	33	0.7188
4ab4aa74-991a-43e6-af3e-afb71e7bbc6c	10	50968853	50974735	6	0.4223
4ab4aa74-991a-43e6-af3e-afb71e7bbc6c	10	50975236	67693449	10149	0.3806
4ab4aa74-991a-43e6-af3e-afb71e7bbc6c	10	67693583	69166806	773	0.3095
4ab4aa74-991a-43e6-af3e-afb71e7bbc6c	10	69168218	72092998	2103	0.4079
4ab4aa74-991a-43e6-af3e-afb71e7bbc6c	10	72098500	74363350	905	0.3274
4ab4aa74-991a-43e6-af3e-afb71e7bbc6c	10	74366948	93645904	12262	0.3885
4ab4aa74-991a-43e6-af3e-afb71e7bbc6c	10	93646882	93696398	48	0.0282
4ab4aa74-991a-43e6-af3e-afb71e7bbc6c	10	93705426	122764902	18870	0.3836
4ab4aa74-991a-43e6-af3e-afb71e7bbc6c	10	122764943	133411599	6282	0.4165
4ab4aa74-991a-43e6-af3e-afb71e7bbc6c	11	456012	18106817	10925	-0.4976
4ab4aa74-991a-43e6-af3e-afb71e7bbc6c	11	18113796	18157137	43	0.0663
4ab4aa74-991a-43e6-af3e-afb71e7bbc6c	11	18164133	26008148	5462	-0.5016
4ab4aa74-991a-43e6-af3e-afb71e7bbc6c	11	26009085	26479857	358	0.019
4ab4aa74-991a-43e6-af3e-afb71e7bbc6c	11	26480893	50088070	13791	-0.5055
4ab4aa74-991a-43e6-af3e-afb71e7bbc6c	11	50091552	67529387	5099	0.0069
4ab4aa74-991a-43e6-af3e-afb71e7bbc6c	11	68003122	68188661	87	-0.5689
4ab4aa74-991a-43e6-af3e-afb71e7bbc6c	11	68192140	73028252	2444	0.0249
4ab4aa74-991a-43e6-af3e-afb71e7bbc6c	11	73032926	73321114	148	0.3625
4ab4aa74-991a-43e6-af3e-afb71e7bbc6c	11	73324754	73332565	4	1.1515
4ab4aa74-991a-43e6-af3e-afb71e7bbc6c	11	73332921	74127307	383	0.3528
4ab4aa74-991a-43e6-af3e-afb71e7bbc6c	11	74131564	76251982	1179	0.0207
4ab4aa74-991a-43e6-af3e-afb71e7bbc6c	11	76253330	76256927	2	-2.2694
4ab4aa74-991a-43e6-af3e-afb71e7bbc6c	11	76257183	77257452	572	0.0378
4ab4aa74-991a-43e6-af3e-afb71e7bbc6c	11	77257730	78578323	671	-0.0513
4ab4aa74-991a-43e6-af3e-afb71e7bbc6c	11	78579211	79114935	458	0.063
4ab4aa74-991a-43e6-af3e-afb71e7bbc6c	11	79116804	79136262	10	-0.5758
4ab4aa74-991a-43e6-af3e-afb71e7bbc6c	11	79144995	79189924	46	-1.4563
4ab4aa74-991a-43e6-af3e-afb71e7bbc6c	11	79199013	79369562	146	-0.5153
4ab4aa74-991a-43e6-af3e-afb71e7bbc6c	11	79372300	83985734	3017	0.0019
4ab4aa74-991a-43e6-af3e-afb71e7bbc6c	11	83990015	84178775	109	-0.5053
4ab4aa74-991a-43e6-af3e-afb71e7bbc6c	11	84183052	114677472	18882	0.0035
4ab4aa74-991a-43e6-af3e-afb71e7bbc6c	11	114677624	134272740	13620	0.0284
4ab4aa74-991a-43e6-af3e-afb71e7bbc6c	12	780472	6351225	3551	0.4117
4ab4aa74-991a-43e6-af3e-afb71e7bbc6c	12	6353298	49086202	21838	0.3772
4ab4aa74-991a-43e6-af3e-afb71e7bbc6c	12	49093000	51309130	1021	0.3051
4ab4aa74-991a-43e6-af3e-afb71e7bbc6c	12	51309333	52159298	453	0.3706
4ab4aa74-991a-43e6-af3e-afb71e7bbc6c	12	52160635	52736560	398	0.4673
4ab4aa74-991a-43e6-af3e-afb71e7bbc6c	12	52738213	102363402	30031	0.3642
4ab4aa74-991a-43e6-af3e-afb71e7bbc6c	12	102365005	106204365	2774	0.3993
4ab4aa74-991a-43e6-af3e-afb71e7bbc6c	12	106204692	109697959	2115	0.367
4ab4aa74-991a-43e6-af3e-afb71e7bbc6c	12	109700724	112551237	1303	0.3196
4ab4aa74-991a-43e6-af3e-afb71e7bbc6c	12	112551506	123588089	6484	0.3782
4ab4aa74-991a-43e6-af3e-afb71e7bbc6c	12	123590472	132605822	4345	0.4063
4ab4aa74-991a-43e6-af3e-afb71e7bbc6c	13	18874255	114226675	56920	0.0085
4ab4aa74-991a-43e6-af3e-afb71e7bbc6c	14	20033191	45255100	13120	0.0139
4ab4aa74-991a-43e6-af3e-afb71e7bbc6c	14	45255911	45339990	46	-0.5166
4ab4aa74-991a-43e6-af3e-afb71e7bbc6c	14	45593519	63028499	10707	0.0121
4ab4aa74-991a-43e6-af3e-afb71e7bbc6c	14	63032144	63486734	238	0.4018
4ab4aa74-991a-43e6-af3e-afb71e7bbc6c	14	63503815	67278551	2111	0.0128
4ab4aa74-991a-43e6-af3e-afb71e7bbc6c	14	67280181	68179059	461	0.3629
4ab4aa74-991a-43e6-af3e-afb71e7bbc6c	14	68179263	76882347	5405	0.0182
4ab4aa74-991a-43e6-af3e-afb71e7bbc6c	14	76886947	77346412	315	0.3775
4ab4aa74-991a-43e6-af3e-afb71e7bbc6c	14	77347799	77823384	289	0.2981
4ab4aa74-991a-43e6-af3e-afb71e7bbc6c	14	77825355	79192688	1065	0.4126
4ab4aa74-991a-43e6-af3e-afb71e7bbc6c	14	79195836	79422369	122	0.0592
4ab4aa74-991a-43e6-af3e-afb71e7bbc6c	14	79428475	80927779	973	0.3895
4ab4aa74-991a-43e6-af3e-afb71e7bbc6c	14	80931567	80986793	51	-0.4276
4ab4aa74-991a-43e6-af3e-afb71e7bbc6c	14	80991512	82469806	912	0.3836
4ab4aa74-991a-43e6-af3e-afb71e7bbc6c	14	82472545	82587422	86	0.0142
4ab4aa74-991a-43e6-af3e-afb71e7bbc6c	14	82595378	83922007	926	0.3892
4ab4aa74-991a-43e6-af3e-afb71e7bbc6c	14	83922704	86028223	1361	0.0176
4ab4aa74-991a-43e6-af3e-afb71e7bbc6c	14	86032493	89004198	1593	0.4129
4ab4aa74-991a-43e6-af3e-afb71e7bbc6c	14	89004925	89208097	156	0.0237
4ab4aa74-991a-43e6-af3e-afb71e7bbc6c	14	89211491	96705032	5029	0.3952
4ab4aa74-991a-43e6-af3e-afb71e7bbc6c	14	96705354	97377773	475	0.0406
4ab4aa74-991a-43e6-af3e-afb71e7bbc6c	14	97380579	100121602	1981	0.4226
4ab4aa74-991a-43e6-af3e-afb71e7bbc6c	14	100125941	102373001	1148	0.0265
4ab4aa74-991a-43e6-af3e-afb71e7bbc6c	14	102376702	105533894	1167	0.3844
4ab4aa74-991a-43e6-af3e-afb71e7bbc6c	15	23437561	39393254	7979	-0.4923
4ab4aa74-991a-43e6-af3e-afb71e7bbc6c	15	39394926	39491969	33	0.442
4ab4aa74-991a-43e6-af3e-afb71e7bbc6c	15	39494774	44436339	2333	-0.4914
4ab4aa74-991a-43e6-af3e-afb71e7bbc6c	15	44449261	45514876	423	0.3441
4ab4aa74-991a-43e6-af3e-afb71e7bbc6c	15	45518267	48798548	2179	-0.4732
4ab4aa74-991a-43e6-af3e-afb71e7bbc6c	15	48799059	48855475	41	0.3486
4ab4aa74-991a-43e6-af3e-afb71e7bbc6c	15	48856159	49875431	530	-0.5133
4ab4aa74-991a-43e6-af3e-afb71e7bbc6c	15	49877208	49907168	32	0.3582
4ab4aa74-991a-43e6-af3e-afb71e7bbc6c	15	49907846	50520702	381	-0.5011
4ab4aa74-991a-43e6-af3e-afb71e7bbc6c	15	50521140	50569362	19	0.4683
4ab4aa74-991a-43e6-af3e-afb71e7bbc6c	15	50576582	50791095	102	-0.5
4ab4aa74-991a-43e6-af3e-afb71e7bbc6c	15	50793177	51236274	251	0.3892
4ab4aa74-991a-43e6-af3e-afb71e7bbc6c	15	51236915	51266534	31	-0.5173
4ab4aa74-991a-43e6-af3e-afb71e7bbc6c	15	51270001	51296198	19	0.3432
4ab4aa74-991a-43e6-af3e-afb71e7bbc6c	15	51297141	53042512	1090	-0.4791
4ab4aa74-991a-43e6-af3e-afb71e7bbc6c	15	53050016	54017747	775	0.4005
4ab4aa74-991a-43e6-af3e-afb71e7bbc6c	15	54026372	54283146	219	-0.5003
4ab4aa74-991a-43e6-af3e-afb71e7bbc6c	15	54288245	54315057	27	0.4391
4ab4aa74-991a-43e6-af3e-afb71e7bbc6c	15	54320924	54346631	19	-0.5131
4ab4aa74-991a-43e6-af3e-afb71e7bbc6c	15	54348184	55744235	872	0.3717
4ab4aa74-991a-43e6-af3e-afb71e7bbc6c	15	55744805	59776879	2483	-0.5005
4ab4aa74-991a-43e6-af3e-afb71e7bbc6c	15	59812251	60190321	307	0.4331
4ab4aa74-991a-43e6-af3e-afb71e7bbc6c	15	60191323	60299050	88	-0.4571
4ab4aa74-991a-43e6-af3e-afb71e7bbc6c	15	60299950	62593346	1861	0.4198
4ab4aa74-991a-43e6-af3e-afb71e7bbc6c	15	62595486	62743873	107	-0.5216
4ab4aa74-991a-43e6-af3e-afb71e7bbc6c	15	62750062	74060863	6844	0.3891
4ab4aa74-991a-43e6-af3e-afb71e7bbc6c	15	74061220	74106252	9	-0.3241
4ab4aa74-991a-43e6-af3e-afb71e7bbc6c	15	74109820	77339368	1337	0.3655
4ab4aa74-991a-43e6-af3e-afb71e7bbc6c	15	77342712	77558341	114	-0.476
4ab4aa74-991a-43e6-af3e-afb71e7bbc6c	15	77566227	77569029	4	0.6318
4ab4aa74-991a-43e6-af3e-afb71e7bbc6c	15	77571364	77596765	17	-0.4368
4ab4aa74-991a-43e6-af3e-afb71e7bbc6c	15	77599598	101344124	14217	0.3918
4ab4aa74-991a-43e6-af3e-afb71e7bbc6c	16	603333	7362448	2808	0.3903
4ab4aa74-991a-43e6-af3e-afb71e7bbc6c	16	7363354	7485454	170	0.0334
4ab4aa74-991a-43e6-af3e-afb71e7bbc6c	16	7487593	7576634	70	0.4093
4ab4aa74-991a-43e6-af3e-afb71e7bbc6c	16	7576974	8831869	967	0.7252
4ab4aa74-991a-43e6-af3e-afb71e7bbc6c	16	8839164	11473228	1987	0.4197
4ab4aa74-991a-43e6-af3e-afb71e7bbc6c	16	11474970	11941719	211	0.334
4ab4aa74-991a-43e6-af3e-afb71e7bbc6c	16	11945489	27937887	6851	0.3977
4ab4aa74-991a-43e6-af3e-afb71e7bbc6c	16	27939579	47936623	1528	0.3564
4ab4aa74-991a-43e6-af3e-afb71e7bbc6c	16	47937807	52842699	3410	0.4113
4ab4aa74-991a-43e6-af3e-afb71e7bbc6c	16	52842954	53644517	595	0.3333
4ab4aa74-991a-43e6-af3e-afb71e7bbc6c	16	53644791	53732650	46	0.0601
4ab4aa74-991a-43e6-af3e-afb71e7bbc6c	16	53735381	54013680	237	0.3785
4ab4aa74-991a-43e6-af3e-afb71e7bbc6c	16	54015241	56326254	1765	0.4324
4ab4aa74-991a-43e6-af3e-afb71e7bbc6c	16	56327645	63919425	4625	0.375
4ab4aa74-991a-43e6-af3e-afb71e7bbc6c	16	63921543	66424432	1882	0.4188
4ab4aa74-991a-43e6-af3e-afb71e7bbc6c	16	66424661	76413281	4927	0.3669
4ab4aa74-991a-43e6-af3e-afb71e7bbc6c	16	76414860	87963071	8883	0.4205
4ab4aa74-991a-43e6-af3e-afb71e7bbc6c	16	87963272	87963467	2	-0.8639
4ab4aa74-991a-43e6-af3e-afb71e7bbc6c	16	87964706	88459366	174	0.3972
4ab4aa74-991a-43e6-af3e-afb71e7bbc6c	16	88459423	89234014	3	-0.5994
4ab4aa74-991a-43e6-af3e-afb71e7bbc6c	16	89237903	89317317	35	0.3873
4ab4aa74-991a-43e6-af3e-afb71e7bbc6c	17	1074619	32998518	12449	0.0132
4ab4aa74-991a-43e6-af3e-afb71e7bbc6c	17	32999239	33457798	463	0.0842
4ab4aa74-991a-43e6-af3e-afb71e7bbc6c	17	33458145	33458184	2	-0.971
4ab4aa74-991a-43e6-af3e-afb71e7bbc6c	17	33458285	34727870	255	0.1052
4ab4aa74-991a-43e6-af3e-afb71e7bbc6c	17	34728921	41669662	3162	0.0216
4ab4aa74-991a-43e6-af3e-afb71e7bbc6c	17	41670881	43094770	669	-0.0536
4ab4aa74-991a-43e6-af3e-afb71e7bbc6c	17	43094787	82959812	20255	0.018
4ab4aa74-991a-43e6-af3e-afb71e7bbc6c	18	326691	79349796	42339	-1.3595
4ab4aa74-991a-43e6-af3e-afb71e7bbc6c	19	283868	23836439	9019	0.3397
4ab4aa74-991a-43e6-af3e-afb71e7bbc6c	19	23836700	35686929	5509	0.3933
4ab4aa74-991a-43e6-af3e-afb71e7bbc6c	19	35690144	58370362	9618	0.3548
4ab4aa74-991a-43e6-af3e-afb71e7bbc6c	20	472817	25533631	16714	0.3986
4ab4aa74-991a-43e6-af3e-afb71e7bbc6c	20	25534541	37840011	3490	0.3472
4ab4aa74-991a-43e6-af3e-afb71e7bbc6c	20	37842214	48873360	7463	0.4029
4ab4aa74-991a-43e6-af3e-afb71e7bbc6c	20	48875451	50949922	1143	0.3475
4ab4aa74-991a-43e6-af3e-afb71e7bbc6c	20	50951163	56690951	4126	0.405
4ab4aa74-991a-43e6-af3e-afb71e7bbc6c	20	56691085	63588502	4609	0.4359
4ab4aa74-991a-43e6-af3e-afb71e7bbc6c	21	13974127	21724056	5001	0.3859
4ab4aa74-991a-43e6-af3e-afb71e7bbc6c	21	21733399	21741719	12	1.1727
4ab4aa74-991a-43e6-af3e-afb71e7bbc6c	21	21743256	21949196	183	0.4252
4ab4aa74-991a-43e6-af3e-afb71e7bbc6c	21	21949568	22223325	188	0.702
4ab4aa74-991a-43e6-af3e-afb71e7bbc6c	21	22301584	39549093	11297	0.383
4ab4aa74-991a-43e6-af3e-afb71e7bbc6c	21	39549312	46168026	3835	0.426
4ab4aa74-991a-43e6-af3e-afb71e7bbc6c	21	46168325	46262057	56	0.3119
4ab4aa74-991a-43e6-af3e-afb71e7bbc6c	22	16934932	28786113	4284	-1.3737
4ab4aa74-991a-43e6-af3e-afb71e7bbc6c	22	28789125	29175855	268	-3.9115
4ab4aa74-991a-43e6-af3e-afb71e7bbc6c	22	29176778	46093321	10056	-1.3421
4ab4aa74-991a-43e6-af3e-afb71e7bbc6c	22	46098802	46117075	10	-4.5025
4ab4aa74-991a-43e6-af3e-afb71e7bbc6c	22	46129914	48940621	2134	-1.4365
4ab4aa74-991a-43e6-af3e-afb71e7bbc6c	X	3236359	39927727	16553	0.0031
4ab4aa74-991a-43e6-af3e-afb71e7bbc6c	X	39931069	87182584	16953	-0.0361
4ab4aa74-991a-43e6-af3e-afb71e7bbc6c	X	87184774	155677414	30345	0.0002
