GDC_Aliquot	Chromosome	Start	End	Num_Probes	Segment_Mean
9e704a46-2d0c-48c9-a6fa-1566d67a75e8	1	3301765	245340597	128498	-0.3564
9e704a46-2d0c-48c9-a6fa-1566d67a75e8	1	245348549	245349365	2	-4.5628
9e704a46-2d0c-48c9-a6fa-1566d67a75e8	1	245351449	247650984	966	-0.3889
9e704a46-2d0c-48c9-a6fa-1566d67a75e8	2	480597	9782128	5769	-0.3409
9e704a46-2d0c-48c9-a6fa-1566d67a75e8	2	9782242	9786814	5	-1.7186
9e704a46-2d0c-48c9-a6fa-1566d67a75e8	2	9790051	10074804	171	-0.3153
9e704a46-2d0c-48c9-a6fa-1566d67a75e8	2	10075698	10078819	3	-2.6201
9e704a46-2d0c-48c9-a6fa-1566d67a75e8	2	10085680	47499397	22585	-0.3322
9e704a46-2d0c-48c9-a6fa-1566d67a75e8	2	47503357	47511404	10	-4.5952
9e704a46-2d0c-48c9-a6fa-1566d67a75e8	2	47511535	76811331	16512	-0.3359
9e704a46-2d0c-48c9-a6fa-1566d67a75e8	2	76811415	76819198	5	-1.9797
9e704a46-2d0c-48c9-a6fa-1566d67a75e8	2	76819910	77518400	410	-0.3783
9e704a46-2d0c-48c9-a6fa-1566d67a75e8	2	77520387	77521469	4	-2.8313
9e704a46-2d0c-48c9-a6fa-1566d67a75e8	2	77523356	241537572	86426	-0.3359
9e704a46-2d0c-48c9-a6fa-1566d67a75e8	3	2170634	197812401	106929	-0.3739
9e704a46-2d0c-48c9-a6fa-1566d67a75e8	4	1059384	143653997	79707	0.5716
9e704a46-2d0c-48c9-a6fa-1566d67a75e8	4	143654795	143841450	129	0.1394
9e704a46-2d0c-48c9-a6fa-1566d67a75e8	4	144126461	177453715	18629	0.5739
9e704a46-2d0c-48c9-a6fa-1566d67a75e8	4	177465741	177903560	239	-0.4583
9e704a46-2d0c-48c9-a6fa-1566d67a75e8	4	177907826	178801436	273	0.5587
9e704a46-2d0c-48c9-a6fa-1566d67a75e8	4	178806975	179664662	467	-0.4614
9e704a46-2d0c-48c9-a6fa-1566d67a75e8	4	179667541	181487280	951	0.5536
9e704a46-2d0c-48c9-a6fa-1566d67a75e8	4	181489970	181493444	2	-0.554
9e704a46-2d0c-48c9-a6fa-1566d67a75e8	4	181493825	182151124	528	0.5715
9e704a46-2d0c-48c9-a6fa-1566d67a75e8	4	182156287	182498358	275	-0.4008
9e704a46-2d0c-48c9-a6fa-1566d67a75e8	4	182500939	187842528	2160	0.5884
9e704a46-2d0c-48c9-a6fa-1566d67a75e8	5	913983	18408157	11316	0.5766
9e704a46-2d0c-48c9-a6fa-1566d67a75e8	5	18411467	18414442	2	-2.512
9e704a46-2d0c-48c9-a6fa-1566d67a75e8	5	18414479	32765383	7874	0.5416
9e704a46-2d0c-48c9-a6fa-1566d67a75e8	5	32766716	101967780	34215	0.5891
9e704a46-2d0c-48c9-a6fa-1566d67a75e8	5	101970916	102034134	42	1.1329
9e704a46-2d0c-48c9-a6fa-1566d67a75e8	5	102037310	118831882	9960	0.5803
9e704a46-2d0c-48c9-a6fa-1566d67a75e8	5	118831956	119121252	135	0.5293
9e704a46-2d0c-48c9-a6fa-1566d67a75e8	5	119127115	119127856	5	-0.2106
9e704a46-2d0c-48c9-a6fa-1566d67a75e8	5	119132963	119138960	24	0.5569
9e704a46-2d0c-48c9-a6fa-1566d67a75e8	5	119139048	119237592	52	1.1162
9e704a46-2d0c-48c9-a6fa-1566d67a75e8	5	119242001	119618000	241	0.6079
9e704a46-2d0c-48c9-a6fa-1566d67a75e8	5	119628442	120125494	281	1.1625
9e704a46-2d0c-48c9-a6fa-1566d67a75e8	5	120127129	128310579	4721	0.5735
9e704a46-2d0c-48c9-a6fa-1566d67a75e8	5	128316478	128404007	60	-0.44
9e704a46-2d0c-48c9-a6fa-1566d67a75e8	5	128410262	142205103	7662	0.577
9e704a46-2d0c-48c9-a6fa-1566d67a75e8	5	142206682	142218551	10	-0.6175
9e704a46-2d0c-48c9-a6fa-1566d67a75e8	5	142225687	152030732	6510	0.5918
9e704a46-2d0c-48c9-a6fa-1566d67a75e8	5	152033224	163743553	7587	-0.4027
9e704a46-2d0c-48c9-a6fa-1566d67a75e8	5	163743678	163769995	12	0.4064
9e704a46-2d0c-48c9-a6fa-1566d67a75e8	5	163777085	163813616	25	-0.5257
9e704a46-2d0c-48c9-a6fa-1566d67a75e8	5	163816046	165935750	1249	0.5522
9e704a46-2d0c-48c9-a6fa-1566d67a75e8	5	165938797	166244399	212	-0.4381
9e704a46-2d0c-48c9-a6fa-1566d67a75e8	5	166246494	180934240	8793	0.583
9e704a46-2d0c-48c9-a6fa-1566d67a75e8	6	1011760	24624629	16716	-0.3709
9e704a46-2d0c-48c9-a6fa-1566d67a75e8	6	24624892	24627616	2	-5.071
9e704a46-2d0c-48c9-a6fa-1566d67a75e8	6	24627862	170596889	80202	-0.3824
9e704a46-2d0c-48c9-a6fa-1566d67a75e8	7	664936	11062530	4151	0.1886
9e704a46-2d0c-48c9-a6fa-1566d67a75e8	7	11064426	11064887	2	-2.2947
9e704a46-2d0c-48c9-a6fa-1566d67a75e8	7	11073392	55673436	29001	0.1929
9e704a46-2d0c-48c9-a6fa-1566d67a75e8	7	55685481	56536123	300	0.0786
9e704a46-2d0c-48c9-a6fa-1566d67a75e8	7	56537025	56544468	3	-1.9334
9e704a46-2d0c-48c9-a6fa-1566d67a75e8	7	56545940	77156835	5103	0.1134
9e704a46-2d0c-48c9-a6fa-1566d67a75e8	7	77161900	133877477	30132	0.1827
9e704a46-2d0c-48c9-a6fa-1566d67a75e8	7	133878105	134044418	106	-0.3232
9e704a46-2d0c-48c9-a6fa-1566d67a75e8	7	134044457	150739109	8927	0.1822
9e704a46-2d0c-48c9-a6fa-1566d67a75e8	7	150741711	158592540	4139	0.8914
9e704a46-2d0c-48c9-a6fa-1566d67a75e8	8	667625	26145002	15035	0.1785
9e704a46-2d0c-48c9-a6fa-1566d67a75e8	8	26145359	26148060	2	-1.7785
9e704a46-2d0c-48c9-a6fa-1566d67a75e8	8	26149778	30002756	2642	0.2003
9e704a46-2d0c-48c9-a6fa-1566d67a75e8	8	30013775	41623789	6547	0.1532
9e704a46-2d0c-48c9-a6fa-1566d67a75e8	8	41630366	42287484	392	0.2084
9e704a46-2d0c-48c9-a6fa-1566d67a75e8	8	42287698	42287944	4	-2.4226
9e704a46-2d0c-48c9-a6fa-1566d67a75e8	8	42288011	122196281	43626	0.1728
9e704a46-2d0c-48c9-a6fa-1566d67a75e8	8	122196380	134659475	8991	0.2085
9e704a46-2d0c-48c9-a6fa-1566d67a75e8	8	134661037	144182542	4889	0.1854
9e704a46-2d0c-48c9-a6fa-1566d67a75e8	9	789794	1577470	186	0.5351
9e704a46-2d0c-48c9-a6fa-1566d67a75e8	9	1578049	1581412	3	-6.5431
9e704a46-2d0c-48c9-a6fa-1566d67a75e8	9	1582154	9529648	5243	0.5931
9e704a46-2d0c-48c9-a6fa-1566d67a75e8	9	9530755	9587559	19	-4.9072
9e704a46-2d0c-48c9-a6fa-1566d67a75e8	9	9590390	101273289	40156	0.5646
9e704a46-2d0c-48c9-a6fa-1566d67a75e8	9	101283479	101593618	214	1.5133
9e704a46-2d0c-48c9-a6fa-1566d67a75e8	9	101596410	138044505	22557	0.5786
9e704a46-2d0c-48c9-a6fa-1566d67a75e8	10	366509	4954039	3030	0.2302
9e704a46-2d0c-48c9-a6fa-1566d67a75e8	10	4955828	4959834	2	-2.7204
9e704a46-2d0c-48c9-a6fa-1566d67a75e8	10	4960326	49356586	26367	0.1835
9e704a46-2d0c-48c9-a6fa-1566d67a75e8	10	49357759	49377718	14	-0.7262
9e704a46-2d0c-48c9-a6fa-1566d67a75e8	10	49378296	61744007	7223	0.1786
9e704a46-2d0c-48c9-a6fa-1566d67a75e8	10	61749254	62899684	767	0.2631
9e704a46-2d0c-48c9-a6fa-1566d67a75e8	10	62899865	69439138	3521	0.1665
9e704a46-2d0c-48c9-a6fa-1566d67a75e8	10	69439238	69994452	497	0.2532
9e704a46-2d0c-48c9-a6fa-1566d67a75e8	10	70004678	70169990	110	0.1675
9e704a46-2d0c-48c9-a6fa-1566d67a75e8	10	70171387	70172170	2	-5.2696
9e704a46-2d0c-48c9-a6fa-1566d67a75e8	10	70176585	133411599	39645	0.1948
9e704a46-2d0c-48c9-a6fa-1566d67a75e8	11	456012	134272740	77372	-0.3663
9e704a46-2d0c-48c9-a6fa-1566d67a75e8	12	780472	16610539	9082	0.6129
9e704a46-2d0c-48c9-a6fa-1566d67a75e8	12	16612959	25363615	5414	0.5764
9e704a46-2d0c-48c9-a6fa-1566d67a75e8	12	25364209	28261792	1930	0.6095
9e704a46-2d0c-48c9-a6fa-1566d67a75e8	12	28262537	28262779	2	-2.8236
9e704a46-2d0c-48c9-a6fa-1566d67a75e8	12	28267437	62682310	16396	0.5831
9e704a46-2d0c-48c9-a6fa-1566d67a75e8	12	62685061	62687555	3	-2.2368
9e704a46-2d0c-48c9-a6fa-1566d67a75e8	12	62692811	132605822	41439	0.5748
9e704a46-2d0c-48c9-a6fa-1566d67a75e8	13	18874255	99930363	47464	-0.3819
9e704a46-2d0c-48c9-a6fa-1566d67a75e8	13	99930580	100293279	141	0.5644
9e704a46-2d0c-48c9-a6fa-1566d67a75e8	13	100295558	101898685	1183	-0.3564
9e704a46-2d0c-48c9-a6fa-1566d67a75e8	13	101900469	101900737	2	-2.793
9e704a46-2d0c-48c9-a6fa-1566d67a75e8	13	101905993	107015839	3482	-0.383
9e704a46-2d0c-48c9-a6fa-1566d67a75e8	13	107018934	107028258	14	0.6199
9e704a46-2d0c-48c9-a6fa-1566d67a75e8	13	107030239	107448741	322	-0.4063
9e704a46-2d0c-48c9-a6fa-1566d67a75e8	13	107450601	107552703	98	0.5833
9e704a46-2d0c-48c9-a6fa-1566d67a75e8	13	107553804	108796209	983	-0.3889
9e704a46-2d0c-48c9-a6fa-1566d67a75e8	13	108799512	108837902	37	0.5729
9e704a46-2d0c-48c9-a6fa-1566d67a75e8	13	108839614	110905052	1611	-0.3832
9e704a46-2d0c-48c9-a6fa-1566d67a75e8	13	110908653	111004852	64	0.6366
9e704a46-2d0c-48c9-a6fa-1566d67a75e8	13	111005720	114226675	1439	1.1592
9e704a46-2d0c-48c9-a6fa-1566d67a75e8	14	20033191	24025034	1521	0.5967
9e704a46-2d0c-48c9-a6fa-1566d67a75e8	14	24025440	24030782	8	-0.4651
9e704a46-2d0c-48c9-a6fa-1566d67a75e8	14	24030894	25683462	1045	0.6356
9e704a46-2d0c-48c9-a6fa-1566d67a75e8	14	25685048	50323982	13028	0.5717
9e704a46-2d0c-48c9-a6fa-1566d67a75e8	14	50324344	105533894	34097	0.604
9e704a46-2d0c-48c9-a6fa-1566d67a75e8	15	23437561	38206021	7074	-0.393
9e704a46-2d0c-48c9-a6fa-1566d67a75e8	15	38206363	92756951	32664	-0.3454
9e704a46-2d0c-48c9-a6fa-1566d67a75e8	15	92762268	101344124	4950	-0.3815
9e704a46-2d0c-48c9-a6fa-1566d67a75e8	16	603333	89317317	41153	0.5789
9e704a46-2d0c-48c9-a6fa-1566d67a75e8	17	1074619	9198943	4020	-0.3559
9e704a46-2d0c-48c9-a6fa-1566d67a75e8	17	9199500	16718444	3918	-0.4036
9e704a46-2d0c-48c9-a6fa-1566d67a75e8	17	16718504	78272425	27439	-0.3504
9e704a46-2d0c-48c9-a6fa-1566d67a75e8	17	78274006	78302453	2	-4.6142
9e704a46-2d0c-48c9-a6fa-1566d67a75e8	17	78305118	82959812	1788	-0.3631
9e704a46-2d0c-48c9-a6fa-1566d67a75e8	18	326691	37560171	18210	-0.3762
9e704a46-2d0c-48c9-a6fa-1566d67a75e8	18	37560707	37572148	2	-4.9296
9e704a46-2d0c-48c9-a6fa-1566d67a75e8	18	37572393	55635090	11468	-0.3754
9e704a46-2d0c-48c9-a6fa-1566d67a75e8	18	55635109	55635911	2	-2.3127
9e704a46-2d0c-48c9-a6fa-1566d67a75e8	18	55656160	56881516	709	-0.3908
9e704a46-2d0c-48c9-a6fa-1566d67a75e8	18	56881573	56933277	46	-1.3379
9e704a46-2d0c-48c9-a6fa-1566d67a75e8	18	56935623	79349796	12424	-0.3799
9e704a46-2d0c-48c9-a6fa-1566d67a75e8	19	283868	58370362	24119	0.5669
9e704a46-2d0c-48c9-a6fa-1566d67a75e8	20	472817	23167888	15389	-0.366
9e704a46-2d0c-48c9-a6fa-1566d67a75e8	20	23168335	23168338	2	-3.3094
9e704a46-2d0c-48c9-a6fa-1566d67a75e8	20	23180161	63588502	22064	-0.3406
9e704a46-2d0c-48c9-a6fa-1566d67a75e8	21	13974127	46262057	20539	-0.3657
9e704a46-2d0c-48c9-a6fa-1566d67a75e8	22	16934932	26174685	2249	-0.3908
9e704a46-2d0c-48c9-a6fa-1566d67a75e8	22	26179962	26181754	4	-2.5399
9e704a46-2d0c-48c9-a6fa-1566d67a75e8	22	26182255	30344484	2975	-0.3556
9e704a46-2d0c-48c9-a6fa-1566d67a75e8	22	30344940	30345668	2	-4.1904
9e704a46-2d0c-48c9-a6fa-1566d67a75e8	22	30346136	48940621	11802	-0.3672
9e704a46-2d0c-48c9-a6fa-1566d67a75e8	X	3236359	8221828	816	-0.0122
9e704a46-2d0c-48c9-a6fa-1566d67a75e8	X	8221983	14586314	3669	0.0671
9e704a46-2d0c-48c9-a6fa-1566d67a75e8	X	14586631	26250346	5455	0.0158
9e704a46-2d0c-48c9-a6fa-1566d67a75e8	X	26252504	26253757	3	-1.4105
9e704a46-2d0c-48c9-a6fa-1566d67a75e8	X	26255331	27345577	623	0.0186
9e704a46-2d0c-48c9-a6fa-1566d67a75e8	X	27346365	27417344	45	0.8754
9e704a46-2d0c-48c9-a6fa-1566d67a75e8	X	27418339	46466905	8934	0.0142
9e704a46-2d0c-48c9-a6fa-1566d67a75e8	X	46469802	100169861	18864	-0.0338
9e704a46-2d0c-48c9-a6fa-1566d67a75e8	X	100169931	155677414	25402	0.0153
