GDC_Aliquot	Chromosome	Start	End	Num_Probes	Segment_Mean
f857dc5c-69e3-4980-89df-44a20c0098a7	1	3301765	5261079	1390	-0.114
f857dc5c-69e3-4980-89df-44a20c0098a7	1	5262158	10648561	2872	-0.031
f857dc5c-69e3-4980-89df-44a20c0098a7	1	10659509	10661202	7	-0.7167
f857dc5c-69e3-4980-89df-44a20c0098a7	1	10661309	13473667	1110	-0.0181
f857dc5c-69e3-4980-89df-44a20c0098a7	1	13475756	14868948	1095	-0.0717
f857dc5c-69e3-4980-89df-44a20c0098a7	1	14869132	18260321	1762	-0.0163
f857dc5c-69e3-4980-89df-44a20c0098a7	1	18263126	18263454	3	-1.418
f857dc5c-69e3-4980-89df-44a20c0098a7	1	18264160	40615682	11729	-0.0124
f857dc5c-69e3-4980-89df-44a20c0098a7	1	40615978	42807837	1315	-0.0569
f857dc5c-69e3-4980-89df-44a20c0098a7	1	42808082	48099060	2838	-0.0181
f857dc5c-69e3-4980-89df-44a20c0098a7	1	48100702	48308566	124	0.1059
f857dc5c-69e3-4980-89df-44a20c0098a7	1	48310271	56936309	4946	-0.0254
f857dc5c-69e3-4980-89df-44a20c0098a7	1	56936348	58118896	1037	-0.0704
f857dc5c-69e3-4980-89df-44a20c0098a7	1	58121939	72643374	9467	-0.024
f857dc5c-69e3-4980-89df-44a20c0098a7	1	72643389	74525241	1005	-0.1029
f857dc5c-69e3-4980-89df-44a20c0098a7	1	74525718	74532066	10	0.5928
f857dc5c-69e3-4980-89df-44a20c0098a7	1	74535154	76306643	1138	-0.1111
f857dc5c-69e3-4980-89df-44a20c0098a7	1	76306733	77956679	959	-0.0256
f857dc5c-69e3-4980-89df-44a20c0098a7	1	77960599	84503103	3936	0.0229
f857dc5c-69e3-4980-89df-44a20c0098a7	1	84504882	85262266	527	-0.0197
f857dc5c-69e3-4980-89df-44a20c0098a7	1	85262981	86220163	666	0.1884
f857dc5c-69e3-4980-89df-44a20c0098a7	1	86220891	94177550	4777	-0.0187
f857dc5c-69e3-4980-89df-44a20c0098a7	1	94177975	96013819	1237	0.0317
f857dc5c-69e3-4980-89df-44a20c0098a7	1	96013839	101806926	3541	-0.0177
f857dc5c-69e3-4980-89df-44a20c0098a7	1	101807549	104145728	1039	-0.1075
f857dc5c-69e3-4980-89df-44a20c0098a7	1	104147965	106114520	950	-0.1703
f857dc5c-69e3-4980-89df-44a20c0098a7	1	106116276	107580248	1028	-0.1074
f857dc5c-69e3-4980-89df-44a20c0098a7	1	107580545	116615523	5552	-0.0395
f857dc5c-69e3-4980-89df-44a20c0098a7	1	116618642	118129161	917	0.111
f857dc5c-69e3-4980-89df-44a20c0098a7	1	118132338	119261664	616	0.1864
f857dc5c-69e3-4980-89df-44a20c0098a7	1	119263111	152630615	1646	0.1183
f857dc5c-69e3-4980-89df-44a20c0098a7	1	152630845	153687256	670	-0.0057
f857dc5c-69e3-4980-89df-44a20c0098a7	1	153693134	161081061	4179	-0.0407
f857dc5c-69e3-4980-89df-44a20c0098a7	1	161081344	164498009	2303	-0.0012
f857dc5c-69e3-4980-89df-44a20c0098a7	1	164498064	166009666	1302	-0.0714
f857dc5c-69e3-4980-89df-44a20c0098a7	1	166012642	187350227	13682	-0.0173
f857dc5c-69e3-4980-89df-44a20c0098a7	1	187350858	187827875	349	-0.0964
f857dc5c-69e3-4980-89df-44a20c0098a7	1	187827927	191249489	1901	-0.162
f857dc5c-69e3-4980-89df-44a20c0098a7	1	191249547	193921001	1748	-0.0483
f857dc5c-69e3-4980-89df-44a20c0098a7	1	193921089	195938713	1093	-0.1236
f857dc5c-69e3-4980-89df-44a20c0098a7	1	195938839	216383698	13169	-0.0511
f857dc5c-69e3-4980-89df-44a20c0098a7	1	216384098	217227467	673	-0.1299
f857dc5c-69e3-4980-89df-44a20c0098a7	1	217227516	217934746	447	-0.0732
f857dc5c-69e3-4980-89df-44a20c0098a7	1	217935591	221425065	2326	-0.0035
f857dc5c-69e3-4980-89df-44a20c0098a7	1	221426647	240877655	12901	-0.0557
f857dc5c-69e3-4980-89df-44a20c0098a7	1	240879650	241651974	603	-1.8817
f857dc5c-69e3-4980-89df-44a20c0098a7	1	241694837	242829562	808	-0.0702
f857dc5c-69e3-4980-89df-44a20c0098a7	1	242830268	242830333	2	-2.0536
f857dc5c-69e3-4980-89df-44a20c0098a7	1	242830924	245016658	1075	-0.098
f857dc5c-69e3-4980-89df-44a20c0098a7	1	245020277	246926421	745	-0.021
f857dc5c-69e3-4980-89df-44a20c0098a7	1	246928425	247045232	62	-0.0907
f857dc5c-69e3-4980-89df-44a20c0098a7	1	247051752	247650984	347	0.0986
f857dc5c-69e3-4980-89df-44a20c0098a7	2	480597	5983735	3108	0.0464
f857dc5c-69e3-4980-89df-44a20c0098a7	2	5988434	12954954	4978	0.1114
f857dc5c-69e3-4980-89df-44a20c0098a7	2	12955905	13718281	387	0.1993
f857dc5c-69e3-4980-89df-44a20c0098a7	2	13718364	14511764	449	0.1081
f857dc5c-69e3-4980-89df-44a20c0098a7	2	14512228	16828114	1657	0.0355
f857dc5c-69e3-4980-89df-44a20c0098a7	2	16828262	21126327	2979	0.1215
f857dc5c-69e3-4980-89df-44a20c0098a7	2	21130425	27729539	3425	0.0808
f857dc5c-69e3-4980-89df-44a20c0098a7	2	27729901	27731125	2	-1.1874
f857dc5c-69e3-4980-89df-44a20c0098a7	2	27734601	34229950	3705	0.1151
f857dc5c-69e3-4980-89df-44a20c0098a7	2	34230036	35920330	683	0.026
f857dc5c-69e3-4980-89df-44a20c0098a7	2	35928387	37240922	957	0.1054
f857dc5c-69e3-4980-89df-44a20c0098a7	2	37247971	42062596	2609	0.1528
f857dc5c-69e3-4980-89df-44a20c0098a7	2	42062625	48513954	4153	0.1128
f857dc5c-69e3-4980-89df-44a20c0098a7	2	48519467	48540119	10	-0.3897
f857dc5c-69e3-4980-89df-44a20c0098a7	2	48542238	49089354	286	0.114
f857dc5c-69e3-4980-89df-44a20c0098a7	2	49090009	49478469	273	0.0669
f857dc5c-69e3-4980-89df-44a20c0098a7	2	49479883	51764749	1254	-0.0141
f857dc5c-69e3-4980-89df-44a20c0098a7	2	51764758	57237037	2799	0.1097
f857dc5c-69e3-4980-89df-44a20c0098a7	2	57238144	60102787	1806	-0.0108
f857dc5c-69e3-4980-89df-44a20c0098a7	2	60104453	61700965	837	0.0574
f857dc5c-69e3-4980-89df-44a20c0098a7	2	61701270	65957614	2292	0.1183
f857dc5c-69e3-4980-89df-44a20c0098a7	2	65959789	65963892	3	-0.8407
f857dc5c-69e3-4980-89df-44a20c0098a7	2	65971955	69559079	2376	0.126
f857dc5c-69e3-4980-89df-44a20c0098a7	2	69561011	76523646	3902	0.0854
f857dc5c-69e3-4980-89df-44a20c0098a7	2	76527545	81488783	2555	-0.0532
f857dc5c-69e3-4980-89df-44a20c0098a7	2	81493576	82557786	576	0.139
f857dc5c-69e3-4980-89df-44a20c0098a7	2	82558367	83320232	401	0.3174
f857dc5c-69e3-4980-89df-44a20c0098a7	2	83320319	84036737	392	0.2099
f857dc5c-69e3-4980-89df-44a20c0098a7	2	84036982	86877979	1457	0.4674
f857dc5c-69e3-4980-89df-44a20c0098a7	2	86878321	88335454	192	0.2646
f857dc5c-69e3-4980-89df-44a20c0098a7	2	88342816	99817093	2031	0.2165
f857dc5c-69e3-4980-89df-44a20c0098a7	2	99819072	103017994	2091	0.265
f857dc5c-69e3-4980-89df-44a20c0098a7	2	103027329	103413732	217	-0.0092
f857dc5c-69e3-4980-89df-44a20c0098a7	2	103413745	104703068	784	-0.0745
f857dc5c-69e3-4980-89df-44a20c0098a7	2	104703578	114686026	5079	0.0131
f857dc5c-69e3-4980-89df-44a20c0098a7	2	114686567	118824324	2032	-0.0853
f857dc5c-69e3-4980-89df-44a20c0098a7	2	118824929	122540231	2235	-0.0154
f857dc5c-69e3-4980-89df-44a20c0098a7	2	122540414	125319688	1044	-0.1025
f857dc5c-69e3-4980-89df-44a20c0098a7	2	125321157	125324708	4	0.5262
f857dc5c-69e3-4980-89df-44a20c0098a7	2	125326831	125908539	221	-0.057
f857dc5c-69e3-4980-89df-44a20c0098a7	2	125909655	129212436	1983	0.0139
f857dc5c-69e3-4980-89df-44a20c0098a7	2	129212758	135320585	2703	-0.035
f857dc5c-69e3-4980-89df-44a20c0098a7	2	135324072	139639200	2202	-0.0632
f857dc5c-69e3-4980-89df-44a20c0098a7	2	139645633	139652951	5	0.5278
f857dc5c-69e3-4980-89df-44a20c0098a7	2	139655291	140362040	394	-0.0743
f857dc5c-69e3-4980-89df-44a20c0098a7	2	140362228	141886224	1039	-0.1362
f857dc5c-69e3-4980-89df-44a20c0098a7	2	141886258	143684581	1083	-0.0527
f857dc5c-69e3-4980-89df-44a20c0098a7	2	143685264	149647582	3121	0.0157
f857dc5c-69e3-4980-89df-44a20c0098a7	2	149648703	151612030	1377	0.0966
f857dc5c-69e3-4980-89df-44a20c0098a7	2	151612065	153843696	1372	0.0386
f857dc5c-69e3-4980-89df-44a20c0098a7	2	153843869	156784915	1597	-0.0666
f857dc5c-69e3-4980-89df-44a20c0098a7	2	156785014	163695802	3963	0.0252
f857dc5c-69e3-4980-89df-44a20c0098a7	2	163696171	165293790	853	-0.064
f857dc5c-69e3-4980-89df-44a20c0098a7	2	165297644	166134614	498	-0.0081
f857dc5c-69e3-4980-89df-44a20c0098a7	2	166134741	183906996	11034	0.032
f857dc5c-69e3-4980-89df-44a20c0098a7	2	183913322	185364277	633	-0.0349
f857dc5c-69e3-4980-89df-44a20c0098a7	2	185370113	187925000	943	0.0833
f857dc5c-69e3-4980-89df-44a20c0098a7	2	187925101	189121797	554	0.1497
f857dc5c-69e3-4980-89df-44a20c0098a7	2	189122853	192748151	2067	0.0634
f857dc5c-69e3-4980-89df-44a20c0098a7	2	192748503	194445508	606	-0.0022
f857dc5c-69e3-4980-89df-44a20c0098a7	2	194446049	194449546	2	0.9182
f857dc5c-69e3-4980-89df-44a20c0098a7	2	194465528	196221269	632	-0.0041
f857dc5c-69e3-4980-89df-44a20c0098a7	2	196221353	207421988	6472	0.0341
f857dc5c-69e3-4980-89df-44a20c0098a7	2	207423322	209152541	1000	-0.0092
f857dc5c-69e3-4980-89df-44a20c0098a7	2	209152574	211193958	1145	-0.0745
f857dc5c-69e3-4980-89df-44a20c0098a7	2	211194461	212901769	1077	-0.1334
f857dc5c-69e3-4980-89df-44a20c0098a7	2	212903849	213510693	381	-0.0583
f857dc5c-69e3-4980-89df-44a20c0098a7	2	213514935	214053654	269	-0.0245
f857dc5c-69e3-4980-89df-44a20c0098a7	2	214053784	214846907	487	0.0288
f857dc5c-69e3-4980-89df-44a20c0098a7	2	214858268	214866943	2	-1.0888
f857dc5c-69e3-4980-89df-44a20c0098a7	2	214867629	216540480	1127	0.0526
f857dc5c-69e3-4980-89df-44a20c0098a7	2	216543380	216543498	2	-1.3276
f857dc5c-69e3-4980-89df-44a20c0098a7	2	216543516	220500019	2446	0.0406
f857dc5c-69e3-4980-89df-44a20c0098a7	2	220503148	221565600	744	-0.0317
f857dc5c-69e3-4980-89df-44a20c0098a7	2	221567105	221608911	40	-0.2332
f857dc5c-69e3-4980-89df-44a20c0098a7	2	221617298	221873915	156	-0.032
f857dc5c-69e3-4980-89df-44a20c0098a7	2	221874279	225735250	2559	0.0311
f857dc5c-69e3-4980-89df-44a20c0098a7	2	225738677	226426664	382	0.1124
f857dc5c-69e3-4980-89df-44a20c0098a7	2	226429049	227147250	466	0.0268
f857dc5c-69e3-4980-89df-44a20c0098a7	2	227147719	230085184	1714	-0.0435
f857dc5c-69e3-4980-89df-44a20c0098a7	2	230089905	230090545	2	-2.3255
f857dc5c-69e3-4980-89df-44a20c0098a7	2	230093404	234522495	2499	0.0037
f857dc5c-69e3-4980-89df-44a20c0098a7	2	234526796	237668016	2111	0.0546
f857dc5c-69e3-4980-89df-44a20c0098a7	2	237668575	237943293	175	0.0063
f857dc5c-69e3-4980-89df-44a20c0098a7	2	237943757	241537572	1924	0.5965
f857dc5c-69e3-4980-89df-44a20c0098a7	3	2170634	3251359	524	-0.0782
f857dc5c-69e3-4980-89df-44a20c0098a7	3	3254018	4895891	1088	0.0072
f857dc5c-69e3-4980-89df-44a20c0098a7	3	4897252	6357224	447	-0.0526
f857dc5c-69e3-4980-89df-44a20c0098a7	3	6357367	7707156	919	-0.111
f857dc5c-69e3-4980-89df-44a20c0098a7	3	7707427	18124776	6778	-0.0425
f857dc5c-69e3-4980-89df-44a20c0098a7	3	18128231	20483315	1256	-0.1252
f857dc5c-69e3-4980-89df-44a20c0098a7	3	20485641	20507570	15	0.0815
f857dc5c-69e3-4980-89df-44a20c0098a7	3	20515271	24040348	1664	-0.067
f857dc5c-69e3-4980-89df-44a20c0098a7	3	24042805	25423342	1120	-0.0041
f857dc5c-69e3-4980-89df-44a20c0098a7	3	25424440	26432979	508	-0.0756
f857dc5c-69e3-4980-89df-44a20c0098a7	3	26437314	27656325	650	0.0046
f857dc5c-69e3-4980-89df-44a20c0098a7	3	27656941	27657283	2	-1.4993
f857dc5c-69e3-4980-89df-44a20c0098a7	3	27659802	27801877	95	-0.0108
f857dc5c-69e3-4980-89df-44a20c0098a7	3	27802142	28500056	466	0.0127
f857dc5c-69e3-4980-89df-44a20c0098a7	3	28500142	29525902	713	0.1082
f857dc5c-69e3-4980-89df-44a20c0098a7	3	29531143	29532701	3	-0.7924
f857dc5c-69e3-4980-89df-44a20c0098a7	3	29533914	30398988	575	0.101
f857dc5c-69e3-4980-89df-44a20c0098a7	3	30402600	32526622	1486	0.0549
f857dc5c-69e3-4980-89df-44a20c0098a7	3	32528969	35396697	1549	-0.0191
f857dc5c-69e3-4980-89df-44a20c0098a7	3	35398054	35929391	283	0.0611
f857dc5c-69e3-4980-89df-44a20c0098a7	3	35930000	35930617	7	-0.9532
f857dc5c-69e3-4980-89df-44a20c0098a7	3	35931781	36878559	691	0.1175
f857dc5c-69e3-4980-89df-44a20c0098a7	3	36880567	36881884	2	-1.5504
f857dc5c-69e3-4980-89df-44a20c0098a7	3	36883703	39391895	1548	0.0808
f857dc5c-69e3-4980-89df-44a20c0098a7	3	39394300	44135055	2744	-0.0687
f857dc5c-69e3-4980-89df-44a20c0098a7	3	44135946	51382435	3362	-0.0352
f857dc5c-69e3-4980-89df-44a20c0098a7	3	51382990	55066661	2129	-0.0728
f857dc5c-69e3-4980-89df-44a20c0098a7	3	55073102	55076124	5	0.529
f857dc5c-69e3-4980-89df-44a20c0098a7	3	55081454	58054299	1875	-0.0705
f857dc5c-69e3-4980-89df-44a20c0098a7	3	58054428	58731386	455	0.1899
f857dc5c-69e3-4980-89df-44a20c0098a7	3	58731459	66911970	5141	-0.031
f857dc5c-69e3-4980-89df-44a20c0098a7	3	66912228	69198400	1513	-0.1275
f857dc5c-69e3-4980-89df-44a20c0098a7	3	69199859	72588623	2468	-0.0231
f857dc5c-69e3-4980-89df-44a20c0098a7	3	72590078	72590181	2	-0.9979
f857dc5c-69e3-4980-89df-44a20c0098a7	3	72592265	73094212	306	0.0031
f857dc5c-69e3-4980-89df-44a20c0098a7	3	73095607	74387519	981	0.0551
f857dc5c-69e3-4980-89df-44a20c0098a7	3	74395120	75189003	464	-0.024
f857dc5c-69e3-4980-89df-44a20c0098a7	3	75195046	77963608	1242	-0.1101
f857dc5c-69e3-4980-89df-44a20c0098a7	3	77964176	78270431	145	-0.0212
f857dc5c-69e3-4980-89df-44a20c0098a7	3	78270905	78454207	105	0.1961
f857dc5c-69e3-4980-89df-44a20c0098a7	3	78461290	78656069	133	0.0209
f857dc5c-69e3-4980-89df-44a20c0098a7	3	78656730	78761169	66	0.2241
f857dc5c-69e3-4980-89df-44a20c0098a7	3	78763335	79333303	271	0.3533
f857dc5c-69e3-4980-89df-44a20c0098a7	3	79333792	79478373	68	0.1391
f857dc5c-69e3-4980-89df-44a20c0098a7	3	79479039	79819246	206	0.0227
f857dc5c-69e3-4980-89df-44a20c0098a7	3	79819316	80804672	560	0.1508
f857dc5c-69e3-4980-89df-44a20c0098a7	3	80805241	80902138	44	-0.0654
f857dc5c-69e3-4980-89df-44a20c0098a7	3	80904285	83206056	1237	-0.106
f857dc5c-69e3-4980-89df-44a20c0098a7	3	83206511	86206069	1347	-0.2046
f857dc5c-69e3-4980-89df-44a20c0098a7	3	86206883	94017382	1995	-0.1032
f857dc5c-69e3-4980-89df-44a20c0098a7	3	94018736	97905109	1931	-0.2517
f857dc5c-69e3-4980-89df-44a20c0098a7	3	97911582	100327140	1314	-0.1281
f857dc5c-69e3-4980-89df-44a20c0098a7	3	100331525	100872162	219	0.0475
f857dc5c-69e3-4980-89df-44a20c0098a7	3	100874010	101101271	197	0.2623
f857dc5c-69e3-4980-89df-44a20c0098a7	3	101106544	101193302	55	0.6722
f857dc5c-69e3-4980-89df-44a20c0098a7	3	101193818	101349762	82	0.4188
f857dc5c-69e3-4980-89df-44a20c0098a7	3	101349776	102016361	323	0.2111
f857dc5c-69e3-4980-89df-44a20c0098a7	3	102016526	103146324	583	0.0497
f857dc5c-69e3-4980-89df-44a20c0098a7	3	103146364	104380630	688	-0.033
f857dc5c-69e3-4980-89df-44a20c0098a7	3	104383705	108404154	2525	-0.1644
f857dc5c-69e3-4980-89df-44a20c0098a7	3	108404471	110320794	801	-0.2222
f857dc5c-69e3-4980-89df-44a20c0098a7	3	110322685	113239477	1790	-0.1459
f857dc5c-69e3-4980-89df-44a20c0098a7	3	113240049	113240361	2	-1.4243
f857dc5c-69e3-4980-89df-44a20c0098a7	3	113241689	116612215	2010	-0.1633
f857dc5c-69e3-4980-89df-44a20c0098a7	3	116612285	118103341	1116	-0.2323
f857dc5c-69e3-4980-89df-44a20c0098a7	3	118104047	119460336	762	-0.1859
f857dc5c-69e3-4980-89df-44a20c0098a7	3	119463751	119464494	3	-1.248
f857dc5c-69e3-4980-89df-44a20c0098a7	3	119478438	133120980	7753	-0.1683
f857dc5c-69e3-4980-89df-44a20c0098a7	3	133121112	135507858	1584	-0.2193
f857dc5c-69e3-4980-89df-44a20c0098a7	3	135512765	138307862	1261	-0.1523
f857dc5c-69e3-4980-89df-44a20c0098a7	3	138308710	139565325	601	-0.2153
f857dc5c-69e3-4980-89df-44a20c0098a7	3	139575430	141059226	1105	-0.1568
f857dc5c-69e3-4980-89df-44a20c0098a7	3	141059921	141059996	2	-1.418
f857dc5c-69e3-4980-89df-44a20c0098a7	3	141060448	141870663	475	-0.1494
f857dc5c-69e3-4980-89df-44a20c0098a7	3	141871263	143820285	820	0.0591
f857dc5c-69e3-4980-89df-44a20c0098a7	3	143826414	147167410	1646	-0.1082
f857dc5c-69e3-4980-89df-44a20c0098a7	3	147171868	147831244	103	0.0724
f857dc5c-69e3-4980-89df-44a20c0098a7	3	147833535	148217913	174	0.2802
f857dc5c-69e3-4980-89df-44a20c0098a7	3	148220696	149646686	933	0.0615
f857dc5c-69e3-4980-89df-44a20c0098a7	3	149655515	150495443	476	0.1512
f857dc5c-69e3-4980-89df-44a20c0098a7	3	150499554	153934618	2079	-0.1678
f857dc5c-69e3-4980-89df-44a20c0098a7	3	153935282	153936160	3	-1.3602
f857dc5c-69e3-4980-89df-44a20c0098a7	3	153936419	161363882	3952	-0.1551
f857dc5c-69e3-4980-89df-44a20c0098a7	3	161364193	167383690	2504	-0.2434
f857dc5c-69e3-4980-89df-44a20c0098a7	3	167384213	168952842	863	-0.1476
f857dc5c-69e3-4980-89df-44a20c0098a7	3	168953205	170506368	952	-0.2011
f857dc5c-69e3-4980-89df-44a20c0098a7	3	170507315	175348904	2652	-0.1489
f857dc5c-69e3-4980-89df-44a20c0098a7	3	175349091	179168517	1670	-0.0971
f857dc5c-69e3-4980-89df-44a20c0098a7	3	179168834	180562055	867	-0.1492
f857dc5c-69e3-4980-89df-44a20c0098a7	3	180580677	184501547	1603	-0.2067
f857dc5c-69e3-4980-89df-44a20c0098a7	3	184504246	186236138	1012	-0.1618
f857dc5c-69e3-4980-89df-44a20c0098a7	3	186239246	186271710	37	0.0478
f857dc5c-69e3-4980-89df-44a20c0098a7	3	186271848	186463815	146	-0.1266
f857dc5c-69e3-4980-89df-44a20c0098a7	3	186464111	188141839	1185	-0.1965
f857dc5c-69e3-4980-89df-44a20c0098a7	3	188146433	189252640	753	-0.1512
f857dc5c-69e3-4980-89df-44a20c0098a7	3	189253299	190809638	1096	-0.0828
f857dc5c-69e3-4980-89df-44a20c0098a7	3	190809798	195318666	2623	-0.1381
f857dc5c-69e3-4980-89df-44a20c0098a7	3	195328085	197812401	486	0.0152
f857dc5c-69e3-4980-89df-44a20c0098a7	4	1059384	4295514	1208	-0.0432
f857dc5c-69e3-4980-89df-44a20c0098a7	4	4295662	9705456	3150	-0.0004
f857dc5c-69e3-4980-89df-44a20c0098a7	4	9707174	10147204	347	-0.0669
f857dc5c-69e3-4980-89df-44a20c0098a7	4	10147440	12453685	1771	-0.1429
f857dc5c-69e3-4980-89df-44a20c0098a7	4	12456772	16545372	3011	-0.0474
f857dc5c-69e3-4980-89df-44a20c0098a7	4	16545460	21155973	2965	-0.0003
f857dc5c-69e3-4980-89df-44a20c0098a7	4	21156397	21266249	114	-0.0504
f857dc5c-69e3-4980-89df-44a20c0098a7	4	21266273	21266388	2	-0.8711
f857dc5c-69e3-4980-89df-44a20c0098a7	4	21266607	21513579	159	-0.0383
f857dc5c-69e3-4980-89df-44a20c0098a7	4	21513694	23307832	1097	-0.0929
f857dc5c-69e3-4980-89df-44a20c0098a7	4	23307849	26464948	2195	-0.0353
f857dc5c-69e3-4980-89df-44a20c0098a7	4	26465239	26465689	2	-1.1945
f857dc5c-69e3-4980-89df-44a20c0098a7	4	26467325	28236161	1094	-0.0231
f857dc5c-69e3-4980-89df-44a20c0098a7	4	28236376	28236509	3	-1.3194
f857dc5c-69e3-4980-89df-44a20c0098a7	4	28238041	30166358	1206	-0.0707
f857dc5c-69e3-4980-89df-44a20c0098a7	4	30166973	32352082	1361	0.0021
f857dc5c-69e3-4980-89df-44a20c0098a7	4	32356023	32371137	4	-1.229
f857dc5c-69e3-4980-89df-44a20c0098a7	4	32371272	34289649	892	-0.0499
f857dc5c-69e3-4980-89df-44a20c0098a7	4	34292446	36538411	1376	-0.1475
f857dc5c-69e3-4980-89df-44a20c0098a7	4	36544419	42220442	3505	-0.0157
f857dc5c-69e3-4980-89df-44a20c0098a7	4	42220537	47135658	2332	-0.1212
f857dc5c-69e3-4980-89df-44a20c0098a7	4	47135864	48066766	539	-0.0411
f857dc5c-69e3-4980-89df-44a20c0098a7	4	48066809	54579485	1754	0.0193
f857dc5c-69e3-4980-89df-44a20c0098a7	4	54579585	58046570	2273	-0.0488
f857dc5c-69e3-4980-89df-44a20c0098a7	4	58046855	59347251	721	-0.1422
f857dc5c-69e3-4980-89df-44a20c0098a7	4	59349762	70873837	5693	-0.2213
f857dc5c-69e3-4980-89df-44a20c0098a7	4	70876634	71098656	92	-0.1221
f857dc5c-69e3-4980-89df-44a20c0098a7	4	71099053	71132794	19	0.2014
f857dc5c-69e3-4980-89df-44a20c0098a7	4	71136617	72844626	942	-0.1568
f857dc5c-69e3-4980-89df-44a20c0098a7	4	72844687	80712432	4761	-0.0928
f857dc5c-69e3-4980-89df-44a20c0098a7	4	80713558	83997544	2017	-0.156
f857dc5c-69e3-4980-89df-44a20c0098a7	4	83997800	89883492	3566	-0.0847
f857dc5c-69e3-4980-89df-44a20c0098a7	4	89886965	93420101	1673	-0.2041
f857dc5c-69e3-4980-89df-44a20c0098a7	4	93429874	101445957	4631	-0.112
f857dc5c-69e3-4980-89df-44a20c0098a7	4	101460844	104356878	1523	-0.0772
f857dc5c-69e3-4980-89df-44a20c0098a7	4	104360107	104936795	319	-0.165
f857dc5c-69e3-4980-89df-44a20c0098a7	4	104940068	111327515	3675	-0.0776
f857dc5c-69e3-4980-89df-44a20c0098a7	4	111330714	114992263	2180	0.1463
f857dc5c-69e3-4980-89df-44a20c0098a7	4	114995845	118310516	1842	0.0514
f857dc5c-69e3-4980-89df-44a20c0098a7	4	118312791	119126080	392	0.1185
f857dc5c-69e3-4980-89df-44a20c0098a7	4	119126145	123593841	2521	-0.1217
f857dc5c-69e3-4980-89df-44a20c0098a7	4	123599846	127510855	2209	-0.077
f857dc5c-69e3-4980-89df-44a20c0098a7	4	127517038	130250227	1395	-0.1304
f857dc5c-69e3-4980-89df-44a20c0098a7	4	130250242	135460707	2168	-0.2319
f857dc5c-69e3-4980-89df-44a20c0098a7	4	135463848	139164353	2294	-0.0819
f857dc5c-69e3-4980-89df-44a20c0098a7	4	139174473	146659486	4180	-0.1515
f857dc5c-69e3-4980-89df-44a20c0098a7	4	146659652	148644921	1199	-0.1032
f857dc5c-69e3-4980-89df-44a20c0098a7	4	148646727	149994005	644	-0.0414
f857dc5c-69e3-4980-89df-44a20c0098a7	4	149994262	150967457	511	-0.109
f857dc5c-69e3-4980-89df-44a20c0098a7	4	150969499	151877469	395	-0.1685
f857dc5c-69e3-4980-89df-44a20c0098a7	4	151878222	155001594	1907	-0.0968
f857dc5c-69e3-4980-89df-44a20c0098a7	4	155001629	158278230	2010	-0.0417
f857dc5c-69e3-4980-89df-44a20c0098a7	4	158284229	160450996	1239	-0.1083
f857dc5c-69e3-4980-89df-44a20c0098a7	4	160451035	164130052	2141	-0.1717
f857dc5c-69e3-4980-89df-44a20c0098a7	4	164131071	167402629	1592	-0.088
f857dc5c-69e3-4980-89df-44a20c0098a7	4	167402958	168829848	851	-0.0229
f857dc5c-69e3-4980-89df-44a20c0098a7	4	168838571	170144096	707	-0.0796
f857dc5c-69e3-4980-89df-44a20c0098a7	4	170146926	170149365	2	-1.302
f857dc5c-69e3-4980-89df-44a20c0098a7	4	170154010	170673551	296	-0.054
f857dc5c-69e3-4980-89df-44a20c0098a7	4	170680724	171790065	646	-0.1787
f857dc5c-69e3-4980-89df-44a20c0098a7	4	171793295	178066421	3503	-0.1016
f857dc5c-69e3-4980-89df-44a20c0098a7	4	178068707	181331840	1466	-0.1659
f857dc5c-69e3-4980-89df-44a20c0098a7	4	181331950	184824036	1574	-0.0695
f857dc5c-69e3-4980-89df-44a20c0098a7	4	184827652	185378502	2	1.0503
f857dc5c-69e3-4980-89df-44a20c0098a7	4	185378604	187842528	1525	-0.0669
f857dc5c-69e3-4980-89df-44a20c0098a7	5	913983	4142876	2064	0.3329
f857dc5c-69e3-4980-89df-44a20c0098a7	5	4143023	4557624	273	0.4619
f857dc5c-69e3-4980-89df-44a20c0098a7	5	4558554	4560472	2	-0.8671
f857dc5c-69e3-4980-89df-44a20c0098a7	5	4561067	6572245	1707	0.4768
f857dc5c-69e3-4980-89df-44a20c0098a7	5	6573975	9186524	1977	0.3941
f857dc5c-69e3-4980-89df-44a20c0098a7	5	9186665	10042659	682	0.4621
f857dc5c-69e3-4980-89df-44a20c0098a7	5	10042938	10557859	369	1.0564
f857dc5c-69e3-4980-89df-44a20c0098a7	5	10558829	11101949	225	0.9994
f857dc5c-69e3-4980-89df-44a20c0098a7	5	11102099	11105543	2	-0.646
f857dc5c-69e3-4980-89df-44a20c0098a7	5	11105684	13341057	1182	0.9572
f857dc5c-69e3-4980-89df-44a20c0098a7	5	13341630	15331291	1471	1.0815
f857dc5c-69e3-4980-89df-44a20c0098a7	5	15332460	15332592	5	0.0801
f857dc5c-69e3-4980-89df-44a20c0098a7	5	15332597	16228423	130	1.0914
f857dc5c-69e3-4980-89df-44a20c0098a7	5	16231019	16570220	263	0.4995
f857dc5c-69e3-4980-89df-44a20c0098a7	5	16575703	23728568	3587	0.3875
f857dc5c-69e3-4980-89df-44a20c0098a7	5	23728663	26068146	1200	0.3346
f857dc5c-69e3-4980-89df-44a20c0098a7	5	26071367	28517495	1346	0.4226
f857dc5c-69e3-4980-89df-44a20c0098a7	5	28525989	29685819	600	0.3578
f857dc5c-69e3-4980-89df-44a20c0098a7	5	29687918	30848470	678	0.4163
f857dc5c-69e3-4980-89df-44a20c0098a7	5	30848603	32488218	1231	0.5089
f857dc5c-69e3-4980-89df-44a20c0098a7	5	32490971	34794567	1035	0.6
f857dc5c-69e3-4980-89df-44a20c0098a7	5	34794684	38397582	2227	0.5423
f857dc5c-69e3-4980-89df-44a20c0098a7	5	38397998	40668186	1504	0.5727
f857dc5c-69e3-4980-89df-44a20c0098a7	5	40668625	45378354	2349	0.5256
f857dc5c-69e3-4980-89df-44a20c0098a7	5	45383300	50856633	21	-0.0274
f857dc5c-69e3-4980-89df-44a20c0098a7	5	50865690	50867641	7	-0.7703
f857dc5c-69e3-4980-89df-44a20c0098a7	5	50871458	52032648	613	-0.0192
f857dc5c-69e3-4980-89df-44a20c0098a7	5	52035856	53214638	794	0.0823
f857dc5c-69e3-4980-89df-44a20c0098a7	5	53214703	55561206	1471	-0.1114
f857dc5c-69e3-4980-89df-44a20c0098a7	5	55562055	58307636	1822	0.0644
f857dc5c-69e3-4980-89df-44a20c0098a7	5	58308685	58313199	6	-0.574
f857dc5c-69e3-4980-89df-44a20c0098a7	5	58315890	58502987	116	-0.1315
f857dc5c-69e3-4980-89df-44a20c0098a7	5	58503008	60678800	1362	-0.0853
f857dc5c-69e3-4980-89df-44a20c0098a7	5	60682675	76489993	8222	-0.1344
f857dc5c-69e3-4980-89df-44a20c0098a7	5	76491317	76492451	2	-1.5907
f857dc5c-69e3-4980-89df-44a20c0098a7	5	76494542	80551557	2348	-0.131
f857dc5c-69e3-4980-89df-44a20c0098a7	5	80559903	84290459	2157	-0.0853
f857dc5c-69e3-4980-89df-44a20c0098a7	5	84298329	91860734	3909	-0.1445
f857dc5c-69e3-4980-89df-44a20c0098a7	5	91861347	93021612	534	-0.0534
f857dc5c-69e3-4980-89df-44a20c0098a7	5	93021675	99079353	3239	-0.1247
f857dc5c-69e3-4980-89df-44a20c0098a7	5	99083004	99083057	2	1.0843
f857dc5c-69e3-4980-89df-44a20c0098a7	5	99083305	100298967	92	-0.1235
f857dc5c-69e3-4980-89df-44a20c0098a7	5	100299068	106555459	2923	-0.1841
f857dc5c-69e3-4980-89df-44a20c0098a7	5	106556732	117574388	6828	-0.124
f857dc5c-69e3-4980-89df-44a20c0098a7	5	117574638	119552144	1251	-0.1891
f857dc5c-69e3-4980-89df-44a20c0098a7	5	119554079	126533751	4062	-0.1103
f857dc5c-69e3-4980-89df-44a20c0098a7	5	126536376	133264195	3644	-0.1511
f857dc5c-69e3-4980-89df-44a20c0098a7	5	133264647	133266299	2	-1.4079
f857dc5c-69e3-4980-89df-44a20c0098a7	5	133266351	135633272	1603	-0.1526
f857dc5c-69e3-4980-89df-44a20c0098a7	5	135634683	145107531	5401	-0.1251
f857dc5c-69e3-4980-89df-44a20c0098a7	5	145107593	147040613	1243	-0.1894
f857dc5c-69e3-4980-89df-44a20c0098a7	5	147041000	158316773	7487	-0.1306
f857dc5c-69e3-4980-89df-44a20c0098a7	5	158320350	161306617	2019	0.0593
f857dc5c-69e3-4980-89df-44a20c0098a7	5	161311058	163172733	1042	-0.024
f857dc5c-69e3-4980-89df-44a20c0098a7	5	163173282	170747855	5236	-0.2805
f857dc5c-69e3-4980-89df-44a20c0098a7	5	170748061	174370636	2264	-0.1383
f857dc5c-69e3-4980-89df-44a20c0098a7	5	174370707	175880310	1108	-0.2169
f857dc5c-69e3-4980-89df-44a20c0098a7	5	175883380	180934240	2073	-0.1653
f857dc5c-69e3-4980-89df-44a20c0098a7	6	1011760	6525070	4036	0.0938
f857dc5c-69e3-4980-89df-44a20c0098a7	6	6525936	6584554	45	-0.4841
f857dc5c-69e3-4980-89df-44a20c0098a7	6	6584785	6590772	5	-1.1822
f857dc5c-69e3-4980-89df-44a20c0098a7	6	6591050	7501058	645	-0.463
f857dc5c-69e3-4980-89df-44a20c0098a7	6	7501116	7501131	2	-1.8676
f857dc5c-69e3-4980-89df-44a20c0098a7	6	7502428	9981307	1802	-0.4631
f857dc5c-69e3-4980-89df-44a20c0098a7	6	9982103	9983631	5	0.355
f857dc5c-69e3-4980-89df-44a20c0098a7	6	9986637	10058885	59	-0.442
f857dc5c-69e3-4980-89df-44a20c0098a7	6	10063106	10072210	7	0.1239
f857dc5c-69e3-4980-89df-44a20c0098a7	6	10078812	11278261	661	-0.457
f857dc5c-69e3-4980-89df-44a20c0098a7	6	11280019	12194440	748	-0.3805
f857dc5c-69e3-4980-89df-44a20c0098a7	6	12194917	12195406	3	-2.4481
f857dc5c-69e3-4980-89df-44a20c0098a7	6	12196257	15965280	2641	-0.4261
f857dc5c-69e3-4980-89df-44a20c0098a7	6	15969246	19379070	2344	0.0471
f857dc5c-69e3-4980-89df-44a20c0098a7	6	19381124	20752339	999	0.3938
f857dc5c-69e3-4980-89df-44a20c0098a7	6	20753334	22824078	1509	0.0944
f857dc5c-69e3-4980-89df-44a20c0098a7	6	22828213	24946443	1434	-0.3877
f857dc5c-69e3-4980-89df-44a20c0098a7	6	24947544	24947577	2	0.7668
f857dc5c-69e3-4980-89df-44a20c0098a7	6	24950971	26968286	898	-0.4277
f857dc5c-69e3-4980-89df-44a20c0098a7	6	26972705	28767890	704	-0.2142
f857dc5c-69e3-4980-89df-44a20c0098a7	6	28774563	34722433	1797	-0.1449
f857dc5c-69e3-4980-89df-44a20c0098a7	6	34723353	40649427	3817	-0.0827
f857dc5c-69e3-4980-89df-44a20c0098a7	6	40649466	41534931	613	-0.0237
f857dc5c-69e3-4980-89df-44a20c0098a7	6	41541756	41544212	8	0.6591
f857dc5c-69e3-4980-89df-44a20c0098a7	6	41550275	41574507	16	-0.0107
f857dc5c-69e3-4980-89df-44a20c0098a7	6	41580692	41584991	5	0.699
f857dc5c-69e3-4980-89df-44a20c0098a7	6	41586377	43546984	1034	-0.0182
f857dc5c-69e3-4980-89df-44a20c0098a7	6	43549425	43651484	46	0.3104
f857dc5c-69e3-4980-89df-44a20c0098a7	6	43651952	44252339	328	-0.0049
f857dc5c-69e3-4980-89df-44a20c0098a7	6	44255149	44268632	8	0.5673
f857dc5c-69e3-4980-89df-44a20c0098a7	6	44272028	44307826	23	0.0021
f857dc5c-69e3-4980-89df-44a20c0098a7	6	44310167	44314163	5	0.6895
f857dc5c-69e3-4980-89df-44a20c0098a7	6	44315061	44349492	28	-0.0274
f857dc5c-69e3-4980-89df-44a20c0098a7	6	44356462	44362819	8	0.5928
f857dc5c-69e3-4980-89df-44a20c0098a7	6	44365752	44374903	8	0.2615
f857dc5c-69e3-4980-89df-44a20c0098a7	6	44376855	44892930	360	0.0053
f857dc5c-69e3-4980-89df-44a20c0098a7	6	44974523	45134813	61	0.6921
f857dc5c-69e3-4980-89df-44a20c0098a7	6	45138948	45146133	2	1.5845
f857dc5c-69e3-4980-89df-44a20c0098a7	6	45148411	45492824	151	0.6618
f857dc5c-69e3-4980-89df-44a20c0098a7	6	45497174	45574490	65	-0.0041
f857dc5c-69e3-4980-89df-44a20c0098a7	6	45574817	45617131	31	0.6634
f857dc5c-69e3-4980-89df-44a20c0098a7	6	45619076	46604944	592	-0.0282
f857dc5c-69e3-4980-89df-44a20c0098a7	6	46606378	47324137	559	-0.1258
f857dc5c-69e3-4980-89df-44a20c0098a7	6	47334210	47340683	7	0.6518
f857dc5c-69e3-4980-89df-44a20c0098a7	6	47341251	47764657	297	-0.1482
f857dc5c-69e3-4980-89df-44a20c0098a7	6	47764980	50864744	1616	-0.2181
f857dc5c-69e3-4980-89df-44a20c0098a7	6	50866444	50898065	21	0.3485
f857dc5c-69e3-4980-89df-44a20c0098a7	6	50903921	51039323	80	-0.1462
f857dc5c-69e3-4980-89df-44a20c0098a7	6	51040263	51625980	359	0.1006
f857dc5c-69e3-4980-89df-44a20c0098a7	6	51627044	51836367	154	0.1744
f857dc5c-69e3-4980-89df-44a20c0098a7	6	51836386	51859642	16	0.7418
f857dc5c-69e3-4980-89df-44a20c0098a7	6	51862530	52013511	97	0.2978
f857dc5c-69e3-4980-89df-44a20c0098a7	6	52018570	52042437	20	0.7537
f857dc5c-69e3-4980-89df-44a20c0098a7	6	52047500	53068398	680	0.1607
f857dc5c-69e3-4980-89df-44a20c0098a7	6	53071677	53089396	10	0.7265
f857dc5c-69e3-4980-89df-44a20c0098a7	6	53090344	53169896	55	0.1353
f857dc5c-69e3-4980-89df-44a20c0098a7	6	53170707	53175598	6	0.5573
f857dc5c-69e3-4980-89df-44a20c0098a7	6	53179144	53220818	28	0.1332
f857dc5c-69e3-4980-89df-44a20c0098a7	6	53222737	53225751	5	0.8103
f857dc5c-69e3-4980-89df-44a20c0098a7	6	53228517	54519754	914	0.1697
f857dc5c-69e3-4980-89df-44a20c0098a7	6	54521444	55081893	332	0.372
f857dc5c-69e3-4980-89df-44a20c0098a7	6	55082440	57284353	1250	0.1947
f857dc5c-69e3-4980-89df-44a20c0098a7	6	57287480	63231686	795	0.0063
f857dc5c-69e3-4980-89df-44a20c0098a7	6	63238400	64021831	396	0.1837
f857dc5c-69e3-4980-89df-44a20c0098a7	6	64028428	64885218	438	0.0338
f857dc5c-69e3-4980-89df-44a20c0098a7	6	64887492	69337084	2576	-0.0262
f857dc5c-69e3-4980-89df-44a20c0098a7	6	69337544	70851797	887	0.0213
f857dc5c-69e3-4980-89df-44a20c0098a7	6	70856072	73590785	1590	0.1044
f857dc5c-69e3-4980-89df-44a20c0098a7	6	73593269	76701192	1814	0.1939
f857dc5c-69e3-4980-89df-44a20c0098a7	6	76701806	80393707	1874	0.0934
f857dc5c-69e3-4980-89df-44a20c0098a7	6	80395748	86685849	3565	0.149
f857dc5c-69e3-4980-89df-44a20c0098a7	6	86689838	91719828	3071	0.1013
f857dc5c-69e3-4980-89df-44a20c0098a7	6	91720187	91916961	131	0.0586
f857dc5c-69e3-4980-89df-44a20c0098a7	6	91918806	98989690	3356	0.0002
f857dc5c-69e3-4980-89df-44a20c0098a7	6	98992493	99054113	62	0.1196
f857dc5c-69e3-4980-89df-44a20c0098a7	6	99054736	99733434	475	0.0413
f857dc5c-69e3-4980-89df-44a20c0098a7	6	99734571	101412992	922	0.1118
f857dc5c-69e3-4980-89df-44a20c0098a7	6	101413167	103003271	878	0.0222
f857dc5c-69e3-4980-89df-44a20c0098a7	6	103008774	103009621	2	-1.0401
f857dc5c-69e3-4980-89df-44a20c0098a7	6	103011927	103548430	267	-0.0028
f857dc5c-69e3-4980-89df-44a20c0098a7	6	103548676	105701712	1232	0.1144
f857dc5c-69e3-4980-89df-44a20c0098a7	6	105703637	112078253	3903	0.7463
f857dc5c-69e3-4980-89df-44a20c0098a7	6	112084861	113476198	937	0.8355
f857dc5c-69e3-4980-89df-44a20c0098a7	6	113476476	113527239	31	0.6679
f857dc5c-69e3-4980-89df-44a20c0098a7	6	113528129	114167626	424	0.5067
f857dc5c-69e3-4980-89df-44a20c0098a7	6	114168157	114169583	5	0.7645
f857dc5c-69e3-4980-89df-44a20c0098a7	6	114188027	119343701	2466	0.1258
f857dc5c-69e3-4980-89df-44a20c0098a7	6	119343907	122546445	1789	0.1927
f857dc5c-69e3-4980-89df-44a20c0098a7	6	122555373	123493345	499	0.1456
f857dc5c-69e3-4980-89df-44a20c0098a7	6	123493488	124437431	560	0.0738
f857dc5c-69e3-4980-89df-44a20c0098a7	6	124437907	125420888	689	0.1551
f857dc5c-69e3-4980-89df-44a20c0098a7	6	125422125	125440403	19	0.672
f857dc5c-69e3-4980-89df-44a20c0098a7	6	125441906	126782640	701	0.1791
f857dc5c-69e3-4980-89df-44a20c0098a7	6	126791568	126793024	3	1.0255
f857dc5c-69e3-4980-89df-44a20c0098a7	6	126794309	130616350	2447	0.1975
f857dc5c-69e3-4980-89df-44a20c0098a7	6	130619620	130920872	222	0.1398
f857dc5c-69e3-4980-89df-44a20c0098a7	6	130924378	131907493	578	0.4815
f857dc5c-69e3-4980-89df-44a20c0098a7	6	131910998	133966003	1437	0.5452
f857dc5c-69e3-4980-89df-44a20c0098a7	6	133966598	136225196	1587	0.4826
f857dc5c-69e3-4980-89df-44a20c0098a7	6	136225882	139834908	2289	0.4476
f857dc5c-69e3-4980-89df-44a20c0098a7	6	139836904	142576056	1149	0.5017
f857dc5c-69e3-4980-89df-44a20c0098a7	6	142576264	145471251	1938	0.7293
f857dc5c-69e3-4980-89df-44a20c0098a7	6	145471720	145561650	32	0.5341
f857dc5c-69e3-4980-89df-44a20c0098a7	6	145561666	146013987	234	0.3462
f857dc5c-69e3-4980-89df-44a20c0098a7	6	146014424	152037044	4127	0.4906
f857dc5c-69e3-4980-89df-44a20c0098a7	6	152037805	153805576	1303	0.1423
f857dc5c-69e3-4980-89df-44a20c0098a7	6	153805920	154018538	155	0.0489
f857dc5c-69e3-4980-89df-44a20c0098a7	6	154020241	154208380	143	0.1589
f857dc5c-69e3-4980-89df-44a20c0098a7	6	154212290	154437756	189	0.0388
f857dc5c-69e3-4980-89df-44a20c0098a7	6	154438578	166226968	7310	0.1456
f857dc5c-69e3-4980-89df-44a20c0098a7	6	166227117	168623199	754	0.0353
f857dc5c-69e3-4980-89df-44a20c0098a7	6	168624488	170596889	743	0.2255
f857dc5c-69e3-4980-89df-44a20c0098a7	7	664936	6416236	2171	0.4857
f857dc5c-69e3-4980-89df-44a20c0098a7	7	6422572	6422999	2	-1.1981
f857dc5c-69e3-4980-89df-44a20c0098a7	7	6423015	8590968	1098	0.4767
f857dc5c-69e3-4980-89df-44a20c0098a7	7	8593344	11573509	1321	0.3756
f857dc5c-69e3-4980-89df-44a20c0098a7	7	11573526	12816359	887	0.472
f857dc5c-69e3-4980-89df-44a20c0098a7	7	12817094	14176817	1088	-0.2624
f857dc5c-69e3-4980-89df-44a20c0098a7	7	14183068	16477078	1535	0.5852
f857dc5c-69e3-4980-89df-44a20c0098a7	7	16478570	19771763	1232	0.4985
f857dc5c-69e3-4980-89df-44a20c0098a7	7	19772265	21041462	884	0.4
f857dc5c-69e3-4980-89df-44a20c0098a7	7	21043055	21573147	391	0.3316
f857dc5c-69e3-4980-89df-44a20c0098a7	7	21583235	21583599	2	-0.4981
f857dc5c-69e3-4980-89df-44a20c0098a7	7	21585224	21655597	62	0.3321
f857dc5c-69e3-4980-89df-44a20c0098a7	7	21655662	22493530	662	0.3973
f857dc5c-69e3-4980-89df-44a20c0098a7	7	22497428	31221055	5723	0.4883
f857dc5c-69e3-4980-89df-44a20c0098a7	7	31221334	31462664	194	-0.3102
f857dc5c-69e3-4980-89df-44a20c0098a7	7	31464972	32017858	436	0.4713
f857dc5c-69e3-4980-89df-44a20c0098a7	7	32019713	34731764	1716	0.5474
f857dc5c-69e3-4980-89df-44a20c0098a7	7	34739436	35053111	158	0.4723
f857dc5c-69e3-4980-89df-44a20c0098a7	7	35054582	35187018	32	0.2123
f857dc5c-69e3-4980-89df-44a20c0098a7	7	35187685	36621817	1085	0.4856
f857dc5c-69e3-4980-89df-44a20c0098a7	7	36622868	37000761	301	0.421
f857dc5c-69e3-4980-89df-44a20c0098a7	7	37003758	37003817	2	-0.4826
f857dc5c-69e3-4980-89df-44a20c0098a7	7	37004909	37729617	520	0.4203
f857dc5c-69e3-4980-89df-44a20c0098a7	7	37732354	38220454	363	0.486
f857dc5c-69e3-4980-89df-44a20c0098a7	7	38220497	45764463	4243	0.5837
f857dc5c-69e3-4980-89df-44a20c0098a7	7	45770309	45770832	2	-0.6874
f857dc5c-69e3-4980-89df-44a20c0098a7	7	45773589	49644977	2745	0.578
f857dc5c-69e3-4980-89df-44a20c0098a7	7	49647917	50136058	289	0.4937
f857dc5c-69e3-4980-89df-44a20c0098a7	7	50136085	53543517	2472	0.3948
f857dc5c-69e3-4980-89df-44a20c0098a7	7	53544205	54159998	407	0.4863
f857dc5c-69e3-4980-89df-44a20c0098a7	7	54160799	55702108	1158	0.5826
f857dc5c-69e3-4980-89df-44a20c0098a7	7	55708839	66792359	1174	0.5067
f857dc5c-69e3-4980-89df-44a20c0098a7	7	66793404	68414742	836	0.4099
f857dc5c-69e3-4980-89df-44a20c0098a7	7	68416032	72928921	2478	0.3575
f857dc5c-69e3-4980-89df-44a20c0098a7	7	72929093	77674162	1236	0.4248
f857dc5c-69e3-4980-89df-44a20c0098a7	7	77674484	81978414	2833	0.4915
f857dc5c-69e3-4980-89df-44a20c0098a7	7	81979442	83380474	803	0.7568
f857dc5c-69e3-4980-89df-44a20c0098a7	7	83382406	84737558	927	1
f857dc5c-69e3-4980-89df-44a20c0098a7	7	84738176	85774807	467	0.737
f857dc5c-69e3-4980-89df-44a20c0098a7	7	85778914	90266549	1440	0.3675
f857dc5c-69e3-4980-89df-44a20c0098a7	7	90267056	91705902	890	0.5747
f857dc5c-69e3-4980-89df-44a20c0098a7	7	91709849	92329999	311	0.4141
f857dc5c-69e3-4980-89df-44a20c0098a7	7	92333636	92385636	24	0.5864
f857dc5c-69e3-4980-89df-44a20c0098a7	7	92386153	93686257	874	0.7022
f857dc5c-69e3-4980-89df-44a20c0098a7	7	93687372	93828073	112	0.5151
f857dc5c-69e3-4980-89df-44a20c0098a7	7	93840288	93842547	3	1.2139
f857dc5c-69e3-4980-89df-44a20c0098a7	7	93845843	93907890	46	0.4843
f857dc5c-69e3-4980-89df-44a20c0098a7	7	93908185	93922294	7	0.867
f857dc5c-69e3-4980-89df-44a20c0098a7	7	93924530	93942873	14	0.5781
f857dc5c-69e3-4980-89df-44a20c0098a7	7	93944062	94635805	414	0.4326
f857dc5c-69e3-4980-89df-44a20c0098a7	7	94635949	94649755	12	0.8678
f857dc5c-69e3-4980-89df-44a20c0098a7	7	94649834	95763588	652	0.4113
f857dc5c-69e3-4980-89df-44a20c0098a7	7	95766369	98649773	1621	0.3297
f857dc5c-69e3-4980-89df-44a20c0098a7	7	98652585	107550187	4277	0.3903
f857dc5c-69e3-4980-89df-44a20c0098a7	7	107551992	115850225	4099	0.429
f857dc5c-69e3-4980-89df-44a20c0098a7	7	115850622	117695427	1225	0.385
f857dc5c-69e3-4980-89df-44a20c0098a7	7	117697858	119771310	975	0.3287
f857dc5c-69e3-4980-89df-44a20c0098a7	7	119772123	123487516	2139	0.4163
f857dc5c-69e3-4980-89df-44a20c0098a7	7	123488966	127273060	2048	0.3224
f857dc5c-69e3-4980-89df-44a20c0098a7	7	127274647	133530538	3386	0.4068
f857dc5c-69e3-4980-89df-44a20c0098a7	7	133535356	135413205	1232	0.4631
f857dc5c-69e3-4980-89df-44a20c0098a7	7	135413454	136089597	380	0.3991
f857dc5c-69e3-4980-89df-44a20c0098a7	7	136089787	137808519	1153	0.4885
f857dc5c-69e3-4980-89df-44a20c0098a7	7	137808853	140769780	1531	0.4196
f857dc5c-69e3-4980-89df-44a20c0098a7	7	140769815	142358543	938	0.3674
f857dc5c-69e3-4980-89df-44a20c0098a7	7	142379139	142581256	10	0.8166
f857dc5c-69e3-4980-89df-44a20c0098a7	7	142768623	144165784	555	0.3495
f857dc5c-69e3-4980-89df-44a20c0098a7	7	144167577	148024499	2169	0.2487
f857dc5c-69e3-4980-89df-44a20c0098a7	7	148032407	153025290	2468	0.3667
f857dc5c-69e3-4980-89df-44a20c0098a7	7	153025666	158592540	2982	0.2771
f857dc5c-69e3-4980-89df-44a20c0098a7	8	667625	2961288	859	-0.3255
f857dc5c-69e3-4980-89df-44a20c0098a7	8	2961340	5063332	1511	-0.4296
f857dc5c-69e3-4980-89df-44a20c0098a7	8	5063573	6405310	324	-0.3628
f857dc5c-69e3-4980-89df-44a20c0098a7	8	6405503	8406932	554	-0.27
f857dc5c-69e3-4980-89df-44a20c0098a7	8	8407179	11788048	1989	-0.343
f857dc5c-69e3-4980-89df-44a20c0098a7	8	11789003	23759218	8153	-0.1869
f857dc5c-69e3-4980-89df-44a20c0098a7	8	23759503	26223033	1706	-0.135
f857dc5c-69e3-4980-89df-44a20c0098a7	8	26225098	31910132	3722	-0.2106
f857dc5c-69e3-4980-89df-44a20c0098a7	8	31910536	36284306	2516	-0.3
f857dc5c-69e3-4980-89df-44a20c0098a7	8	36284772	46588976	3747	-0.1477
f857dc5c-69e3-4980-89df-44a20c0098a7	8	46589459	48358335	677	-0.0166
f857dc5c-69e3-4980-89df-44a20c0098a7	8	48359685	49700320	722	0.0454
f857dc5c-69e3-4980-89df-44a20c0098a7	8	49700455	52495165	1673	-0.1236
f857dc5c-69e3-4980-89df-44a20c0098a7	8	52495524	56698138	2358	-0.2295
f857dc5c-69e3-4980-89df-44a20c0098a7	8	56698270	58610885	1290	-0.1235
f857dc5c-69e3-4980-89df-44a20c0098a7	8	58611663	60280481	1010	-0.0288
f857dc5c-69e3-4980-89df-44a20c0098a7	8	60280591	64205933	2437	-0.1455
f857dc5c-69e3-4980-89df-44a20c0098a7	8	64205950	68391839	2192	-0.0906
f857dc5c-69e3-4980-89df-44a20c0098a7	8	68394576	74959099	4160	-0.0392
f857dc5c-69e3-4980-89df-44a20c0098a7	8	74959390	75426133	213	-0.1021
f857dc5c-69e3-4980-89df-44a20c0098a7	8	75428905	75430265	5	-1.0134
f857dc5c-69e3-4980-89df-44a20c0098a7	8	75438464	76572663	658	-0.0945
f857dc5c-69e3-4980-89df-44a20c0098a7	8	76573085	76684912	61	-0.305
f857dc5c-69e3-4980-89df-44a20c0098a7	8	76687964	77493183	480	-0.1095
f857dc5c-69e3-4980-89df-44a20c0098a7	8	77493326	79809670	1214	-0.0289
f857dc5c-69e3-4980-89df-44a20c0098a7	8	79812176	80133254	166	-0.0817
f857dc5c-69e3-4980-89df-44a20c0098a7	8	80134380	82074103	1088	-0.1507
f857dc5c-69e3-4980-89df-44a20c0098a7	8	82075006	86002017	1948	-0.2595
f857dc5c-69e3-4980-89df-44a20c0098a7	8	86002259	87103160	539	-0.1404
f857dc5c-69e3-4980-89df-44a20c0098a7	8	87104014	89340019	1312	-0.0222
f857dc5c-69e3-4980-89df-44a20c0098a7	8	89340605	90172015	455	-0.097
f857dc5c-69e3-4980-89df-44a20c0098a7	8	90172053	91647367	755	-0.0337
f857dc5c-69e3-4980-89df-44a20c0098a7	8	91654726	93585603	1144	0.0227
f857dc5c-69e3-4980-89df-44a20c0098a7	8	93586421	99613862	3618	-0.0268
f857dc5c-69e3-4980-89df-44a20c0098a7	8	99614805	103514757	2339	-0.0637
f857dc5c-69e3-4980-89df-44a20c0098a7	8	103516224	107459985	2046	-0.0191
f857dc5c-69e3-4980-89df-44a20c0098a7	8	107460007	107751468	166	-0.1024
f857dc5c-69e3-4980-89df-44a20c0098a7	8	107751547	107755331	4	-1.4903
f857dc5c-69e3-4980-89df-44a20c0098a7	8	107756119	108203139	286	-0.1009
f857dc5c-69e3-4980-89df-44a20c0098a7	8	108203681	108203687	2	-1.4806
f857dc5c-69e3-4980-89df-44a20c0098a7	8	108206166	111686021	1771	-0.1415
f857dc5c-69e3-4980-89df-44a20c0098a7	8	111688329	114094469	1284	-0.2217
f857dc5c-69e3-4980-89df-44a20c0098a7	8	114095251	122846937	5540	-0.0939
f857dc5c-69e3-4980-89df-44a20c0098a7	8	122847751	128416187	3896	-0.1404
f857dc5c-69e3-4980-89df-44a20c0098a7	8	128416485	133527864	3625	-0.111
f857dc5c-69e3-4980-89df-44a20c0098a7	8	133528207	135387846	1514	-0.148
f857dc5c-69e3-4980-89df-44a20c0098a7	8	135397693	135760094	251	-0.1806
f857dc5c-69e3-4980-89df-44a20c0098a7	8	135762458	139039925	2386	-0.2491
f857dc5c-69e3-4980-89df-44a20c0098a7	8	139040359	144182542	1746	-0.1484
f857dc5c-69e3-4980-89df-44a20c0098a7	9	789794	2253943	893	-0.3019
f857dc5c-69e3-4980-89df-44a20c0098a7	9	2255397	9238929	4427	-0.2203
f857dc5c-69e3-4980-89df-44a20c0098a7	9	9239154	12531493	1024	-0.3334
f857dc5c-69e3-4980-89df-44a20c0098a7	9	12531726	18102690	4324	-0.2016
f857dc5c-69e3-4980-89df-44a20c0098a7	9	18102766	21731367	2832	-0.2618
f857dc5c-69e3-4980-89df-44a20c0098a7	9	21731368	21732467	2	-1.5094
f857dc5c-69e3-4980-89df-44a20c0098a7	9	21732467	21874960	102	-0.2674
f857dc5c-69e3-4980-89df-44a20c0098a7	9	21881964	23341944	925	-0.1753
f857dc5c-69e3-4980-89df-44a20c0098a7	9	23342148	24075084	522	-0.2566
f857dc5c-69e3-4980-89df-44a20c0098a7	9	24076599	25806736	1007	-0.3086
f857dc5c-69e3-4980-89df-44a20c0098a7	9	25809337	26752506	486	-0.2282
f857dc5c-69e3-4980-89df-44a20c0098a7	9	26754890	30879001	2113	-0.3156
f857dc5c-69e3-4980-89df-44a20c0098a7	9	30881815	33759302	1936	-0.2086
f857dc5c-69e3-4980-89df-44a20c0098a7	9	33759561	68425024	2980	-0.2664
f857dc5c-69e3-4980-89df-44a20c0098a7	9	68426962	68556587	105	-0.1415
f857dc5c-69e3-4980-89df-44a20c0098a7	9	68556903	69180597	555	-0.0767
f857dc5c-69e3-4980-89df-44a20c0098a7	9	69180622	71739974	1862	0.0085
f857dc5c-69e3-4980-89df-44a20c0098a7	9	71740269	72633911	554	-0.0509
f857dc5c-69e3-4980-89df-44a20c0098a7	9	72635216	73818479	701	0.0232
f857dc5c-69e3-4980-89df-44a20c0098a7	9	73818900	78854113	3529	-0.0542
f857dc5c-69e3-4980-89df-44a20c0098a7	9	78859100	80775383	1397	-0.0924
f857dc5c-69e3-4980-89df-44a20c0098a7	9	80775472	85541637	3358	-0.0436
f857dc5c-69e3-4980-89df-44a20c0098a7	9	85541839	103697586	11259	-0.0034
f857dc5c-69e3-4980-89df-44a20c0098a7	9	103697809	107163582	2273	0.0551
f857dc5c-69e3-4980-89df-44a20c0098a7	9	107164018	107664688	387	0.0225
f857dc5c-69e3-4980-89df-44a20c0098a7	9	107665972	107668127	4	-0.7075
f857dc5c-69e3-4980-89df-44a20c0098a7	9	107673018	109647442	1677	0.0209
f857dc5c-69e3-4980-89df-44a20c0098a7	9	109647530	111423917	1366	0.0814
f857dc5c-69e3-4980-89df-44a20c0098a7	9	111425681	114756649	2047	0.0071
f857dc5c-69e3-4980-89df-44a20c0098a7	9	114757479	117238689	1854	0.0748
f857dc5c-69e3-4980-89df-44a20c0098a7	9	117239557	138044505	11918	0.0112
f857dc5c-69e3-4980-89df-44a20c0098a7	10	366509	3255989	1457	-0.4007
f857dc5c-69e3-4980-89df-44a20c0098a7	10	3261686	6884400	2845	-0.3444
f857dc5c-69e3-4980-89df-44a20c0098a7	10	6885455	7448244	498	-0.7176
f857dc5c-69e3-4980-89df-44a20c0098a7	10	7452328	7690456	224	-0.4418
f857dc5c-69e3-4980-89df-44a20c0098a7	10	7693913	7700648	11	0.7509
f857dc5c-69e3-4980-89df-44a20c0098a7	10	7702056	7706490	6	-0.6049
f857dc5c-69e3-4980-89df-44a20c0098a7	10	7708917	8018877	202	0.328
f857dc5c-69e3-4980-89df-44a20c0098a7	10	8018899	8209274	153	-0.008
f857dc5c-69e3-4980-89df-44a20c0098a7	10	8209344	10023234	1277	-0.4514
f857dc5c-69e3-4980-89df-44a20c0098a7	10	10035252	10665315	547	0.6136
f857dc5c-69e3-4980-89df-44a20c0098a7	10	10667945	11084531	372	0.3061
f857dc5c-69e3-4980-89df-44a20c0098a7	10	11087788	11527825	388	0.0003
f857dc5c-69e3-4980-89df-44a20c0098a7	10	11530303	11646477	60	-0.2047
f857dc5c-69e3-4980-89df-44a20c0098a7	10	11646669	12223196	285	-0.6454
f857dc5c-69e3-4980-89df-44a20c0098a7	10	12224704	12273159	29	-0.2299
f857dc5c-69e3-4980-89df-44a20c0098a7	10	12275911	12377796	62	0.185
f857dc5c-69e3-4980-89df-44a20c0098a7	10	12378215	12382876	3	-0.9066
f857dc5c-69e3-4980-89df-44a20c0098a7	10	12388337	13271567	779	0.2202
f857dc5c-69e3-4980-89df-44a20c0098a7	10	13272358	13605184	226	-0.1753
f857dc5c-69e3-4980-89df-44a20c0098a7	10	13610713	14046715	473	-0.6557
f857dc5c-69e3-4980-89df-44a20c0098a7	10	14046838	15938829	1488	-0.1357
f857dc5c-69e3-4980-89df-44a20c0098a7	10	15941538	17453015	1153	-0.0675
f857dc5c-69e3-4980-89df-44a20c0098a7	10	17460434	17465414	5	-0.5463
f857dc5c-69e3-4980-89df-44a20c0098a7	10	17468712	18240906	432	-0.1072
f857dc5c-69e3-4980-89df-44a20c0098a7	10	18241609	18460416	204	-0.336
f857dc5c-69e3-4980-89df-44a20c0098a7	10	18462174	18464543	2	-2.2654
f857dc5c-69e3-4980-89df-44a20c0098a7	10	18465476	18593858	106	-0.3426
f857dc5c-69e3-4980-89df-44a20c0098a7	10	18594341	18797280	156	-0.6298
f857dc5c-69e3-4980-89df-44a20c0098a7	10	18800629	22249514	2267	-0.3037
f857dc5c-69e3-4980-89df-44a20c0098a7	10	22261381	22864300	380	-0.1196
f857dc5c-69e3-4980-89df-44a20c0098a7	10	22868084	23580261	432	-0.3219
f857dc5c-69e3-4980-89df-44a20c0098a7	10	23580604	24194534	447	-0.5296
f857dc5c-69e3-4980-89df-44a20c0098a7	10	24200540	24201323	3	-1.6257
f857dc5c-69e3-4980-89df-44a20c0098a7	10	24201354	26194055	1301	-0.5677
f857dc5c-69e3-4980-89df-44a20c0098a7	10	26194254	26737083	386	-0.688
f857dc5c-69e3-4980-89df-44a20c0098a7	10	26742285	28744647	1194	-0.603
f857dc5c-69e3-4980-89df-44a20c0098a7	10	28745931	38706915	6336	-0.0805
f857dc5c-69e3-4980-89df-44a20c0098a7	10	38707235	43740430	814	-0.136
f857dc5c-69e3-4980-89df-44a20c0098a7	10	43741469	46041001	1216	-0.0799
f857dc5c-69e3-4980-89df-44a20c0098a7	10	47084490	49669219	1373	-0.1717
f857dc5c-69e3-4980-89df-44a20c0098a7	10	49669611	53514011	2078	-0.0451
f857dc5c-69e3-4980-89df-44a20c0098a7	10	53516452	56908437	1606	-0.1753
f857dc5c-69e3-4980-89df-44a20c0098a7	10	56908842	57034079	94	-0.1134
f857dc5c-69e3-4980-89df-44a20c0098a7	10	57035476	65322436	5485	-0.0266
f857dc5c-69e3-4980-89df-44a20c0098a7	10	65327558	66834972	697	-0.1173
f857dc5c-69e3-4980-89df-44a20c0098a7	10	66835037	80272994	7870	-0.0502
f857dc5c-69e3-4980-89df-44a20c0098a7	10	80273927	81241493	647	-0.0891
f857dc5c-69e3-4980-89df-44a20c0098a7	10	81241500	85654220	3200	-0.1708
f857dc5c-69e3-4980-89df-44a20c0098a7	10	85654800	105536573	11622	-0.0605
f857dc5c-69e3-4980-89df-44a20c0098a7	10	105538498	108684180	2161	-0.1665
f857dc5c-69e3-4980-89df-44a20c0098a7	10	108684577	108942668	152	-0.0896
f857dc5c-69e3-4980-89df-44a20c0098a7	10	108942959	110070230	609	-0.0169
f857dc5c-69e3-4980-89df-44a20c0098a7	10	110074544	113830690	2687	-0.0845
f857dc5c-69e3-4980-89df-44a20c0098a7	10	113832372	119805809	3967	-0.139
f857dc5c-69e3-4980-89df-44a20c0098a7	10	119808650	120509415	531	-0.0649
f857dc5c-69e3-4980-89df-44a20c0098a7	10	120510563	120510614	2	-1.3377
f857dc5c-69e3-4980-89df-44a20c0098a7	10	120510697	121793451	1249	-0.1204
f857dc5c-69e3-4980-89df-44a20c0098a7	10	121796911	125226327	2289	-0.0765
f857dc5c-69e3-4980-89df-44a20c0098a7	10	125227554	127819802	1952	-0.0091
f857dc5c-69e3-4980-89df-44a20c0098a7	10	127820031	128657815	665	-0.0833
f857dc5c-69e3-4980-89df-44a20c0098a7	10	128658662	133411599	2014	-0.1891
f857dc5c-69e3-4980-89df-44a20c0098a7	11	456012	461793	5	-0.154
f857dc5c-69e3-4980-89df-44a20c0098a7	11	465073	772982	70	0.0304
f857dc5c-69e3-4980-89df-44a20c0098a7	11	774078	5484804	2214	0.2183
f857dc5c-69e3-4980-89df-44a20c0098a7	11	5486565	5565784	103	0.36
f857dc5c-69e3-4980-89df-44a20c0098a7	11	5566065	7981762	1519	0.2
f857dc5c-69e3-4980-89df-44a20c0098a7	11	7982204	10263767	1369	0.2781
f857dc5c-69e3-4980-89df-44a20c0098a7	11	10265461	10381979	81	0.167
f857dc5c-69e3-4980-89df-44a20c0098a7	11	10381992	10826883	324	0.0612
f857dc5c-69e3-4980-89df-44a20c0098a7	11	10827877	14202703	2855	0.2363
f857dc5c-69e3-4980-89df-44a20c0098a7	11	14202800	16323298	1251	-0.0539
f857dc5c-69e3-4980-89df-44a20c0098a7	11	16324695	16552263	129	0.1165
f857dc5c-69e3-4980-89df-44a20c0098a7	11	16555087	16591263	18	-0.0424
f857dc5c-69e3-4980-89df-44a20c0098a7	11	16591877	16908940	212	0.1831
f857dc5c-69e3-4980-89df-44a20c0098a7	11	16912602	17091262	122	0.3566
f857dc5c-69e3-4980-89df-44a20c0098a7	11	17095169	17165959	45	0.2141
f857dc5c-69e3-4980-89df-44a20c0098a7	11	17176841	18099100	621	0.0175
f857dc5c-69e3-4980-89df-44a20c0098a7	11	18099992	18584091	286	0.2037
f857dc5c-69e3-4980-89df-44a20c0098a7	11	18603108	20748251	1803	0.0388
f857dc5c-69e3-4980-89df-44a20c0098a7	11	20748441	23096532	1642	-0.0522
f857dc5c-69e3-4980-89df-44a20c0098a7	11	23096750	24527981	926	0.04
f857dc5c-69e3-4980-89df-44a20c0098a7	11	24528220	29653587	3173	-0.0219
f857dc5c-69e3-4980-89df-44a20c0098a7	11	29653796	29872412	117	-0.1146
f857dc5c-69e3-4980-89df-44a20c0098a7	11	29873315	30721762	542	-0.1824
f857dc5c-69e3-4980-89df-44a20c0098a7	11	30722422	31777925	576	-0.1007
f857dc5c-69e3-4980-89df-44a20c0098a7	11	31780585	34091844	1458	-0.0467
f857dc5c-69e3-4980-89df-44a20c0098a7	11	34092124	38234991	2531	-0.2553
f857dc5c-69e3-4980-89df-44a20c0098a7	11	38237397	39065047	486	-0.1425
f857dc5c-69e3-4980-89df-44a20c0098a7	11	39065227	39097990	7	-0.393
f857dc5c-69e3-4980-89df-44a20c0098a7	11	39101046	39242631	80	-0.1298
f857dc5c-69e3-4980-89df-44a20c0098a7	11	39242991	40729493	970	-0.3716
f857dc5c-69e3-4980-89df-44a20c0098a7	11	40729843	41828857	795	-0.5712
f857dc5c-69e3-4980-89df-44a20c0098a7	11	41831127	42562419	491	-0.3236
f857dc5c-69e3-4980-89df-44a20c0098a7	11	42562537	44683448	1400	-0.2635
f857dc5c-69e3-4980-89df-44a20c0098a7	11	44683556	48123823	1828	-0.0509
f857dc5c-69e3-4980-89df-44a20c0098a7	11	48126300	48127434	2	-1.1223
f857dc5c-69e3-4980-89df-44a20c0098a7	11	48127993	49980739	557	-0.0527
f857dc5c-69e3-4980-89df-44a20c0098a7	11	49981066	58533483	1340	0.033
f857dc5c-69e3-4980-89df-44a20c0098a7	11	58537318	58599815	29	-0.1672
f857dc5c-69e3-4980-89df-44a20c0098a7	11	58603410	62232274	1986	-0.058
f857dc5c-69e3-4980-89df-44a20c0098a7	11	62235637	67426709	1713	-0.1061
f857dc5c-69e3-4980-89df-44a20c0098a7	11	67428766	69033149	523	-0.1478
f857dc5c-69e3-4980-89df-44a20c0098a7	11	69037338	71458501	1405	-0.2213
f857dc5c-69e3-4980-89df-44a20c0098a7	11	71461212	80652963	5238	-0.1486
f857dc5c-69e3-4980-89df-44a20c0098a7	11	80655140	84881894	2437	-0.2216
f857dc5c-69e3-4980-89df-44a20c0098a7	11	84882206	85978969	631	-0.1519
f857dc5c-69e3-4980-89df-44a20c0098a7	11	85978998	88941014	2012	-0.1082
f857dc5c-69e3-4980-89df-44a20c0098a7	11	88946630	94746195	3170	-0.188
f857dc5c-69e3-4980-89df-44a20c0098a7	11	94746262	97404363	1875	-0.1431
f857dc5c-69e3-4980-89df-44a20c0098a7	11	97404467	98056829	349	-0.1959
f857dc5c-69e3-4980-89df-44a20c0098a7	11	98057071	99710206	1080	-0.2666
f857dc5c-69e3-4980-89df-44a20c0098a7	11	99710382	112684279	8005	-0.166
f857dc5c-69e3-4980-89df-44a20c0098a7	11	112685291	116167004	2510	-0.2536
f857dc5c-69e3-4980-89df-44a20c0098a7	11	116167328	124669881	6062	-0.1803
f857dc5c-69e3-4980-89df-44a20c0098a7	11	124670706	127047485	1683	-0.2348
f857dc5c-69e3-4980-89df-44a20c0098a7	11	127047721	132903813	4294	-0.1606
f857dc5c-69e3-4980-89df-44a20c0098a7	11	132904946	134272740	517	-0.2326
f857dc5c-69e3-4980-89df-44a20c0098a7	12	780472	1102410	158	0.4744
f857dc5c-69e3-4980-89df-44a20c0098a7	12	1102666	3060964	803	0.5431
f857dc5c-69e3-4980-89df-44a20c0098a7	12	3061025	11866739	5126	0.4837
f857dc5c-69e3-4980-89df-44a20c0098a7	12	11867236	14694095	1816	0.5347
f857dc5c-69e3-4980-89df-44a20c0098a7	12	14696646	14701898	5	1.1795
f857dc5c-69e3-4980-89df-44a20c0098a7	12	14702165	16718002	1234	0.5281
f857dc5c-69e3-4980-89df-44a20c0098a7	12	16719383	20381366	2200	0.4628
f857dc5c-69e3-4980-89df-44a20c0098a7	12	20381607	21159386	424	0.3461
f857dc5c-69e3-4980-89df-44a20c0098a7	12	21159947	22835172	1108	0.233
f857dc5c-69e3-4980-89df-44a20c0098a7	12	22835451	29631392	4444	0.3369
f857dc5c-69e3-4980-89df-44a20c0098a7	12	29632047	33357390	2382	0.4962
f857dc5c-69e3-4980-89df-44a20c0098a7	12	33357482	39456766	337	0.3246
f857dc5c-69e3-4980-89df-44a20c0098a7	12	39460137	40539529	619	0.4171
f857dc5c-69e3-4980-89df-44a20c0098a7	12	40542710	42668884	1416	0.4846
f857dc5c-69e3-4980-89df-44a20c0098a7	12	42669224	43627186	226	0.5776
f857dc5c-69e3-4980-89df-44a20c0098a7	12	43627818	45663973	1200	0.4728
f857dc5c-69e3-4980-89df-44a20c0098a7	12	45673435	54641475	4710	0.2409
f857dc5c-69e3-4980-89df-44a20c0098a7	12	54642379	54642866	2	-0.9836
f857dc5c-69e3-4980-89df-44a20c0098a7	12	54644920	57580175	1510	0.2451
f857dc5c-69e3-4980-89df-44a20c0098a7	12	57580207	59287636	1176	0.3017
f857dc5c-69e3-4980-89df-44a20c0098a7	12	59288777	61399986	1190	0.2281
f857dc5c-69e3-4980-89df-44a20c0098a7	12	61400020	63757937	1416	0.3083
f857dc5c-69e3-4980-89df-44a20c0098a7	12	63760554	64985485	685	0.2449
f857dc5c-69e3-4980-89df-44a20c0098a7	12	64985593	64986187	2	-1.3809
f857dc5c-69e3-4980-89df-44a20c0098a7	12	64986666	65797866	457	0.2614
f857dc5c-69e3-4980-89df-44a20c0098a7	12	65803509	71709942	3998	0.4822
f857dc5c-69e3-4980-89df-44a20c0098a7	12	71710091	74234994	1262	0.3713
f857dc5c-69e3-4980-89df-44a20c0098a7	12	74237880	78886933	3080	0.511
f857dc5c-69e3-4980-89df-44a20c0098a7	12	78890778	86501634	4477	0.4342
f857dc5c-69e3-4980-89df-44a20c0098a7	12	86507626	87886404	637	0.4915
f857dc5c-69e3-4980-89df-44a20c0098a7	12	87891019	91518421	2155	0.5348
f857dc5c-69e3-4980-89df-44a20c0098a7	12	91518775	94967935	2386	0.4608
f857dc5c-69e3-4980-89df-44a20c0098a7	12	94969831	102050099	4522	0.4093
f857dc5c-69e3-4980-89df-44a20c0098a7	12	102050990	112179648	6054	0.469
f857dc5c-69e3-4980-89df-44a20c0098a7	12	112185598	115394216	2076	0.4185
f857dc5c-69e3-4980-89df-44a20c0098a7	12	115396584	115717937	318	0.4581
f857dc5c-69e3-4980-89df-44a20c0098a7	12	115718048	117019571	815	0.5086
f857dc5c-69e3-4980-89df-44a20c0098a7	12	117021158	119679232	1823	0.4323
f857dc5c-69e3-4980-89df-44a20c0098a7	12	119679576	123844942	1804	0.5013
f857dc5c-69e3-4980-89df-44a20c0098a7	12	123845893	124836915	654	0.5761
f857dc5c-69e3-4980-89df-44a20c0098a7	12	124838694	125675840	561	0.5068
f857dc5c-69e3-4980-89df-44a20c0098a7	12	125676150	128435177	1496	0.4756
f857dc5c-69e3-4980-89df-44a20c0098a7	12	128437322	130655250	710	0.3083
f857dc5c-69e3-4980-89df-44a20c0098a7	12	130658817	131365981	405	0.3987
f857dc5c-69e3-4980-89df-44a20c0098a7	12	131369899	132605822	435	0.5373
f857dc5c-69e3-4980-89df-44a20c0098a7	13	18874255	19051686	118	-0.2201
f857dc5c-69e3-4980-89df-44a20c0098a7	13	19052394	19052535	2	1.073
f857dc5c-69e3-4980-89df-44a20c0098a7	13	19052678	19172470	96	-0.2659
f857dc5c-69e3-4980-89df-44a20c0098a7	13	19173750	19176896	3	-1.4464
f857dc5c-69e3-4980-89df-44a20c0098a7	13	19177792	26666591	3915	-0.2166
f857dc5c-69e3-4980-89df-44a20c0098a7	13	26669010	28706294	1535	-0.2836
f857dc5c-69e3-4980-89df-44a20c0098a7	13	28707822	30545589	1303	-0.224
f857dc5c-69e3-4980-89df-44a20c0098a7	13	30550514	37072192	4406	-0.1528
f857dc5c-69e3-4980-89df-44a20c0098a7	13	37074063	38160199	739	-0.0968
f857dc5c-69e3-4980-89df-44a20c0098a7	13	38165111	41460704	2202	-0.181
f857dc5c-69e3-4980-89df-44a20c0098a7	13	41461024	49704090	5263	-0.1542
f857dc5c-69e3-4980-89df-44a20c0098a7	13	49706270	53074566	1103	-0.2006
f857dc5c-69e3-4980-89df-44a20c0098a7	13	53074629	64372045	5318	-0.2755
f857dc5c-69e3-4980-89df-44a20c0098a7	13	64372411	67875724	1750	0.0171
f857dc5c-69e3-4980-89df-44a20c0098a7	13	67876329	69953693	1133	-0.0852
f857dc5c-69e3-4980-89df-44a20c0098a7	13	69956373	71948644	1150	-0.1481
f857dc5c-69e3-4980-89df-44a20c0098a7	13	71948682	72050122	92	-0.058
f857dc5c-69e3-4980-89df-44a20c0098a7	13	72050301	72050806	3	0.5523
f857dc5c-69e3-4980-89df-44a20c0098a7	13	72053037	72386169	241	-0.0912
f857dc5c-69e3-4980-89df-44a20c0098a7	13	72386287	74155770	1254	-0.0219
f857dc5c-69e3-4980-89df-44a20c0098a7	13	74155801	78091626	2607	0.048
f857dc5c-69e3-4980-89df-44a20c0098a7	13	78091981	79069214	701	-0.0203
f857dc5c-69e3-4980-89df-44a20c0098a7	13	79069942	82571056	2050	0.0536
f857dc5c-69e3-4980-89df-44a20c0098a7	13	82581094	83168726	359	-0.014
f857dc5c-69e3-4980-89df-44a20c0098a7	13	83169634	85008172	951	-0.1026
f857dc5c-69e3-4980-89df-44a20c0098a7	13	85008793	86272076	769	-0.0175
f857dc5c-69e3-4980-89df-44a20c0098a7	13	86273801	91554765	2970	-0.1054
f857dc5c-69e3-4980-89df-44a20c0098a7	13	91559373	91931908	264	-0.0228
f857dc5c-69e3-4980-89df-44a20c0098a7	13	91932210	92327427	247	0.0279
f857dc5c-69e3-4980-89df-44a20c0098a7	13	92328062	93917768	1109	0.0998
f857dc5c-69e3-4980-89df-44a20c0098a7	13	93918144	94836274	645	0.0358
f857dc5c-69e3-4980-89df-44a20c0098a7	13	94837460	96383044	858	-0.026
f857dc5c-69e3-4980-89df-44a20c0098a7	13	96383123	98400704	1336	0.0439
f857dc5c-69e3-4980-89df-44a20c0098a7	13	98401293	100813430	1468	-0.0103
f857dc5c-69e3-4980-89df-44a20c0098a7	13	100815913	102555213	1406	0.0426
f857dc5c-69e3-4980-89df-44a20c0098a7	13	102556135	103489171	781	-0.0245
f857dc5c-69e3-4980-89df-44a20c0098a7	13	103489437	104912762	1102	-0.0772
f857dc5c-69e3-4980-89df-44a20c0098a7	13	104912939	106730287	895	-0.0166
f857dc5c-69e3-4980-89df-44a20c0098a7	13	106731890	106732362	2	-1.6885
f857dc5c-69e3-4980-89df-44a20c0098a7	13	106732887	109428203	2090	-0.0794
f857dc5c-69e3-4980-89df-44a20c0098a7	13	109428428	111495926	1533	0.0072
f857dc5c-69e3-4980-89df-44a20c0098a7	13	111502515	114226675	1136	-0.0638
f857dc5c-69e3-4980-89df-44a20c0098a7	14	20033191	24788880	1916	-0.1032
f857dc5c-69e3-4980-89df-44a20c0098a7	14	24790747	29670352	2846	-0.2031
f857dc5c-69e3-4980-89df-44a20c0098a7	14	29673372	36163195	3958	-0.1587
f857dc5c-69e3-4980-89df-44a20c0098a7	14	36163349	38165969	1270	-0.2402
f857dc5c-69e3-4980-89df-44a20c0098a7	14	38166529	39543459	747	0.0339
f857dc5c-69e3-4980-89df-44a20c0098a7	14	39545228	40337216	330	-0.1692
f857dc5c-69e3-4980-89df-44a20c0098a7	14	40339854	40401775	35	-0.2509
f857dc5c-69e3-4980-89df-44a20c0098a7	14	40402906	40403142	2	-1.5296
f857dc5c-69e3-4980-89df-44a20c0098a7	14	40403328	43134830	1478	-0.2459
f857dc5c-69e3-4980-89df-44a20c0098a7	14	43136619	43140736	3	-1.2252
f857dc5c-69e3-4980-89df-44a20c0098a7	14	43142553	47118764	1301	-0.249
f857dc5c-69e3-4980-89df-44a20c0098a7	14	47121165	47893147	464	-0.0276
f857dc5c-69e3-4980-89df-44a20c0098a7	14	47893893	48470284	262	-0.2326
f857dc5c-69e3-4980-89df-44a20c0098a7	14	48470722	49202541	379	-0.1112
f857dc5c-69e3-4980-89df-44a20c0098a7	14	49205728	50389731	666	-0.1908
f857dc5c-69e3-4980-89df-44a20c0098a7	14	50389923	54353466	2676	-0.1309
f857dc5c-69e3-4980-89df-44a20c0098a7	14	54353662	56663685	1571	-0.1764
f857dc5c-69e3-4980-89df-44a20c0098a7	14	56664069	56664259	2	-1.3864
f857dc5c-69e3-4980-89df-44a20c0098a7	14	56675149	61341427	2796	-0.1624
f857dc5c-69e3-4980-89df-44a20c0098a7	14	61346360	61346545	3	-0.9709
f857dc5c-69e3-4980-89df-44a20c0098a7	14	61349349	63265876	1306	-0.1558
f857dc5c-69e3-4980-89df-44a20c0098a7	14	63266015	66313721	1858	-0.2003
f857dc5c-69e3-4980-89df-44a20c0098a7	14	66313845	76862955	6195	-0.1599
f857dc5c-69e3-4980-89df-44a20c0098a7	14	76863046	80953145	2802	-0.1988
f857dc5c-69e3-4980-89df-44a20c0098a7	14	80954430	80955001	2	-1.3032
f857dc5c-69e3-4980-89df-44a20c0098a7	14	80956833	83468111	1643	-0.1999
f857dc5c-69e3-4980-89df-44a20c0098a7	14	83468662	84288006	557	-0.176
f857dc5c-69e3-4980-89df-44a20c0098a7	14	84288259	87963950	2255	-0.1253
f857dc5c-69e3-4980-89df-44a20c0098a7	14	87966826	89752222	977	-0.1996
f857dc5c-69e3-4980-89df-44a20c0098a7	14	89756980	92696563	1807	0.0446
f857dc5c-69e3-4980-89df-44a20c0098a7	14	92697971	95004272	1599	-0.0102
f857dc5c-69e3-4980-89df-44a20c0098a7	14	95005073	95197477	121	0.0416
f857dc5c-69e3-4980-89df-44a20c0098a7	14	95198392	96591661	1032	-0.2212
f857dc5c-69e3-4980-89df-44a20c0098a7	14	96592124	96752615	135	0.0468
f857dc5c-69e3-4980-89df-44a20c0098a7	14	96759895	98458297	1306	-0.0414
f857dc5c-69e3-4980-89df-44a20c0098a7	14	98459553	105533894	3423	0.0604
f857dc5c-69e3-4980-89df-44a20c0098a7	15	23437561	27846144	2706	-0.2265
f857dc5c-69e3-4980-89df-44a20c0098a7	15	27849757	33472411	1300	-0.0753
f857dc5c-69e3-4980-89df-44a20c0098a7	15	33477920	46715850	7546	-0.1034
f857dc5c-69e3-4980-89df-44a20c0098a7	15	46718204	51082878	2635	-0.0681
f857dc5c-69e3-4980-89df-44a20c0098a7	15	51083963	52239680	711	0.0702
f857dc5c-69e3-4980-89df-44a20c0098a7	15	52243521	53311713	768	-0.1005
f857dc5c-69e3-4980-89df-44a20c0098a7	15	53314090	54348184	824	-0.1588
f857dc5c-69e3-4980-89df-44a20c0098a7	15	54348666	69182163	9551	-0.0949
f857dc5c-69e3-4980-89df-44a20c0098a7	15	69183745	69933872	540	-0.0191
f857dc5c-69e3-4980-89df-44a20c0098a7	15	69941822	82279672	6908	-0.0977
f857dc5c-69e3-4980-89df-44a20c0098a7	15	82282277	86104574	1633	0.1037
f857dc5c-69e3-4980-89df-44a20c0098a7	15	86108641	90022763	2634	-0.1321
f857dc5c-69e3-4980-89df-44a20c0098a7	15	90025728	93106515	2210	0.0793
f857dc5c-69e3-4980-89df-44a20c0098a7	15	93107447	96226538	1779	0.1248
f857dc5c-69e3-4980-89df-44a20c0098a7	15	96227303	101344124	2990	0.0608
f857dc5c-69e3-4980-89df-44a20c0098a7	16	603333	6229093	2537	-0.1311
f857dc5c-69e3-4980-89df-44a20c0098a7	16	6229305	7753427	733	-0.2184
f857dc5c-69e3-4980-89df-44a20c0098a7	16	7753721	18870192	5003	-0.1241
f857dc5c-69e3-4980-89df-44a20c0098a7	16	18870685	19982931	597	0.0034
f857dc5c-69e3-4980-89df-44a20c0098a7	16	19986194	28224030	4387	-0.1614
f857dc5c-69e3-4980-89df-44a20c0098a7	16	28228152	29114764	116	0.0161
f857dc5c-69e3-4980-89df-44a20c0098a7	16	29122775	29410386	63	-0.1541
f857dc5c-69e3-4980-89df-44a20c0098a7	16	29411088	31328111	353	0.0009
f857dc5c-69e3-4980-89df-44a20c0098a7	16	31329125	49276048	1682	-0.0942
f857dc5c-69e3-4980-89df-44a20c0098a7	16	49278105	50626987	852	-0.1483
f857dc5c-69e3-4980-89df-44a20c0098a7	16	50627362	51530466	670	-0.2026
f857dc5c-69e3-4980-89df-44a20c0098a7	16	51532244	55191171	2800	-0.1368
f857dc5c-69e3-4980-89df-44a20c0098a7	16	55204452	59586888	2825	-0.0999
f857dc5c-69e3-4980-89df-44a20c0098a7	16	59588184	60134026	325	-0.1596
f857dc5c-69e3-4980-89df-44a20c0098a7	16	60135042	62571751	1485	-0.2167
f857dc5c-69e3-4980-89df-44a20c0098a7	16	62574449	63202950	407	-0.1215
f857dc5c-69e3-4980-89df-44a20c0098a7	16	63205320	63935032	437	-0.0585
f857dc5c-69e3-4980-89df-44a20c0098a7	16	63939627	66392685	1850	-0.0027
f857dc5c-69e3-4980-89df-44a20c0098a7	16	66396765	76496311	5015	-0.0495
f857dc5c-69e3-4980-89df-44a20c0098a7	16	76496684	77393872	674	-0.1213
f857dc5c-69e3-4980-89df-44a20c0098a7	16	77393990	79020015	1403	-0.1837
f857dc5c-69e3-4980-89df-44a20c0098a7	16	79020349	83375112	3753	-0.1263
f857dc5c-69e3-4980-89df-44a20c0098a7	16	83376889	83749406	454	-0.0599
f857dc5c-69e3-4980-89df-44a20c0098a7	16	83749510	83749942	10	-0.585
f857dc5c-69e3-4980-89df-44a20c0098a7	16	83750390	85437715	592	-0.0167
f857dc5c-69e3-4980-89df-44a20c0098a7	16	85444411	86920047	1269	-0.0811
f857dc5c-69e3-4980-89df-44a20c0098a7	16	86920403	88424465	804	-0.0203
f857dc5c-69e3-4980-89df-44a20c0098a7	16	88424520	89317317	53	-0.1338
f857dc5c-69e3-4980-89df-44a20c0098a7	17	1074619	9732339	4389	0.0657
f857dc5c-69e3-4980-89df-44a20c0098a7	17	9732444	11511887	1271	0.1294
f857dc5c-69e3-4980-89df-44a20c0098a7	17	11513501	52351582	15290	0.0805
f857dc5c-69e3-4980-89df-44a20c0098a7	17	52359089	54532674	1092	-0.0148
f857dc5c-69e3-4980-89df-44a20c0098a7	17	54539963	59998813	3529	0.0595
f857dc5c-69e3-4980-89df-44a20c0098a7	17	60002609	70068958	5343	0.1017
f857dc5c-69e3-4980-89df-44a20c0098a7	17	70071117	71994059	1523	0.0248
f857dc5c-69e3-4980-89df-44a20c0098a7	17	71994113	82582848	4611	0.0788
f857dc5c-69e3-4980-89df-44a20c0098a7	17	82582967	82583094	3	-1.0591
f857dc5c-69e3-4980-89df-44a20c0098a7	17	82584781	82959812	198	0.0869
f857dc5c-69e3-4980-89df-44a20c0098a7	18	326691	3830194	1548	0.2939
f857dc5c-69e3-4980-89df-44a20c0098a7	18	3830238	4280451	385	0.3658
f857dc5c-69e3-4980-89df-44a20c0098a7	18	4282771	5308805	640	0.2218
f857dc5c-69e3-4980-89df-44a20c0098a7	18	5310447	5805064	351	0.2925
f857dc5c-69e3-4980-89df-44a20c0098a7	18	5807861	13835743	5113	0.351
f857dc5c-69e3-4980-89df-44a20c0098a7	18	13838684	23040558	1164	0.2709
f857dc5c-69e3-4980-89df-44a20c0098a7	18	23041209	24449964	853	0.0579
f857dc5c-69e3-4980-89df-44a20c0098a7	18	24451216	24835474	334	-0.045
f857dc5c-69e3-4980-89df-44a20c0098a7	18	24837079	25420752	360	-0.0815
f857dc5c-69e3-4980-89df-44a20c0098a7	18	25426572	26802729	911	-0.1734
f857dc5c-69e3-4980-89df-44a20c0098a7	18	26803136	26803391	2	-1.3513
f857dc5c-69e3-4980-89df-44a20c0098a7	18	26803955	27516767	434	-0.1668
f857dc5c-69e3-4980-89df-44a20c0098a7	18	27517159	32154630	2791	-0.0944
f857dc5c-69e3-4980-89df-44a20c0098a7	18	32156054	34864221	1650	-0.0084
f857dc5c-69e3-4980-89df-44a20c0098a7	18	34867273	36744413	1222	0.2041
f857dc5c-69e3-4980-89df-44a20c0098a7	18	36746170	38353818	1001	-0.0242
f857dc5c-69e3-4980-89df-44a20c0098a7	18	38354783	40206930	1048	-0.0971
f857dc5c-69e3-4980-89df-44a20c0098a7	18	40207515	43540581	1934	-0.0249
f857dc5c-69e3-4980-89df-44a20c0098a7	18	43542145	50285643	4440	0.0501
f857dc5c-69e3-4980-89df-44a20c0098a7	18	50288568	50838449	432	-0.0032
f857dc5c-69e3-4980-89df-44a20c0098a7	18	50838544	53552091	1851	-0.0758
f857dc5c-69e3-4980-89df-44a20c0098a7	18	53556828	59648900	3937	0.0267
f857dc5c-69e3-4980-89df-44a20c0098a7	18	59649299	60768491	685	-0.0868
f857dc5c-69e3-4980-89df-44a20c0098a7	18	60769079	63920516	2137	-0.0388
f857dc5c-69e3-4980-89df-44a20c0098a7	18	63920560	66788016	1373	-0.0847
f857dc5c-69e3-4980-89df-44a20c0098a7	18	66790684	66821018	3	-0.7058
f857dc5c-69e3-4980-89df-44a20c0098a7	18	66821410	75888634	4106	-0.0162
f857dc5c-69e3-4980-89df-44a20c0098a7	18	75888728	78307494	1667	0.0502
f857dc5c-69e3-4980-89df-44a20c0098a7	18	78313538	79349796	570	-0.0131
f857dc5c-69e3-4980-89df-44a20c0098a7	19	283868	3899274	883	-0.1259
f857dc5c-69e3-4980-89df-44a20c0098a7	19	3901890	8109360	1517	-0.177
f857dc5c-69e3-4980-89df-44a20c0098a7	19	8114735	21241658	5423	-0.1309
f857dc5c-69e3-4980-89df-44a20c0098a7	19	21245434	27786025	1246	-0.2153
f857dc5c-69e3-4980-89df-44a20c0098a7	19	27786591	30842878	2303	-0.0054
f857dc5c-69e3-4980-89df-44a20c0098a7	19	30843114	31876670	731	0.061
f857dc5c-69e3-4980-89df-44a20c0098a7	19	31879803	37238623	3140	-0.0011
f857dc5c-69e3-4980-89df-44a20c0098a7	19	37244820	58370362	8893	-0.1844
f857dc5c-69e3-4980-89df-44a20c0098a7	20	472817	881248	304	-0.6088
f857dc5c-69e3-4980-89df-44a20c0098a7	20	883869	3112106	1462	-0.3249
f857dc5c-69e3-4980-89df-44a20c0098a7	20	3122352	6497604	1927	-0.0619
f857dc5c-69e3-4980-89df-44a20c0098a7	20	6500218	6947178	362	-0.1375
f857dc5c-69e3-4980-89df-44a20c0098a7	20	6947363	9393814	1301	-0.0373
f857dc5c-69e3-4980-89df-44a20c0098a7	20	9393873	15374061	3833	-0.104
f857dc5c-69e3-4980-89df-44a20c0098a7	20	15374920	15992084	605	-0.1695
f857dc5c-69e3-4980-89df-44a20c0098a7	20	15993563	16722606	679	-0.1095
f857dc5c-69e3-4980-89df-44a20c0098a7	20	16725239	20208216	2898	-0.0763
f857dc5c-69e3-4980-89df-44a20c0098a7	20	20211955	21000354	527	-0.1174
f857dc5c-69e3-4980-89df-44a20c0098a7	20	21004681	21616732	350	-0.1863
f857dc5c-69e3-4980-89df-44a20c0098a7	20	21617140	24828840	2114	-0.1065
f857dc5c-69e3-4980-89df-44a20c0098a7	20	24830832	24899779	50	-0.04
f857dc5c-69e3-4980-89df-44a20c0098a7	20	24950006	25041927	61	0.1765
f857dc5c-69e3-4980-89df-44a20c0098a7	20	25044243	31256075	476	-0.0811
f857dc5c-69e3-4980-89df-44a20c0098a7	20	31256170	37390709	2971	0.1777
f857dc5c-69e3-4980-89df-44a20c0098a7	20	37394136	39142402	1089	0.2207
f857dc5c-69e3-4980-89df-44a20c0098a7	20	39144913	40426180	936	0.2831
f857dc5c-69e3-4980-89df-44a20c0098a7	20	40427181	42050466	1060	0.2134
f857dc5c-69e3-4980-89df-44a20c0098a7	20	42050523	46163333	2671	0.1626
f857dc5c-69e3-4980-89df-44a20c0098a7	20	46163994	46164476	2	-3.3278
f857dc5c-69e3-4980-89df-44a20c0098a7	20	46169752	56378929	7057	0.1926
f857dc5c-69e3-4980-89df-44a20c0098a7	20	56379646	57343883	701	0.1012
f857dc5c-69e3-4980-89df-44a20c0098a7	20	57344086	59178363	1319	0.1756
f857dc5c-69e3-4980-89df-44a20c0098a7	20	59178941	61631279	1962	0.1025
f857dc5c-69e3-4980-89df-44a20c0098a7	20	61632000	63588502	820	0.182
f857dc5c-69e3-4980-89df-44a20c0098a7	21	13974127	18347109	2701	-0.3316
f857dc5c-69e3-4980-89df-44a20c0098a7	21	18348605	23538135	3052	-0.4627
f857dc5c-69e3-4980-89df-44a20c0098a7	21	23538299	26649948	2177	-0.3503
f857dc5c-69e3-4980-89df-44a20c0098a7	21	26654193	28781376	1547	-0.2685
f857dc5c-69e3-4980-89df-44a20c0098a7	21	28781580	28781610	2	-2.0989
f857dc5c-69e3-4980-89df-44a20c0098a7	21	28787736	30109770	933	-0.3015
f857dc5c-69e3-4980-89df-44a20c0098a7	21	30111674	32497130	1468	-0.3853
f857dc5c-69e3-4980-89df-44a20c0098a7	21	32498095	39906377	5039	-0.3238
f857dc5c-69e3-4980-89df-44a20c0098a7	21	39906769	46262057	3629	-0.3635
f857dc5c-69e3-4980-89df-44a20c0098a7	22	16934932	17689117	441	-0.2461
f857dc5c-69e3-4980-89df-44a20c0098a7	22	17689470	42677184	12076	-0.1906
f857dc5c-69e3-4980-89df-44a20c0098a7	22	42682280	42682293	2	-1.4653
f857dc5c-69e3-4980-89df-44a20c0098a7	22	42683208	47720505	3480	-0.2054
f857dc5c-69e3-4980-89df-44a20c0098a7	22	47724770	48940621	1069	-0.2974
f857dc5c-69e3-4980-89df-44a20c0098a7	X	3236359	4569468	252	0.3729
f857dc5c-69e3-4980-89df-44a20c0098a7	X	4569499	8821613	653	0.1761
f857dc5c-69e3-4980-89df-44a20c0098a7	X	8822592	9841569	761	0.2925
f857dc5c-69e3-4980-89df-44a20c0098a7	X	9846879	15616671	3142	0.3464
f857dc5c-69e3-4980-89df-44a20c0098a7	X	15625676	25923142	4946	0.2957
f857dc5c-69e3-4980-89df-44a20c0098a7	X	25923950	27155972	692	0.1547
f857dc5c-69e3-4980-89df-44a20c0098a7	X	27156318	27159432	3	-1.295
f857dc5c-69e3-4980-89df-44a20c0098a7	X	27161093	32401784	3059	0.2359
f857dc5c-69e3-4980-89df-44a20c0098a7	X	32405364	37564476	1748	0.1421
f857dc5c-69e3-4980-89df-44a20c0098a7	X	37564530	40310417	1441	0.2302
f857dc5c-69e3-4980-89df-44a20c0098a7	X	40310588	43821180	1486	0.3036
f857dc5c-69e3-4980-89df-44a20c0098a7	X	43821926	45179302	705	0.1944
f857dc5c-69e3-4980-89df-44a20c0098a7	X	45187292	48608678	1525	0.5518
f857dc5c-69e3-4980-89df-44a20c0098a7	X	48608798	48615627	5	1.9207
f857dc5c-69e3-4980-89df-44a20c0098a7	X	48616137	51001872	990	0.4871
f857dc5c-69e3-4980-89df-44a20c0098a7	X	51002333	51002481	2	2.3298
f857dc5c-69e3-4980-89df-44a20c0098a7	X	51002677	55868050	1663	0.4781
f857dc5c-69e3-4980-89df-44a20c0098a7	X	55870103	58030549	829	0.1552
f857dc5c-69e3-4980-89df-44a20c0098a7	X	58032443	63858340	266	0.3325
f857dc5c-69e3-4980-89df-44a20c0098a7	X	63868501	67332036	1335	0.0868
f857dc5c-69e3-4980-89df-44a20c0098a7	X	67334060	70284819	1303	0.1931
f857dc5c-69e3-4980-89df-44a20c0098a7	X	70284914	70284937	2	1.6199
f857dc5c-69e3-4980-89df-44a20c0098a7	X	70286669	70743523	210	0.1674
f857dc5c-69e3-4980-89df-44a20c0098a7	X	70746963	72431244	678	0.1379
f857dc5c-69e3-4980-89df-44a20c0098a7	X	72431331	89187887	6893	-0.1744
f857dc5c-69e3-4980-89df-44a20c0098a7	X	89188283	95009412	1754	-0.334
f857dc5c-69e3-4980-89df-44a20c0098a7	X	95013621	106077101	4828	-0.188
f857dc5c-69e3-4980-89df-44a20c0098a7	X	106077802	106077808	2	-3.8676
f857dc5c-69e3-4980-89df-44a20c0098a7	X	106078033	112520058	2987	-0.1482
f857dc5c-69e3-4980-89df-44a20c0098a7	X	112520585	114214490	979	-0.2907
f857dc5c-69e3-4980-89df-44a20c0098a7	X	114215306	138922258	11322	-0.1562
f857dc5c-69e3-4980-89df-44a20c0098a7	X	138923554	148660828	4907	-0.3405
f857dc5c-69e3-4980-89df-44a20c0098a7	X	148662944	155677414	2426	-0.1915
