GDC_Aliquot	Chromosome	Start	End	Num_Probes	Segment_Mean
49d3c8a0-667e-4599-b8eb-1cd0e3449062	1	3301765	5633477	1655	-0.2529
49d3c8a0-667e-4599-b8eb-1cd0e3449062	1	5639355	19988919	7749	-0.301
49d3c8a0-667e-4599-b8eb-1cd0e3449062	1	19990256	23429662	1899	-0.2361
49d3c8a0-667e-4599-b8eb-1cd0e3449062	1	23429794	35938208	6129	-0.0836
49d3c8a0-667e-4599-b8eb-1cd0e3449062	1	35938518	47107741	5925	-0.285
49d3c8a0-667e-4599-b8eb-1cd0e3449062	1	47108149	47108978	3	-1.9108
49d3c8a0-667e-4599-b8eb-1cd0e3449062	1	47111064	56629228	5483	-0.2588
49d3c8a0-667e-4599-b8eb-1cd0e3449062	1	56630056	58354245	1432	-0.1971
49d3c8a0-667e-4599-b8eb-1cd0e3449062	1	58354727	68638583	7258	-0.2511
49d3c8a0-667e-4599-b8eb-1cd0e3449062	1	68639974	84341740	8935	-0.2166
49d3c8a0-667e-4599-b8eb-1cd0e3449062	1	84343073	95311820	6866	-0.2584
49d3c8a0-667e-4599-b8eb-1cd0e3449062	1	95312118	107533721	6943	-0.2176
49d3c8a0-667e-4599-b8eb-1cd0e3449062	1	107534480	119884026	7519	-0.2539
49d3c8a0-667e-4599-b8eb-1cd0e3449062	1	119890454	152302977	1053	-0.089
49d3c8a0-667e-4599-b8eb-1cd0e3449062	1	152303083	152982363	393	0.029
49d3c8a0-667e-4599-b8eb-1cd0e3449062	1	152982445	153143621	105	0.1454
49d3c8a0-667e-4599-b8eb-1cd0e3449062	1	153143757	153833274	354	0.4965
49d3c8a0-667e-4599-b8eb-1cd0e3449062	1	153835315	153852928	10	0.247
49d3c8a0-667e-4599-b8eb-1cd0e3449062	1	153856913	154339220	198	-0.0757
49d3c8a0-667e-4599-b8eb-1cd0e3449062	1	154340756	154341543	3	-0.9948
49d3c8a0-667e-4599-b8eb-1cd0e3449062	1	154341932	155496531	583	-0.0562
49d3c8a0-667e-4599-b8eb-1cd0e3449062	1	155497486	158075959	1412	-0.2804
49d3c8a0-667e-4599-b8eb-1cd0e3449062	1	158081420	158091253	12	-1.0597
49d3c8a0-667e-4599-b8eb-1cd0e3449062	1	158095744	158951999	556	-0.233
49d3c8a0-667e-4599-b8eb-1cd0e3449062	1	158961883	159042544	64	0.2071
49d3c8a0-667e-4599-b8eb-1cd0e3449062	1	159060768	159876068	547	-0.2473
49d3c8a0-667e-4599-b8eb-1cd0e3449062	1	159878046	162719805	1749	-0.3104
49d3c8a0-667e-4599-b8eb-1cd0e3449062	1	162721012	173865037	7997	-0.2389
49d3c8a0-667e-4599-b8eb-1cd0e3449062	1	173865218	174245511	177	-0.0465
49d3c8a0-667e-4599-b8eb-1cd0e3449062	1	174246021	185556911	6974	-0.2309
49d3c8a0-667e-4599-b8eb-1cd0e3449062	1	185560560	198409088	7427	-0.1823
49d3c8a0-667e-4599-b8eb-1cd0e3449062	1	198409678	198409939	3	-1.4269
49d3c8a0-667e-4599-b8eb-1cd0e3449062	1	198412854	198522490	98	-0.1657
49d3c8a0-667e-4599-b8eb-1cd0e3449062	1	198526230	207635761	5698	-0.2488
49d3c8a0-667e-4599-b8eb-1cd0e3449062	1	207643520	207643680	3	-1.5482
49d3c8a0-667e-4599-b8eb-1cd0e3449062	1	207646068	213228934	3899	-0.2344
49d3c8a0-667e-4599-b8eb-1cd0e3449062	1	213234315	221589089	5719	-0.1988
49d3c8a0-667e-4599-b8eb-1cd0e3449062	1	221589884	237306112	9992	-0.2487
49d3c8a0-667e-4599-b8eb-1cd0e3449062	1	237310856	245243009	5359	-0.2041
49d3c8a0-667e-4599-b8eb-1cd0e3449062	1	245244064	245248051	3	-0.7176
49d3c8a0-667e-4599-b8eb-1cd0e3449062	1	245248542	247650984	1028	-0.0717
49d3c8a0-667e-4599-b8eb-1cd0e3449062	2	480597	4531578	1983	-0.2802
49d3c8a0-667e-4599-b8eb-1cd0e3449062	2	4531621	5615225	810	0.1048
49d3c8a0-667e-4599-b8eb-1cd0e3449062	2	5616226	9055657	2466	-0.0874
49d3c8a0-667e-4599-b8eb-1cd0e3449062	2	9058634	12003852	2025	-0.1475
49d3c8a0-667e-4599-b8eb-1cd0e3449062	2	12003909	23537267	7746	-0.0915
49d3c8a0-667e-4599-b8eb-1cd0e3449062	2	23537726	29034861	2498	-0.1687
49d3c8a0-667e-4599-b8eb-1cd0e3449062	2	29036048	35170935	3549	-0.0846
49d3c8a0-667e-4599-b8eb-1cd0e3449062	2	35171695	39620377	2212	0.0245
49d3c8a0-667e-4599-b8eb-1cd0e3449062	2	39620403	41706563	1245	0.0784
49d3c8a0-667e-4599-b8eb-1cd0e3449062	2	41706600	48682032	4555	0.0204
49d3c8a0-667e-4599-b8eb-1cd0e3449062	2	48682054	58158157	5014	0.0929
49d3c8a0-667e-4599-b8eb-1cd0e3449062	2	58158218	60112450	1310	0.1513
49d3c8a0-667e-4599-b8eb-1cd0e3449062	2	60112887	65635369	2812	0.0886
49d3c8a0-667e-4599-b8eb-1cd0e3449062	2	65641548	67170239	1128	0.1727
49d3c8a0-667e-4599-b8eb-1cd0e3449062	2	67170840	76483186	5408	0.1029
49d3c8a0-667e-4599-b8eb-1cd0e3449062	2	76483869	81601545	2650	0.1707
49d3c8a0-667e-4599-b8eb-1cd0e3449062	2	81602717	84717754	1711	0.106
49d3c8a0-667e-4599-b8eb-1cd0e3449062	2	84717984	97748663	2173	0.0404
49d3c8a0-667e-4599-b8eb-1cd0e3449062	2	97748787	112465556	7904	0.0992
49d3c8a0-667e-4599-b8eb-1cd0e3449062	2	112466144	113143274	548	0.047
49d3c8a0-667e-4599-b8eb-1cd0e3449062	2	113150509	113896439	275	-0.1067
49d3c8a0-667e-4599-b8eb-1cd0e3449062	2	113897171	136438187	11289	-0.0485
49d3c8a0-667e-4599-b8eb-1cd0e3449062	2	136439058	143949891	4261	-0.0139
49d3c8a0-667e-4599-b8eb-1cd0e3449062	2	143950185	203866082	33111	-0.0511
49d3c8a0-667e-4599-b8eb-1cd0e3449062	2	203866178	205477358	1143	0.0191
49d3c8a0-667e-4599-b8eb-1cd0e3449062	2	205477897	208348229	1711	-0.0568
49d3c8a0-667e-4599-b8eb-1cd0e3449062	2	208348299	212639855	2576	0.0002
49d3c8a0-667e-4599-b8eb-1cd0e3449062	2	212644167	230548966	11166	-0.0592
49d3c8a0-667e-4599-b8eb-1cd0e3449062	2	230549015	238519063	4815	-0.1047
49d3c8a0-667e-4599-b8eb-1cd0e3449062	2	238519348	241537572	1617	-0.5479
49d3c8a0-667e-4599-b8eb-1cd0e3449062	3	2170634	3865160	1104	0.339
49d3c8a0-667e-4599-b8eb-1cd0e3449062	3	3868614	8278557	2350	0.2576
49d3c8a0-667e-4599-b8eb-1cd0e3449062	3	8281580	18197380	6318	0.1595
49d3c8a0-667e-4599-b8eb-1cd0e3449062	3	18197551	22842431	2222	0.2205
49d3c8a0-667e-4599-b8eb-1cd0e3449062	3	22843248	29908587	4460	0.1266
49d3c8a0-667e-4599-b8eb-1cd0e3449062	3	29908678	30915242	730	0.2494
49d3c8a0-667e-4599-b8eb-1cd0e3449062	3	30915420	35745969	2876	0.1308
49d3c8a0-667e-4599-b8eb-1cd0e3449062	3	35746397	38016115	1416	0.0964
49d3c8a0-667e-4599-b8eb-1cd0e3449062	3	38022828	38090606	38	0.5687
49d3c8a0-667e-4599-b8eb-1cd0e3449062	3	38091165	45180200	4074	0.0649
49d3c8a0-667e-4599-b8eb-1cd0e3449062	3	45182149	47026843	1123	0.1677
49d3c8a0-667e-4599-b8eb-1cd0e3449062	3	47028295	47422077	142	0.1141
49d3c8a0-667e-4599-b8eb-1cd0e3449062	3	47422584	48128618	269	-0.0215
49d3c8a0-667e-4599-b8eb-1cd0e3449062	3	48128930	48432749	121	0.3093
49d3c8a0-667e-4599-b8eb-1cd0e3449062	3	48434274	51681937	1272	0.037
49d3c8a0-667e-4599-b8eb-1cd0e3449062	3	51686723	51751446	28	0.3722
49d3c8a0-667e-4599-b8eb-1cd0e3449062	3	51751930	53554732	826	0.2243
49d3c8a0-667e-4599-b8eb-1cd0e3449062	3	53557082	54547236	710	0.3124
49d3c8a0-667e-4599-b8eb-1cd0e3449062	3	54549100	54816038	229	0.462
49d3c8a0-667e-4599-b8eb-1cd0e3449062	3	54816486	55792752	843	0.3508
49d3c8a0-667e-4599-b8eb-1cd0e3449062	3	55798108	57404160	989	0.2103
49d3c8a0-667e-4599-b8eb-1cd0e3449062	3	57407516	57407571	2	-1.5597
49d3c8a0-667e-4599-b8eb-1cd0e3449062	3	57409039	58536344	586	0.1525
49d3c8a0-667e-4599-b8eb-1cd0e3449062	3	58539799	63993195	2939	0.2431
49d3c8a0-667e-4599-b8eb-1cd0e3449062	3	63998167	64340796	308	0.0704
49d3c8a0-667e-4599-b8eb-1cd0e3449062	3	64341587	64382488	49	0.2318
49d3c8a0-667e-4599-b8eb-1cd0e3449062	3	64382610	65602179	1095	0.3241
49d3c8a0-667e-4599-b8eb-1cd0e3449062	3	65602202	71887733	4253	0.4141
49d3c8a0-667e-4599-b8eb-1cd0e3449062	3	71888090	73134600	924	0.2904
49d3c8a0-667e-4599-b8eb-1cd0e3449062	3	73138240	73842346	566	0.3705
49d3c8a0-667e-4599-b8eb-1cd0e3449062	3	73845545	74168013	244	0.7532
49d3c8a0-667e-4599-b8eb-1cd0e3449062	3	74168032	74271499	61	0.5887
49d3c8a0-667e-4599-b8eb-1cd0e3449062	3	74271690	75870006	600	0.2888
49d3c8a0-667e-4599-b8eb-1cd0e3449062	3	75872193	76033778	59	-0.072
49d3c8a0-667e-4599-b8eb-1cd0e3449062	3	76048409	77865265	1076	0.6908
49d3c8a0-667e-4599-b8eb-1cd0e3449062	3	77867936	79564393	878	0.9928
49d3c8a0-667e-4599-b8eb-1cd0e3449062	3	79564581	79646989	57	0.7853
49d3c8a0-667e-4599-b8eb-1cd0e3449062	3	79647270	79651620	2	1.8989
49d3c8a0-667e-4599-b8eb-1cd0e3449062	3	79652006	80126902	277	0.8613
49d3c8a0-667e-4599-b8eb-1cd0e3449062	3	80129387	80136049	4	1.2694
49d3c8a0-667e-4599-b8eb-1cd0e3449062	3	80136128	81295054	636	0.796
49d3c8a0-667e-4599-b8eb-1cd0e3449062	3	81295371	83133442	987	0.6386
49d3c8a0-667e-4599-b8eb-1cd0e3449062	3	83133948	83268974	44	-0.1252
49d3c8a0-667e-4599-b8eb-1cd0e3449062	3	83275703	86267678	1358	0.201
49d3c8a0-667e-4599-b8eb-1cd0e3449062	3	86272595	86272950	2	-1.5805
49d3c8a0-667e-4599-b8eb-1cd0e3449062	3	86273663	98001640	3929	0.2087
49d3c8a0-667e-4599-b8eb-1cd0e3449062	3	98005259	175164587	42120	0.1584
49d3c8a0-667e-4599-b8eb-1cd0e3449062	3	175169854	175170033	2	-0.9435
49d3c8a0-667e-4599-b8eb-1cd0e3449062	3	175171152	177879440	1144	-0.0092
49d3c8a0-667e-4599-b8eb-1cd0e3449062	3	177881143	182734439	2645	0.0309
49d3c8a0-667e-4599-b8eb-1cd0e3449062	3	182735516	186040959	1283	-0.0491
49d3c8a0-667e-4599-b8eb-1cd0e3449062	3	186043094	194452583	5589	-0.0013
49d3c8a0-667e-4599-b8eb-1cd0e3449062	3	194452594	197243254	803	-0.0644
49d3c8a0-667e-4599-b8eb-1cd0e3449062	3	197245963	197812401	149	-0.213
49d3c8a0-667e-4599-b8eb-1cd0e3449062	4	1059384	3727925	1075	0.056
49d3c8a0-667e-4599-b8eb-1cd0e3449062	4	3739533	13590908	6195	-0.0572
49d3c8a0-667e-4599-b8eb-1cd0e3449062	4	13592769	13710436	85	0.4034
49d3c8a0-667e-4599-b8eb-1cd0e3449062	4	13711301	14683159	814	0.0374
49d3c8a0-667e-4599-b8eb-1cd0e3449062	4	14683885	15963842	886	0.4267
49d3c8a0-667e-4599-b8eb-1cd0e3449062	4	15966516	17318895	999	0.5425
49d3c8a0-667e-4599-b8eb-1cd0e3449062	4	17319322	17702326	323	0.7755
49d3c8a0-667e-4599-b8eb-1cd0e3449062	4	17702378	18126935	202	0.5355
49d3c8a0-667e-4599-b8eb-1cd0e3449062	4	18127018	19214872	701	0.7396
49d3c8a0-667e-4599-b8eb-1cd0e3449062	4	19220548	19260490	26	0.9468
49d3c8a0-667e-4599-b8eb-1cd0e3449062	4	19260550	19432502	111	1.4764
49d3c8a0-667e-4599-b8eb-1cd0e3449062	4	19432931	20217822	430	0.9839
49d3c8a0-667e-4599-b8eb-1cd0e3449062	4	20217837	20929062	411	1.1272
49d3c8a0-667e-4599-b8eb-1cd0e3449062	4	20934384	21417145	361	1.0415
49d3c8a0-667e-4599-b8eb-1cd0e3449062	4	21423750	22247843	621	0.9739
49d3c8a0-667e-4599-b8eb-1cd0e3449062	4	22249470	23163660	463	1.0859
49d3c8a0-667e-4599-b8eb-1cd0e3449062	4	23165018	28488215	3519	0.958
49d3c8a0-667e-4599-b8eb-1cd0e3449062	4	28488357	29314452	533	1.0449
49d3c8a0-667e-4599-b8eb-1cd0e3449062	4	29316617	29316627	2	-1.8258
49d3c8a0-667e-4599-b8eb-1cd0e3449062	4	29316643	30716313	869	0.9734
49d3c8a0-667e-4599-b8eb-1cd0e3449062	4	30733344	34041961	1807	1.5212
49d3c8a0-667e-4599-b8eb-1cd0e3449062	4	34044111	35975931	1085	0.9627
49d3c8a0-667e-4599-b8eb-1cd0e3449062	4	35982500	36201750	144	0.1286
49d3c8a0-667e-4599-b8eb-1cd0e3449062	4	36205400	37369444	798	0.9839
49d3c8a0-667e-4599-b8eb-1cd0e3449062	4	37372424	37883710	410	0.8906
49d3c8a0-667e-4599-b8eb-1cd0e3449062	4	37887106	39423161	995	0.3801
49d3c8a0-667e-4599-b8eb-1cd0e3449062	4	39424581	40629459	563	0.3016
49d3c8a0-667e-4599-b8eb-1cd0e3449062	4	40630817	41313643	407	0.4435
49d3c8a0-667e-4599-b8eb-1cd0e3449062	4	41315645	46806609	2721	0.6526
49d3c8a0-667e-4599-b8eb-1cd0e3449062	4	46809358	47601978	457	0.5047
49d3c8a0-667e-4599-b8eb-1cd0e3449062	4	47603493	48066809	258	0.6173
49d3c8a0-667e-4599-b8eb-1cd0e3449062	4	48067890	54290615	1519	0.2419
49d3c8a0-667e-4599-b8eb-1cd0e3449062	4	54290635	72651414	9798	-0.0051
49d3c8a0-667e-4599-b8eb-1cd0e3449062	4	72653192	72786820	81	0.3525
49d3c8a0-667e-4599-b8eb-1cd0e3449062	4	72790329	78076029	3270	-0.0275
49d3c8a0-667e-4599-b8eb-1cd0e3449062	4	78076998	80381090	1366	0.3747
49d3c8a0-667e-4599-b8eb-1cd0e3449062	4	80383070	82123560	1072	0.4322
49d3c8a0-667e-4599-b8eb-1cd0e3449062	4	82123629	83603404	809	0.352
49d3c8a0-667e-4599-b8eb-1cd0e3449062	4	83604055	98661839	8493	-0.0133
49d3c8a0-667e-4599-b8eb-1cd0e3449062	4	98662488	98662631	2	-3.1299
49d3c8a0-667e-4599-b8eb-1cd0e3449062	4	98662692	158826685	33203	-0.0105
49d3c8a0-667e-4599-b8eb-1cd0e3449062	4	158829903	161900726	1770	0.0365
49d3c8a0-667e-4599-b8eb-1cd0e3449062	4	161907461	165623358	1991	0.1858
49d3c8a0-667e-4599-b8eb-1cd0e3449062	4	165623993	166734471	616	0.102
49d3c8a0-667e-4599-b8eb-1cd0e3449062	4	166734922	166881895	70	0.0273
49d3c8a0-667e-4599-b8eb-1cd0e3449062	4	166883000	167578477	352	-0.1201
49d3c8a0-667e-4599-b8eb-1cd0e3449062	4	167587729	167874462	177	0.0775
49d3c8a0-667e-4599-b8eb-1cd0e3449062	4	167874528	168941381	637	0.3349
49d3c8a0-667e-4599-b8eb-1cd0e3449062	4	168944559	169088652	92	0.4858
49d3c8a0-667e-4599-b8eb-1cd0e3449062	4	169091503	169576817	251	0.7587
49d3c8a0-667e-4599-b8eb-1cd0e3449062	4	169582726	169662514	48	0.5031
49d3c8a0-667e-4599-b8eb-1cd0e3449062	4	169666381	182597967	7144	-0.6289
49d3c8a0-667e-4599-b8eb-1cd0e3449062	4	182609662	185382009	562	-0.7646
49d3c8a0-667e-4599-b8eb-1cd0e3449062	4	185382932	187842528	1512	-0.6504
49d3c8a0-667e-4599-b8eb-1cd0e3449062	5	913983	938583	10	-0.3736
49d3c8a0-667e-4599-b8eb-1cd0e3449062	5	940557	3655690	1650	0.0046
49d3c8a0-667e-4599-b8eb-1cd0e3449062	5	3671100	3671640	3	-1.3059
49d3c8a0-667e-4599-b8eb-1cd0e3449062	5	3672629	14074534	7340	-0.011
49d3c8a0-667e-4599-b8eb-1cd0e3449062	5	14075159	17921963	1978	-0.0663
49d3c8a0-667e-4599-b8eb-1cd0e3449062	5	17928463	21620221	1725	0.0141
49d3c8a0-667e-4599-b8eb-1cd0e3449062	5	21629033	38445238	9509	0.0674
49d3c8a0-667e-4599-b8eb-1cd0e3449062	5	38445543	39502653	725	-0.0143
49d3c8a0-667e-4599-b8eb-1cd0e3449062	5	39503860	45383300	3086	0.0601
49d3c8a0-667e-4599-b8eb-1cd0e3449062	5	50828231	51215818	239	-0.3304
49d3c8a0-667e-4599-b8eb-1cd0e3449062	5	51218693	53626326	1432	-0.4443
49d3c8a0-667e-4599-b8eb-1cd0e3449062	5	53629972	57753386	2660	-0.2616
49d3c8a0-667e-4599-b8eb-1cd0e3449062	5	57754532	63301236	3388	0.1009
49d3c8a0-667e-4599-b8eb-1cd0e3449062	5	63885700	64571723	296	0.3641
49d3c8a0-667e-4599-b8eb-1cd0e3449062	5	64572489	64573570	2	1.3793
49d3c8a0-667e-4599-b8eb-1cd0e3449062	5	64574782	64902737	207	0.3965
49d3c8a0-667e-4599-b8eb-1cd0e3449062	5	64903913	68510380	2409	0.0899
49d3c8a0-667e-4599-b8eb-1cd0e3449062	5	68510447	69396091	480	-0.4584
49d3c8a0-667e-4599-b8eb-1cd0e3449062	5	69401305	78146122	4269	0.1071
49d3c8a0-667e-4599-b8eb-1cd0e3449062	5	78153393	86209207	4477	-0.2188
49d3c8a0-667e-4599-b8eb-1cd0e3449062	5	86209512	86954796	397	-0.4125
49d3c8a0-667e-4599-b8eb-1cd0e3449062	5	86956745	88483229	724	-0.2061
49d3c8a0-667e-4599-b8eb-1cd0e3449062	5	88483247	88623982	94	-0.4855
49d3c8a0-667e-4599-b8eb-1cd0e3449062	5	88630237	91989392	1745	-0.0356
49d3c8a0-667e-4599-b8eb-1cd0e3449062	5	91990291	92204220	106	0.3992
49d3c8a0-667e-4599-b8eb-1cd0e3449062	5	92206286	92730352	236	-0.0058
49d3c8a0-667e-4599-b8eb-1cd0e3449062	5	92731043	92790956	29	0.4049
49d3c8a0-667e-4599-b8eb-1cd0e3449062	5	92795982	93565309	404	-0.0205
49d3c8a0-667e-4599-b8eb-1cd0e3449062	5	93569163	94572184	452	0.4146
49d3c8a0-667e-4599-b8eb-1cd0e3449062	5	94572902	97678977	1836	-0.0205
49d3c8a0-667e-4599-b8eb-1cd0e3449062	5	97683763	99167137	721	0.3908
49d3c8a0-667e-4599-b8eb-1cd0e3449062	5	100226861	100621965	124	-0.0763
49d3c8a0-667e-4599-b8eb-1cd0e3449062	5	100628487	100773348	34	0.3609
49d3c8a0-667e-4599-b8eb-1cd0e3449062	5	100773556	107403409	3187	-0.0828
49d3c8a0-667e-4599-b8eb-1cd0e3449062	5	107403500	110737662	2041	0.0434
49d3c8a0-667e-4599-b8eb-1cd0e3449062	5	110741315	116179435	3500	-0.0965
49d3c8a0-667e-4599-b8eb-1cd0e3449062	5	116184914	116616578	351	0.3902
49d3c8a0-667e-4599-b8eb-1cd0e3449062	5	116621604	118750064	1299	-0.0654
49d3c8a0-667e-4599-b8eb-1cd0e3449062	5	118750242	119889463	656	0.1524
49d3c8a0-667e-4599-b8eb-1cd0e3449062	5	119894172	133916083	8093	-0.1197
49d3c8a0-667e-4599-b8eb-1cd0e3449062	5	133916642	143997029	5768	-0.1702
49d3c8a0-667e-4599-b8eb-1cd0e3449062	5	143997138	155230102	7264	-0.1418
49d3c8a0-667e-4599-b8eb-1cd0e3449062	5	155230317	156834726	1053	-0.0764
49d3c8a0-667e-4599-b8eb-1cd0e3449062	5	156835107	160470494	2400	-0.1494
49d3c8a0-667e-4599-b8eb-1cd0e3449062	5	160476863	163289844	1747	-0.0915
49d3c8a0-667e-4599-b8eb-1cd0e3449062	5	163289894	163925255	411	-0.1873
49d3c8a0-667e-4599-b8eb-1cd0e3449062	5	163925377	167378986	2123	-0.083
49d3c8a0-667e-4599-b8eb-1cd0e3449062	5	167380084	180934240	8024	-0.1616
49d3c8a0-667e-4599-b8eb-1cd0e3449062	6	1011760	24591150	16693	-0.0304
49d3c8a0-667e-4599-b8eb-1cd0e3449062	6	24592412	24669000	49	-0.1023
49d3c8a0-667e-4599-b8eb-1cd0e3449062	6	24671255	24673772	2	0.9465
49d3c8a0-667e-4599-b8eb-1cd0e3449062	6	24690799	24974609	194	-0.047
49d3c8a0-667e-4599-b8eb-1cd0e3449062	6	24976511	24978276	2	-1.5475
49d3c8a0-667e-4599-b8eb-1cd0e3449062	6	24978707	38662674	5597	-0.0736
49d3c8a0-667e-4599-b8eb-1cd0e3449062	6	38662865	41567183	2192	-0.0191
49d3c8a0-667e-4599-b8eb-1cd0e3449062	6	41568689	46364534	2624	-0.0724
49d3c8a0-667e-4599-b8eb-1cd0e3449062	6	46367432	46759371	239	-0.1998
49d3c8a0-667e-4599-b8eb-1cd0e3449062	6	46761507	47623654	607	-0.0606
49d3c8a0-667e-4599-b8eb-1cd0e3449062	6	47629376	51120118	1913	-0.0248
49d3c8a0-667e-4599-b8eb-1cd0e3449062	6	51120769	56621409	3579	-0.2221
49d3c8a0-667e-4599-b8eb-1cd0e3449062	6	56626042	57240675	268	-0.0797
49d3c8a0-667e-4599-b8eb-1cd0e3449062	6	57240804	70354353	4861	-0.2048
49d3c8a0-667e-4599-b8eb-1cd0e3449062	6	70354592	71808941	748	-0.2396
49d3c8a0-667e-4599-b8eb-1cd0e3449062	6	71810697	90599193	10743	-0.3116
49d3c8a0-667e-4599-b8eb-1cd0e3449062	6	90601136	105674290	7909	-0.2484
49d3c8a0-667e-4599-b8eb-1cd0e3449062	6	105676962	111239098	3393	-0.3076
49d3c8a0-667e-4599-b8eb-1cd0e3449062	6	111239743	133537272	13013	-0.2495
49d3c8a0-667e-4599-b8eb-1cd0e3449062	6	133537714	134138851	389	-0.2973
49d3c8a0-667e-4599-b8eb-1cd0e3449062	6	134140239	134484285	251	-0.4086
49d3c8a0-667e-4599-b8eb-1cd0e3449062	6	134486933	138456649	2646	-0.2741
49d3c8a0-667e-4599-b8eb-1cd0e3449062	6	138460884	138463813	2	-1.8387
49d3c8a0-667e-4599-b8eb-1cd0e3449062	6	138465446	149783616	6715	-0.2849
49d3c8a0-667e-4599-b8eb-1cd0e3449062	6	149790418	150378542	389	-0.1285
49d3c8a0-667e-4599-b8eb-1cd0e3449062	6	150378959	153992036	2647	-0.287
49d3c8a0-667e-4599-b8eb-1cd0e3449062	6	153994453	162703120	5323	-0.1396
49d3c8a0-667e-4599-b8eb-1cd0e3449062	6	162704934	167931668	3008	-0.4417
49d3c8a0-667e-4599-b8eb-1cd0e3449062	6	168457458	169097598	77	-0.1193
49d3c8a0-667e-4599-b8eb-1cd0e3449062	6	169097907	170596889	721	-0.4397
49d3c8a0-667e-4599-b8eb-1cd0e3449062	7	664936	3794841	1164	0.1816
49d3c8a0-667e-4599-b8eb-1cd0e3449062	7	3795029	4581037	351	0.3432
49d3c8a0-667e-4599-b8eb-1cd0e3449062	7	4581054	7210818	846	0.2231
49d3c8a0-667e-4599-b8eb-1cd0e3449062	7	7210972	11794005	2360	0.3158
49d3c8a0-667e-4599-b8eb-1cd0e3449062	7	11794590	12310478	428	0.4242
49d3c8a0-667e-4599-b8eb-1cd0e3449062	7	12311150	36075931	15026	0.2962
49d3c8a0-667e-4599-b8eb-1cd0e3449062	7	36076463	37402077	1019	0.2315
49d3c8a0-667e-4599-b8eb-1cd0e3449062	7	37404299	38525670	753	0.2913
49d3c8a0-667e-4599-b8eb-1cd0e3449062	7	38528082	38577422	43	0.7099
49d3c8a0-667e-4599-b8eb-1cd0e3449062	7	38577911	40874953	1367	0.3001
49d3c8a0-667e-4599-b8eb-1cd0e3449062	7	40875176	42337240	1062	0.5445
49d3c8a0-667e-4599-b8eb-1cd0e3449062	7	42339049	48415169	3514	0.2763
49d3c8a0-667e-4599-b8eb-1cd0e3449062	7	48415877	55450354	5020	0.3669
49d3c8a0-667e-4599-b8eb-1cd0e3449062	7	55453290	68481537	2168	0.316
49d3c8a0-667e-4599-b8eb-1cd0e3449062	7	68483472	68709908	162	0.0827
49d3c8a0-667e-4599-b8eb-1cd0e3449062	7	68713584	69831901	680	0.3212
49d3c8a0-667e-4599-b8eb-1cd0e3449062	7	69835982	70520637	380	0.0863
49d3c8a0-667e-4599-b8eb-1cd0e3449062	7	70522961	71200991	418	0.3414
49d3c8a0-667e-4599-b8eb-1cd0e3449062	7	71201313	72020626	513	0.501
49d3c8a0-667e-4599-b8eb-1cd0e3449062	7	72021944	72194193	60	0.8575
49d3c8a0-667e-4599-b8eb-1cd0e3449062	7	72228448	72229180	4	-0.3311
49d3c8a0-667e-4599-b8eb-1cd0e3449062	7	72231642	73378434	251	0.8696
49d3c8a0-667e-4599-b8eb-1cd0e3449062	7	73381404	74276035	315	0.5986
49d3c8a0-667e-4599-b8eb-1cd0e3449062	7	74279513	76299601	501	0.2175
49d3c8a0-667e-4599-b8eb-1cd0e3449062	7	76299806	97894718	11466	0.066
49d3c8a0-667e-4599-b8eb-1cd0e3449062	7	97915929	103488280	2040	-0.0252
49d3c8a0-667e-4599-b8eb-1cd0e3449062	7	103490818	109120096	3434	0.0478
49d3c8a0-667e-4599-b8eb-1cd0e3449062	7	109122934	128108948	10074	0.0801
49d3c8a0-667e-4599-b8eb-1cd0e3449062	7	128109217	131223353	1454	0.021
49d3c8a0-667e-4599-b8eb-1cd0e3449062	7	131225121	131257200	33	0.4271
49d3c8a0-667e-4599-b8eb-1cd0e3449062	7	131261276	134312570	1818	0.0585
49d3c8a0-667e-4599-b8eb-1cd0e3449062	7	134319336	134336213	19	0.5046
49d3c8a0-667e-4599-b8eb-1cd0e3449062	7	134339763	134350269	13	0.0793
49d3c8a0-667e-4599-b8eb-1cd0e3449062	7	134350328	139655896	3255	0.5241
49d3c8a0-667e-4599-b8eb-1cd0e3449062	7	139657489	141540939	1203	0.4456
49d3c8a0-667e-4599-b8eb-1cd0e3449062	7	141540955	142581256	316	0.5249
49d3c8a0-667e-4599-b8eb-1cd0e3449062	7	142768623	142975828	132	0.7633
49d3c8a0-667e-4599-b8eb-1cd0e3449062	7	142976780	145424228	1052	0.521
49d3c8a0-667e-4599-b8eb-1cd0e3449062	7	145424646	149375315	2320	0.4362
49d3c8a0-667e-4599-b8eb-1cd0e3449062	7	149382894	150815154	574	0.3569
49d3c8a0-667e-4599-b8eb-1cd0e3449062	7	150815219	150815973	2	-0.9375
49d3c8a0-667e-4599-b8eb-1cd0e3449062	7	150820517	152936287	1028	0.3734
49d3c8a0-667e-4599-b8eb-1cd0e3449062	7	152939525	154449869	514	0.4329
49d3c8a0-667e-4599-b8eb-1cd0e3449062	7	154450130	154452984	5	-0.1234
49d3c8a0-667e-4599-b8eb-1cd0e3449062	7	154458040	158592540	2503	-0.7753
49d3c8a0-667e-4599-b8eb-1cd0e3449062	8	667625	8502182	3304	0.0472
49d3c8a0-667e-4599-b8eb-1cd0e3449062	8	8502310	9950015	924	-0.0203
49d3c8a0-667e-4599-b8eb-1cd0e3449062	8	9953945	11111565	559	-0.1852
49d3c8a0-667e-4599-b8eb-1cd0e3449062	8	11112310	12759646	483	-0.0154
49d3c8a0-667e-4599-b8eb-1cd0e3449062	8	12762232	15975108	2564	-0.1618
49d3c8a0-667e-4599-b8eb-1cd0e3449062	8	15975123	15977731	4	-1.8657
49d3c8a0-667e-4599-b8eb-1cd0e3449062	8	15977784	23515755	5303	-0.1937
49d3c8a0-667e-4599-b8eb-1cd0e3449062	8	23515893	23520269	6	-1.0737
49d3c8a0-667e-4599-b8eb-1cd0e3449062	8	23525081	25894981	1641	-0.2073
49d3c8a0-667e-4599-b8eb-1cd0e3449062	8	25897529	28242150	1771	-0.0569
49d3c8a0-667e-4599-b8eb-1cd0e3449062	8	28245927	34839338	4052	-0.1519
49d3c8a0-667e-4599-b8eb-1cd0e3449062	8	34842176	36708735	795	0.0264
49d3c8a0-667e-4599-b8eb-1cd0e3449062	8	36712818	42488627	3335	-0.0545
49d3c8a0-667e-4599-b8eb-1cd0e3449062	8	42490117	43080575	251	-0.5
49d3c8a0-667e-4599-b8eb-1cd0e3449062	8	46547532	48431855	749	0.1954
49d3c8a0-667e-4599-b8eb-1cd0e3449062	8	48434243	51593862	1735	0.2612
49d3c8a0-667e-4599-b8eb-1cd0e3449062	8	51594132	55166677	2132	0.1965
49d3c8a0-667e-4599-b8eb-1cd0e3449062	8	55167481	55410859	186	0.5702
49d3c8a0-667e-4599-b8eb-1cd0e3449062	8	55420930	56259673	390	0.3605
49d3c8a0-667e-4599-b8eb-1cd0e3449062	8	56260770	56264349	2	-1.1807
49d3c8a0-667e-4599-b8eb-1cd0e3449062	8	56267969	57541354	787	0.3397
49d3c8a0-667e-4599-b8eb-1cd0e3449062	8	57542142	57554659	7	0.6308
49d3c8a0-667e-4599-b8eb-1cd0e3449062	8	57556475	58932369	971	0.1232
49d3c8a0-667e-4599-b8eb-1cd0e3449062	8	58936605	63428039	2811	0.2381
49d3c8a0-667e-4599-b8eb-1cd0e3449062	8	63435735	69262689	3133	0.164
49d3c8a0-667e-4599-b8eb-1cd0e3449062	8	69267441	79308273	5911	0.304
49d3c8a0-667e-4599-b8eb-1cd0e3449062	8	79308349	91106779	6340	0.2247
49d3c8a0-667e-4599-b8eb-1cd0e3449062	8	91174785	94204052	1780	0.123
49d3c8a0-667e-4599-b8eb-1cd0e3449062	8	94204939	103932253	5729	0.0312
49d3c8a0-667e-4599-b8eb-1cd0e3449062	8	103932334	111868698	4162	0.0864
49d3c8a0-667e-4599-b8eb-1cd0e3449062	8	111871818	112420537	310	0.2155
49d3c8a0-667e-4599-b8eb-1cd0e3449062	8	112420916	123972918	7152	0.0821
49d3c8a0-667e-4599-b8eb-1cd0e3449062	8	123996868	128170405	2964	0.1558
49d3c8a0-667e-4599-b8eb-1cd0e3449062	8	128172309	131182873	2036	0.0286
49d3c8a0-667e-4599-b8eb-1cd0e3449062	8	131193051	134273231	2438	0.2076
49d3c8a0-667e-4599-b8eb-1cd0e3449062	8	134277784	140136970	4382	0.2521
49d3c8a0-667e-4599-b8eb-1cd0e3449062	8	140142737	144182542	829	0.1711
49d3c8a0-667e-4599-b8eb-1cd0e3449062	9	789794	1550403	165	-0.1615
49d3c8a0-667e-4599-b8eb-1cd0e3449062	9	1552640	1556848	13	1.0049
49d3c8a0-667e-4599-b8eb-1cd0e3449062	9	1564704	1639619	72	-0.0854
49d3c8a0-667e-4599-b8eb-1cd0e3449062	9	1646820	1722319	116	0.9182
49d3c8a0-667e-4599-b8eb-1cd0e3449062	9	1722613	2295572	567	1.0781
49d3c8a0-667e-4599-b8eb-1cd0e3449062	9	2320711	2343547	32	1.3777
49d3c8a0-667e-4599-b8eb-1cd0e3449062	9	2344237	2443766	83	1.5015
49d3c8a0-667e-4599-b8eb-1cd0e3449062	9	2447896	3805087	975	1.7746
49d3c8a0-667e-4599-b8eb-1cd0e3449062	9	3805767	4085128	319	1.5852
49d3c8a0-667e-4599-b8eb-1cd0e3449062	9	4086015	5408358	951	1.8092
49d3c8a0-667e-4599-b8eb-1cd0e3449062	9	5410702	6033351	289	2.0488
49d3c8a0-667e-4599-b8eb-1cd0e3449062	9	6034076	6133074	61	1.6638
49d3c8a0-667e-4599-b8eb-1cd0e3449062	9	6133672	7055253	45	0.4444
49d3c8a0-667e-4599-b8eb-1cd0e3449062	9	7055489	7660455	479	-0.1053
49d3c8a0-667e-4599-b8eb-1cd0e3449062	9	7662660	9239154	1139	-0.4819
49d3c8a0-667e-4599-b8eb-1cd0e3449062	9	9410073	11275227	1021	-0.0755
49d3c8a0-667e-4599-b8eb-1cd0e3449062	9	12527414	19570511	5539	-0.4858
49d3c8a0-667e-4599-b8eb-1cd0e3449062	9	19571888	19649740	72	-1.0738
49d3c8a0-667e-4599-b8eb-1cd0e3449062	9	19650442	19718687	63	0.6
49d3c8a0-667e-4599-b8eb-1cd0e3449062	9	19722123	19753999	41	-0.1037
49d3c8a0-667e-4599-b8eb-1cd0e3449062	9	19760155	23056062	2242	-1.0111
49d3c8a0-667e-4599-b8eb-1cd0e3449062	9	23058522	23091711	23	-0.1294
49d3c8a0-667e-4599-b8eb-1cd0e3449062	9	23099503	23222188	88	-1.028
49d3c8a0-667e-4599-b8eb-1cd0e3449062	9	23222637	23239151	15	0.0491
49d3c8a0-667e-4599-b8eb-1cd0e3449062	9	23243311	25537538	1412	-0.9812
49d3c8a0-667e-4599-b8eb-1cd0e3449062	9	25544795	25544993	2	-6.4011
49d3c8a0-667e-4599-b8eb-1cd0e3449062	9	25545660	25953112	239	-0.9577
49d3c8a0-667e-4599-b8eb-1cd0e3449062	9	25953801	25953817	2	-3.8115
49d3c8a0-667e-4599-b8eb-1cd0e3449062	9	25954055	26608594	301	-1.0211
49d3c8a0-667e-4599-b8eb-1cd0e3449062	9	26626731	28130052	1146	-0.069
49d3c8a0-667e-4599-b8eb-1cd0e3449062	9	28137363	28356280	30	1.8702
49d3c8a0-667e-4599-b8eb-1cd0e3449062	9	28359879	28486254	96	-0.0646
49d3c8a0-667e-4599-b8eb-1cd0e3449062	9	28491681	29309715	253	1.671
49d3c8a0-667e-4599-b8eb-1cd0e3449062	9	29317738	29607993	162	2.4142
49d3c8a0-667e-4599-b8eb-1cd0e3449062	9	29615286	30134534	191	1.6693
49d3c8a0-667e-4599-b8eb-1cd0e3449062	9	30135177	30224338	61	2.389
49d3c8a0-667e-4599-b8eb-1cd0e3449062	9	30228629	30419130	121	1.8216
49d3c8a0-667e-4599-b8eb-1cd0e3449062	9	30597972	31562555	589	-0.0529
49d3c8a0-667e-4599-b8eb-1cd0e3449062	9	31568048	32564175	701	1.9622
49d3c8a0-667e-4599-b8eb-1cd0e3449062	9	32564478	32992665	309	2.4649
49d3c8a0-667e-4599-b8eb-1cd0e3449062	9	32995938	33173655	149	1.7535
49d3c8a0-667e-4599-b8eb-1cd0e3449062	9	33176248	33804427	367	-0.1436
49d3c8a0-667e-4599-b8eb-1cd0e3449062	9	33804769	35282982	752	0.1512
49d3c8a0-667e-4599-b8eb-1cd0e3449062	9	35291848	36099402	407	1.7563
49d3c8a0-667e-4599-b8eb-1cd0e3449062	9	36099625	37100220	681	2.3612
49d3c8a0-667e-4599-b8eb-1cd0e3449062	9	37100697	37187002	35	1.9964
49d3c8a0-667e-4599-b8eb-1cd0e3449062	9	37201429	38747691	1064	-0.4958
49d3c8a0-667e-4599-b8eb-1cd0e3449062	9	38752071	70459914	1505	-0.6745
49d3c8a0-667e-4599-b8eb-1cd0e3449062	9	70460544	71581493	867	0.0719
49d3c8a0-667e-4599-b8eb-1cd0e3449062	9	71581518	104918634	21740	-0.0026
49d3c8a0-667e-4599-b8eb-1cd0e3449062	9	104918792	105156611	194	-0.1519
49d3c8a0-667e-4599-b8eb-1cd0e3449062	9	105158164	107439650	1442	0.0196
49d3c8a0-667e-4599-b8eb-1cd0e3449062	9	107444300	107903720	350	-0.1054
49d3c8a0-667e-4599-b8eb-1cd0e3449062	9	107905941	109718046	1539	-0.0042
49d3c8a0-667e-4599-b8eb-1cd0e3449062	9	109718832	109867578	172	0.0834
49d3c8a0-667e-4599-b8eb-1cd0e3449062	9	109867762	115606931	3791	-0.0403
49d3c8a0-667e-4599-b8eb-1cd0e3449062	9	115608815	115609389	2	-1.7953
49d3c8a0-667e-4599-b8eb-1cd0e3449062	9	115611575	116640672	687	-0.0527
49d3c8a0-667e-4599-b8eb-1cd0e3449062	9	116640792	120665184	3172	0.0118
49d3c8a0-667e-4599-b8eb-1cd0e3449062	9	120665970	127534908	4122	-0.05
49d3c8a0-667e-4599-b8eb-1cd0e3449062	9	127534967	129625252	918	-0.1191
49d3c8a0-667e-4599-b8eb-1cd0e3449062	9	129625386	134670122	3049	-0.0522
49d3c8a0-667e-4599-b8eb-1cd0e3449062	9	134670704	138044505	1184	-0.0267
49d3c8a0-667e-4599-b8eb-1cd0e3449062	10	366509	1319253	275	-0.2817
49d3c8a0-667e-4599-b8eb-1cd0e3449062	10	1319934	2645902	1032	-0.1826
49d3c8a0-667e-4599-b8eb-1cd0e3449062	10	3094525	4316645	1122	-0.2807
49d3c8a0-667e-4599-b8eb-1cd0e3449062	10	4317124	4389570	67	0.0657
49d3c8a0-667e-4599-b8eb-1cd0e3449062	10	4390650	6176316	1284	-0.2435
49d3c8a0-667e-4599-b8eb-1cd0e3449062	10	6178425	6207742	24	-0.6574
49d3c8a0-667e-4599-b8eb-1cd0e3449062	10	6209183	8210436	1585	-0.2429
49d3c8a0-667e-4599-b8eb-1cd0e3449062	10	8213302	10454848	1603	-0.1695
49d3c8a0-667e-4599-b8eb-1cd0e3449062	10	10455658	10461288	3	0.9648
49d3c8a0-667e-4599-b8eb-1cd0e3449062	10	10461715	11342501	846	-0.184
49d3c8a0-667e-4599-b8eb-1cd0e3449062	10	11345871	19002516	5675	-0.228
49d3c8a0-667e-4599-b8eb-1cd0e3449062	10	19003043	29198494	6674	-0.1569
49d3c8a0-667e-4599-b8eb-1cd0e3449062	10	29199608	29704786	420	0.2845
49d3c8a0-667e-4599-b8eb-1cd0e3449062	10	29705779	31778107	1515	0.2333
49d3c8a0-667e-4599-b8eb-1cd0e3449062	10	31778784	42457632	4048	0.2931
49d3c8a0-667e-4599-b8eb-1cd0e3449062	10	42457683	51810165	4224	-0.2564
49d3c8a0-667e-4599-b8eb-1cd0e3449062	10	51816142	52828330	785	-0.0563
49d3c8a0-667e-4599-b8eb-1cd0e3449062	10	52837854	58171616	2889	-0.2272
49d3c8a0-667e-4599-b8eb-1cd0e3449062	10	58174340	62246013	2829	-0.2754
49d3c8a0-667e-4599-b8eb-1cd0e3449062	10	62254336	62257901	3	-1.6926
49d3c8a0-667e-4599-b8eb-1cd0e3449062	10	62259392	64073853	1083	-0.2903
49d3c8a0-667e-4599-b8eb-1cd0e3449062	10	64073983	67924773	1995	-0.2052
49d3c8a0-667e-4599-b8eb-1cd0e3449062	10	67928598	76396180	4897	-0.3065
49d3c8a0-667e-4599-b8eb-1cd0e3449062	10	76397814	80709645	2760	-0.2755
49d3c8a0-667e-4599-b8eb-1cd0e3449062	10	80709914	83103912	1673	-0.2112
49d3c8a0-667e-4599-b8eb-1cd0e3449062	10	83108019	83108312	2	-1.7632
49d3c8a0-667e-4599-b8eb-1cd0e3449062	10	83108656	86171037	2226	-0.2196
49d3c8a0-667e-4599-b8eb-1cd0e3449062	10	86171315	99133074	7668	-0.2585
49d3c8a0-667e-4599-b8eb-1cd0e3449062	10	99133427	103866559	2359	-0.3091
49d3c8a0-667e-4599-b8eb-1cd0e3449062	10	103868358	104181482	214	-0.1981
49d3c8a0-667e-4599-b8eb-1cd0e3449062	10	104185836	104186084	2	-2.9182
49d3c8a0-667e-4599-b8eb-1cd0e3449062	10	104186227	105332896	852	-0.265
49d3c8a0-667e-4599-b8eb-1cd0e3449062	10	105336027	105556378	127	0.1118
49d3c8a0-667e-4599-b8eb-1cd0e3449062	10	105557246	107035226	1006	-0.2361
49d3c8a0-667e-4599-b8eb-1cd0e3449062	10	107040851	108716025	1160	-0.1633
49d3c8a0-667e-4599-b8eb-1cd0e3449062	10	108716717	118683868	6694	-0.2318
49d3c8a0-667e-4599-b8eb-1cd0e3449062	10	118684483	127262745	6220	-0.2717
49d3c8a0-667e-4599-b8eb-1cd0e3449062	10	127263351	133411599	3128	-0.2314
49d3c8a0-667e-4599-b8eb-1cd0e3449062	11	456012	16174342	9685	0.0873
49d3c8a0-667e-4599-b8eb-1cd0e3449062	11	16174395	16930379	448	0.2918
49d3c8a0-667e-4599-b8eb-1cd0e3449062	11	16930935	17377058	259	0.1501
49d3c8a0-667e-4599-b8eb-1cd0e3449062	11	17378797	23704903	4692	0.2872
49d3c8a0-667e-4599-b8eb-1cd0e3449062	11	23705633	29493135	3523	0.1107
49d3c8a0-667e-4599-b8eb-1cd0e3449062	11	29493292	57408638	12629	0.2074
49d3c8a0-667e-4599-b8eb-1cd0e3449062	11	57409987	57607473	94	0.1016
49d3c8a0-667e-4599-b8eb-1cd0e3449062	11	57609986	60900435	1853	-0.1372
49d3c8a0-667e-4599-b8eb-1cd0e3449062	11	60909523	62433659	787	-0.0413
49d3c8a0-667e-4599-b8eb-1cd0e3449062	11	62433790	62910057	204	-0.1187
49d3c8a0-667e-4599-b8eb-1cd0e3449062	11	62911721	64350950	619	0.0424
49d3c8a0-667e-4599-b8eb-1cd0e3449062	11	64355593	64828200	201	0.2173
49d3c8a0-667e-4599-b8eb-1cd0e3449062	11	65902628	65985114	39	1.6654
49d3c8a0-667e-4599-b8eb-1cd0e3449062	11	65988237	68620981	848	1.0516
49d3c8a0-667e-4599-b8eb-1cd0e3449062	11	68621099	69248404	368	0.7318
49d3c8a0-667e-4599-b8eb-1cd0e3449062	11	69249233	69619812	221	1.1634
49d3c8a0-667e-4599-b8eb-1cd0e3449062	11	69620462	70106639	257	1.2815
49d3c8a0-667e-4599-b8eb-1cd0e3449062	11	70106704	70389762	150	1.0905
49d3c8a0-667e-4599-b8eb-1cd0e3449062	11	70390687	70937750	330	0.8764
49d3c8a0-667e-4599-b8eb-1cd0e3449062	11	70938094	71571922	364	0.753
49d3c8a0-667e-4599-b8eb-1cd0e3449062	11	71572999	71649144	22	0.9064
49d3c8a0-667e-4599-b8eb-1cd0e3449062	11	71649248	72370929	249	0.6397
49d3c8a0-667e-4599-b8eb-1cd0e3449062	11	72371028	74789928	1229	0.7703
49d3c8a0-667e-4599-b8eb-1cd0e3449062	11	74792123	75451873	361	0.9768
49d3c8a0-667e-4599-b8eb-1cd0e3449062	11	75452009	76198575	396	1.1205
49d3c8a0-667e-4599-b8eb-1cd0e3449062	11	76199307	76649719	247	0.9782
49d3c8a0-667e-4599-b8eb-1cd0e3449062	11	76653029	76904746	171	1.3761
49d3c8a0-667e-4599-b8eb-1cd0e3449062	11	76907703	76938387	14	1.1
49d3c8a0-667e-4599-b8eb-1cd0e3449062	11	76948445	77276376	176	-0.0409
49d3c8a0-667e-4599-b8eb-1cd0e3449062	11	77276629	78575987	655	-0.114
49d3c8a0-667e-4599-b8eb-1cd0e3449062	11	78576013	96594444	11177	-0.0203
49d3c8a0-667e-4599-b8eb-1cd0e3449062	11	96594451	97355339	546	-0.2021
49d3c8a0-667e-4599-b8eb-1cd0e3449062	11	97355867	115725228	11659	-0.2654
49d3c8a0-667e-4599-b8eb-1cd0e3449062	11	115727659	130483567	10454	-0.1827
49d3c8a0-667e-4599-b8eb-1cd0e3449062	11	130484458	133649748	2088	-0.1231
49d3c8a0-667e-4599-b8eb-1cd0e3449062	11	133650312	134272740	275	-0.1929
49d3c8a0-667e-4599-b8eb-1cd0e3449062	12	780472	878316	40	0.2605
49d3c8a0-667e-4599-b8eb-1cd0e3449062	12	878453	1056560	91	0.0985
49d3c8a0-667e-4599-b8eb-1cd0e3449062	12	1058838	2019919	223	0.2455
49d3c8a0-667e-4599-b8eb-1cd0e3449062	12	2020203	5899548	2920	0.1012
49d3c8a0-667e-4599-b8eb-1cd0e3449062	12	5899714	13251151	3526	0.0598
49d3c8a0-667e-4599-b8eb-1cd0e3449062	12	13251498	27434105	9009	0.1117
49d3c8a0-667e-4599-b8eb-1cd0e3449062	12	27435893	29978310	1654	0.1734
49d3c8a0-667e-4599-b8eb-1cd0e3449062	12	29980175	40398422	3016	0.381
49d3c8a0-667e-4599-b8eb-1cd0e3449062	12	40398498	41634677	923	0.5938
49d3c8a0-667e-4599-b8eb-1cd0e3449062	12	41672741	43811608	928	0.4615
49d3c8a0-667e-4599-b8eb-1cd0e3449062	12	43811616	43912725	53	0.5904
49d3c8a0-667e-4599-b8eb-1cd0e3449062	12	43913191	44535904	364	0.7644
49d3c8a0-667e-4599-b8eb-1cd0e3449062	12	44536778	44537288	3	-0.223
49d3c8a0-667e-4599-b8eb-1cd0e3449062	12	44538206	44621348	57	0.7847
49d3c8a0-667e-4599-b8eb-1cd0e3449062	12	44621548	44644193	14	0.4247
49d3c8a0-667e-4599-b8eb-1cd0e3449062	12	44648677	44673536	19	0.1526
49d3c8a0-667e-4599-b8eb-1cd0e3449062	12	44677258	44725956	26	-0.1266
49d3c8a0-667e-4599-b8eb-1cd0e3449062	12	44727618	44918372	113	0.2204
49d3c8a0-667e-4599-b8eb-1cd0e3449062	12	44920688	58044086	6877	0.0817
49d3c8a0-667e-4599-b8eb-1cd0e3449062	12	58044536	69473514	7283	0.1379
49d3c8a0-667e-4599-b8eb-1cd0e3449062	12	69482397	74203021	2634	0.2992
49d3c8a0-667e-4599-b8eb-1cd0e3449062	12	74203643	74785641	364	0.151
49d3c8a0-667e-4599-b8eb-1cd0e3449062	12	74792132	74792534	3	-1.5549
49d3c8a0-667e-4599-b8eb-1cd0e3449062	12	74793920	80446147	3630	0.1345
49d3c8a0-667e-4599-b8eb-1cd0e3449062	12	80446276	80456533	2	-1.9265
49d3c8a0-667e-4599-b8eb-1cd0e3449062	12	80458189	85957209	3282	0.1187
49d3c8a0-667e-4599-b8eb-1cd0e3449062	12	85957395	96735067	6557	0.0706
49d3c8a0-667e-4599-b8eb-1cd0e3449062	12	96735371	98544934	1361	0.1432
49d3c8a0-667e-4599-b8eb-1cd0e3449062	12	98545342	109644595	6966	0.2293
49d3c8a0-667e-4599-b8eb-1cd0e3449062	12	109645420	112551506	1350	0.1588
49d3c8a0-667e-4599-b8eb-1cd0e3449062	12	112552058	116086075	2415	0.2429
49d3c8a0-667e-4599-b8eb-1cd0e3449062	12	116090662	118161425	1369	0.1879
49d3c8a0-667e-4599-b8eb-1cd0e3449062	12	118162155	119792138	1045	0.2559
49d3c8a0-667e-4599-b8eb-1cd0e3449062	12	119792160	122922107	1409	0.1589
49d3c8a0-667e-4599-b8eb-1cd0e3449062	12	122926707	125152614	1152	0.2371
49d3c8a0-667e-4599-b8eb-1cd0e3449062	12	125156485	131769193	3251	0.299
49d3c8a0-667e-4599-b8eb-1cd0e3449062	12	131776139	132605822	155	0.2181
49d3c8a0-667e-4599-b8eb-1cd0e3449062	13	18874255	28245836	5300	-0.3176
49d3c8a0-667e-4599-b8eb-1cd0e3449062	13	28246595	31122794	2174	-0.5424
49d3c8a0-667e-4599-b8eb-1cd0e3449062	13	31122939	43577772	8065	-0.4725
49d3c8a0-667e-4599-b8eb-1cd0e3449062	13	43578012	53049779	5036	-0.5082
49d3c8a0-667e-4599-b8eb-1cd0e3449062	13	53052795	72532825	9786	-0.4452
49d3c8a0-667e-4599-b8eb-1cd0e3449062	13	72534141	82029929	6194	-0.4763
49d3c8a0-667e-4599-b8eb-1cd0e3449062	13	82030469	82031755	2	-2.4763
49d3c8a0-667e-4599-b8eb-1cd0e3449062	13	82032479	84402214	1269	-0.4498
49d3c8a0-667e-4599-b8eb-1cd0e3449062	13	84402834	94378689	5972	-0.7976
49d3c8a0-667e-4599-b8eb-1cd0e3449062	13	94379384	100840063	3974	-0.3597
49d3c8a0-667e-4599-b8eb-1cd0e3449062	13	100840439	110342413	6945	-0.3202
49d3c8a0-667e-4599-b8eb-1cd0e3449062	13	110342758	114226675	1959	-0.3651
49d3c8a0-667e-4599-b8eb-1cd0e3449062	14	20033191	21634589	905	0.2221
49d3c8a0-667e-4599-b8eb-1cd0e3449062	14	21634977	24575006	849	0.1029
49d3c8a0-667e-4599-b8eb-1cd0e3449062	14	24576478	33584493	5510	0.1701
49d3c8a0-667e-4599-b8eb-1cd0e3449062	14	33584660	34359532	602	0.3014
49d3c8a0-667e-4599-b8eb-1cd0e3449062	14	34362708	34858439	206	0.1456
49d3c8a0-667e-4599-b8eb-1cd0e3449062	14	34859119	35420807	208	0.0316
49d3c8a0-667e-4599-b8eb-1cd0e3449062	14	35421438	47121265	5556	0.1679
49d3c8a0-667e-4599-b8eb-1cd0e3449062	14	47121462	49444492	1270	0.221
49d3c8a0-667e-4599-b8eb-1cd0e3449062	14	49447708	61009242	7333	0.1592
49d3c8a0-667e-4599-b8eb-1cd0e3449062	14	61016953	61091995	29	0.8097
49d3c8a0-667e-4599-b8eb-1cd0e3449062	14	61092079	78053733	10308	0.1481
49d3c8a0-667e-4599-b8eb-1cd0e3449062	14	78054772	83415883	3600	0.2121
49d3c8a0-667e-4599-b8eb-1cd0e3449062	14	83421178	85237079	1150	0.1505
49d3c8a0-667e-4599-b8eb-1cd0e3449062	14	85237586	85642603	295	0.0572
49d3c8a0-667e-4599-b8eb-1cd0e3449062	14	85642817	87015281	817	0.1243
49d3c8a0-667e-4599-b8eb-1cd0e3449062	14	87015403	96913264	6324	0.0468
49d3c8a0-667e-4599-b8eb-1cd0e3449062	14	96914261	99317068	1800	0.1142
49d3c8a0-667e-4599-b8eb-1cd0e3449062	14	99317185	100768557	814	0.0318
49d3c8a0-667e-4599-b8eb-1cd0e3449062	14	100772362	101445374	454	0.1084
49d3c8a0-667e-4599-b8eb-1cd0e3449062	14	101445733	105533894	1547	0.0134
49d3c8a0-667e-4599-b8eb-1cd0e3449062	15	23437561	32908457	3522	-0.2835
49d3c8a0-667e-4599-b8eb-1cd0e3449062	15	32910224	32910401	2	-2.3111
49d3c8a0-667e-4599-b8eb-1cd0e3449062	15	32912041	40455865	5046	-0.2849
49d3c8a0-667e-4599-b8eb-1cd0e3449062	15	40459935	40696765	120	0.1528
49d3c8a0-667e-4599-b8eb-1cd0e3449062	15	40696908	41791535	471	-0.3331
49d3c8a0-667e-4599-b8eb-1cd0e3449062	15	41791599	41954360	73	0.2074
49d3c8a0-667e-4599-b8eb-1cd0e3449062	15	41966192	42222099	174	-0.3256
49d3c8a0-667e-4599-b8eb-1cd0e3449062	15	42224528	42503820	161	0.1672
49d3c8a0-667e-4599-b8eb-1cd0e3449062	15	42508859	44279409	705	-0.3117
49d3c8a0-667e-4599-b8eb-1cd0e3449062	15	44287656	44371442	28	0.1093
49d3c8a0-667e-4599-b8eb-1cd0e3449062	15	44371757	44567475	79	-0.2671
49d3c8a0-667e-4599-b8eb-1cd0e3449062	15	44568698	46118638	735	0.1743
49d3c8a0-667e-4599-b8eb-1cd0e3449062	15	46119551	48614260	1678	0.2483
49d3c8a0-667e-4599-b8eb-1cd0e3449062	15	48614380	52870720	2482	0.1964
49d3c8a0-667e-4599-b8eb-1cd0e3449062	15	52871257	54897508	1550	0.2757
49d3c8a0-667e-4599-b8eb-1cd0e3449062	15	54900440	76105387	12943	0.1324
49d3c8a0-667e-4599-b8eb-1cd0e3449062	15	76105865	76177635	50	0.5053
49d3c8a0-667e-4599-b8eb-1cd0e3449062	15	76178393	76412021	129	0.1498
49d3c8a0-667e-4599-b8eb-1cd0e3449062	15	76413622	76506571	67	0.5528
49d3c8a0-667e-4599-b8eb-1cd0e3449062	15	76508021	77221337	270	0.1001
49d3c8a0-667e-4599-b8eb-1cd0e3449062	15	77223221	77306322	17	0.7545
49d3c8a0-667e-4599-b8eb-1cd0e3449062	15	77307255	77596765	153	0.4765
49d3c8a0-667e-4599-b8eb-1cd0e3449062	15	77599598	77630867	17	0.6302
49d3c8a0-667e-4599-b8eb-1cd0e3449062	15	77633918	77867705	129	0.143
49d3c8a0-667e-4599-b8eb-1cd0e3449062	15	77869961	80623398	1799	0.4987
49d3c8a0-667e-4599-b8eb-1cd0e3449062	15	80624123	83684121	1632	0.151
49d3c8a0-667e-4599-b8eb-1cd0e3449062	15	83689508	83884328	110	0.5215
49d3c8a0-667e-4599-b8eb-1cd0e3449062	15	83884370	84873145	328	0.1114
49d3c8a0-667e-4599-b8eb-1cd0e3449062	15	84873168	85863050	400	0.4934
49d3c8a0-667e-4599-b8eb-1cd0e3449062	15	85863476	91185029	3406	0.1557
49d3c8a0-667e-4599-b8eb-1cd0e3449062	15	91194535	101344124	6355	0.5464
49d3c8a0-667e-4599-b8eb-1cd0e3449062	16	603333	2477074	508	0.0396
49d3c8a0-667e-4599-b8eb-1cd0e3449062	16	2481867	5327918	1304	-0.0393
49d3c8a0-667e-4599-b8eb-1cd0e3449062	16	5328060	10190941	3250	0.0524
49d3c8a0-667e-4599-b8eb-1cd0e3449062	16	10191222	12344660	1406	-0.0535
49d3c8a0-667e-4599-b8eb-1cd0e3449062	16	12344694	14262496	1575	0.0331
49d3c8a0-667e-4599-b8eb-1cd0e3449062	16	14263063	25374319	3146	-0.0255
49d3c8a0-667e-4599-b8eb-1cd0e3449062	16	25378457	27081728	1367	0.0446
49d3c8a0-667e-4599-b8eb-1cd0e3449062	16	27082053	46738584	1505	-0.0457
49d3c8a0-667e-4599-b8eb-1cd0e3449062	16	46740477	46765344	21	-0.4533
49d3c8a0-667e-4599-b8eb-1cd0e3449062	16	46768077	50644120	2210	-0.2632
49d3c8a0-667e-4599-b8eb-1cd0e3449062	16	50644277	52696494	1542	-0.4243
49d3c8a0-667e-4599-b8eb-1cd0e3449062	16	52699242	55579006	2250	-0.0771
49d3c8a0-667e-4599-b8eb-1cd0e3449062	16	55579610	55939115	247	-0.4701
49d3c8a0-667e-4599-b8eb-1cd0e3449062	16	55945592	56401314	286	-0.0147
49d3c8a0-667e-4599-b8eb-1cd0e3449062	16	56401812	58712625	1348	-0.1311
49d3c8a0-667e-4599-b8eb-1cd0e3449062	16	58713755	58808347	64	-0.0074
49d3c8a0-667e-4599-b8eb-1cd0e3449062	16	58809060	58809200	2	-1.3939
49d3c8a0-667e-4599-b8eb-1cd0e3449062	16	58812947	59486254	452	-0.0367
49d3c8a0-667e-4599-b8eb-1cd0e3449062	16	59487041	60705101	756	-0.3872
49d3c8a0-667e-4599-b8eb-1cd0e3449062	16	60709450	61476165	443	0.3662
49d3c8a0-667e-4599-b8eb-1cd0e3449062	16	61482525	62571751	688	0.0889
49d3c8a0-667e-4599-b8eb-1cd0e3449062	16	62574449	62870898	205	0.3764
49d3c8a0-667e-4599-b8eb-1cd0e3449062	16	62873038	62926200	37	0.5237
49d3c8a0-667e-4599-b8eb-1cd0e3449062	16	62927428	63462110	285	0.3956
49d3c8a0-667e-4599-b8eb-1cd0e3449062	16	63480808	63935032	308	0.5888
49d3c8a0-667e-4599-b8eb-1cd0e3449062	16	63939627	64195121	159	0.3568
49d3c8a0-667e-4599-b8eb-1cd0e3449062	16	64196588	64952378	553	0.5633
49d3c8a0-667e-4599-b8eb-1cd0e3449062	16	64953634	66248729	1037	0.361
49d3c8a0-667e-4599-b8eb-1cd0e3449062	16	66250215	73181050	3023	0.2751
49d3c8a0-667e-4599-b8eb-1cd0e3449062	16	73182713	73377471	151	0.3546
49d3c8a0-667e-4599-b8eb-1cd0e3449062	16	73378313	83575668	7974	-0.3815
49d3c8a0-667e-4599-b8eb-1cd0e3449062	16	83580036	84148194	464	-0.0577
49d3c8a0-667e-4599-b8eb-1cd0e3449062	16	84900412	89317317	2458	-0.4453
49d3c8a0-667e-4599-b8eb-1cd0e3449062	17	1074619	1298672	29	-0.176
49d3c8a0-667e-4599-b8eb-1cd0e3449062	17	1300323	4520864	1499	0.007
49d3c8a0-667e-4599-b8eb-1cd0e3449062	17	4521122	9890711	3007	-0.1852
49d3c8a0-667e-4599-b8eb-1cd0e3449062	17	9890879	17123886	3545	-0.1188
49d3c8a0-667e-4599-b8eb-1cd0e3449062	17	17124143	17857475	419	-0.1627
49d3c8a0-667e-4599-b8eb-1cd0e3449062	17	17859020	21399695	1205	0.2746
49d3c8a0-667e-4599-b8eb-1cd0e3449062	17	21774057	32711076	2544	0.0961
49d3c8a0-667e-4599-b8eb-1cd0e3449062	17	32713264	34852943	976	0.1554
49d3c8a0-667e-4599-b8eb-1cd0e3449062	17	34854889	51528569	7000	0.0871
49d3c8a0-667e-4599-b8eb-1cd0e3449062	17	51530058	56691237	3426	0.1784
49d3c8a0-667e-4599-b8eb-1cd0e3449062	17	56691638	62053928	2874	0.1069
49d3c8a0-667e-4599-b8eb-1cd0e3449062	17	62054856	75082467	7391	0.2294
49d3c8a0-667e-4599-b8eb-1cd0e3449062	17	75082735	75848329	299	0.1188
49d3c8a0-667e-4599-b8eb-1cd0e3449062	17	75851305	82959812	2943	0.2332
49d3c8a0-667e-4599-b8eb-1cd0e3449062	18	326691	367725	45	-0.5444
49d3c8a0-667e-4599-b8eb-1cd0e3449062	18	891647	1444921	312	0.1623
49d3c8a0-667e-4599-b8eb-1cd0e3449062	18	1444935	4712963	1861	0.031
49d3c8a0-667e-4599-b8eb-1cd0e3449062	18	4713290	10493911	3748	0.149
49d3c8a0-667e-4599-b8eb-1cd0e3449062	18	10494384	10642057	85	0.2297
49d3c8a0-667e-4599-b8eb-1cd0e3449062	18	10645844	11795806	766	0.3295
49d3c8a0-667e-4599-b8eb-1cd0e3449062	18	11798242	12069663	198	0.1993
49d3c8a0-667e-4599-b8eb-1cd0e3449062	18	12069674	21128631	1236	0.3601
49d3c8a0-667e-4599-b8eb-1cd0e3449062	18	21131323	24346198	1714	0.2205
49d3c8a0-667e-4599-b8eb-1cd0e3449062	18	24346837	30991776	4147	0.1267
49d3c8a0-667e-4599-b8eb-1cd0e3449062	18	30994765	33114271	1391	-0.1954
49d3c8a0-667e-4599-b8eb-1cd0e3449062	18	33118135	34114171	597	-0.0981
49d3c8a0-667e-4599-b8eb-1cd0e3449062	18	34115140	36286955	1167	0.1032
49d3c8a0-667e-4599-b8eb-1cd0e3449062	18	36287576	37073774	643	0.1887
49d3c8a0-667e-4599-b8eb-1cd0e3449062	18	37083141	37261364	77	0.3355
49d3c8a0-667e-4599-b8eb-1cd0e3449062	18	37267584	37344638	43	0.5807
49d3c8a0-667e-4599-b8eb-1cd0e3449062	18	37348676	37572600	173	0.3395
49d3c8a0-667e-4599-b8eb-1cd0e3449062	18	37574771	38369493	534	0.2251
49d3c8a0-667e-4599-b8eb-1cd0e3449062	18	38369550	38439617	54	-0.1357
49d3c8a0-667e-4599-b8eb-1cd0e3449062	18	38439957	38472393	33	0.2363
49d3c8a0-667e-4599-b8eb-1cd0e3449062	18	38473584	57797291	12217	-0.1959
49d3c8a0-667e-4599-b8eb-1cd0e3449062	18	57798675	57805084	3	-1.4819
49d3c8a0-667e-4599-b8eb-1cd0e3449062	18	57806419	79349796	11765	-0.1898
49d3c8a0-667e-4599-b8eb-1cd0e3449062	19	283868	13285861	4683	0.2164
49d3c8a0-667e-4599-b8eb-1cd0e3449062	19	13287421	15036799	814	0.3284
49d3c8a0-667e-4599-b8eb-1cd0e3449062	19	15038019	17060879	1086	0.2372
49d3c8a0-667e-4599-b8eb-1cd0e3449062	19	17060923	19368011	937	0.1042
49d3c8a0-667e-4599-b8eb-1cd0e3449062	19	19373308	19836130	195	0.3423
49d3c8a0-667e-4599-b8eb-1cd0e3449062	19	21064698	29684642	2828	0.1586
49d3c8a0-667e-4599-b8eb-1cd0e3449062	19	29685090	31080713	981	0.0674
49d3c8a0-667e-4599-b8eb-1cd0e3449062	19	31081484	35068462	2586	-0.0048
49d3c8a0-667e-4599-b8eb-1cd0e3449062	19	35071409	37760216	1329	0.2981
49d3c8a0-667e-4599-b8eb-1cd0e3449062	19	37774726	38934700	613	-0.2329
49d3c8a0-667e-4599-b8eb-1cd0e3449062	19	38935082	43553820	1681	-0.4187
49d3c8a0-667e-4599-b8eb-1cd0e3449062	19	43553896	43577347	22	-0.8687
49d3c8a0-667e-4599-b8eb-1cd0e3449062	19	43577449	43761943	114	-0.4645
49d3c8a0-667e-4599-b8eb-1cd0e3449062	19	43762247	46724564	1418	-0.052
49d3c8a0-667e-4599-b8eb-1cd0e3449062	19	46734030	47070350	117	-0.4111
49d3c8a0-667e-4599-b8eb-1cd0e3449062	19	47076096	55803773	3258	-0.0489
49d3c8a0-667e-4599-b8eb-1cd0e3449062	19	55805104	56821271	582	-0.3861
49d3c8a0-667e-4599-b8eb-1cd0e3449062	19	56823654	58288980	797	-0.6237
49d3c8a0-667e-4599-b8eb-1cd0e3449062	19	58290418	58370362	39	-0.3688
49d3c8a0-667e-4599-b8eb-1cd0e3449062	20	472817	885587	306	0.0683
49d3c8a0-667e-4599-b8eb-1cd0e3449062	20	905359	961022	56	0.5552
49d3c8a0-667e-4599-b8eb-1cd0e3449062	20	966371	6549643	3345	0.055
49d3c8a0-667e-4599-b8eb-1cd0e3449062	20	6550759	7137945	345	0.3867
49d3c8a0-667e-4599-b8eb-1cd0e3449062	20	7138291	7650211	361	0.5284
49d3c8a0-667e-4599-b8eb-1cd0e3449062	20	7653724	8739284	425	0.2568
49d3c8a0-667e-4599-b8eb-1cd0e3449062	20	8739805	8758852	17	0.4386
49d3c8a0-667e-4599-b8eb-1cd0e3449062	20	8759153	9434077	512	0.6743
49d3c8a0-667e-4599-b8eb-1cd0e3449062	20	9435393	11950577	1960	0.5006
49d3c8a0-667e-4599-b8eb-1cd0e3449062	20	11951084	12810239	618	0.3075
49d3c8a0-667e-4599-b8eb-1cd0e3449062	20	12814531	13755236	617	0.0916
49d3c8a0-667e-4599-b8eb-1cd0e3449062	20	13755583	16027993	1232	0.3086
49d3c8a0-667e-4599-b8eb-1cd0e3449062	20	16028612	16817129	726	0.2393
49d3c8a0-667e-4599-b8eb-1cd0e3449062	20	16817379	17813895	865	0.3061
49d3c8a0-667e-4599-b8eb-1cd0e3449062	20	17814408	18939714	799	0.2321
49d3c8a0-667e-4599-b8eb-1cd0e3449062	20	18940230	19551565	544	0.3502
49d3c8a0-667e-4599-b8eb-1cd0e3449062	20	19553639	26215627	4165	0.014
49d3c8a0-667e-4599-b8eb-1cd0e3449062	20	26217263	34515231	1587	0.3635
49d3c8a0-667e-4599-b8eb-1cd0e3449062	20	34522088	36439615	867	0.5543
49d3c8a0-667e-4599-b8eb-1cd0e3449062	20	36440382	37120013	372	0.2865
49d3c8a0-667e-4599-b8eb-1cd0e3449062	20	37120491	40288353	2088	0.4153
49d3c8a0-667e-4599-b8eb-1cd0e3449062	20	40291739	40375903	48	0.537
49d3c8a0-667e-4599-b8eb-1cd0e3449062	20	40376522	41730880	816	0.7985
49d3c8a0-667e-4599-b8eb-1cd0e3449062	20	41731384	41731388	5	-0.0129
49d3c8a0-667e-4599-b8eb-1cd0e3449062	20	41732145	43553532	1365	0.8282
49d3c8a0-667e-4599-b8eb-1cd0e3449062	20	43554262	44371199	543	0.5749
49d3c8a0-667e-4599-b8eb-1cd0e3449062	20	44371950	47128725	1809	0.1701
49d3c8a0-667e-4599-b8eb-1cd0e3449062	20	47129619	47496382	205	0.0219
49d3c8a0-667e-4599-b8eb-1cd0e3449062	20	47496497	53565881	3931	0.1621
49d3c8a0-667e-4599-b8eb-1cd0e3449062	20	53570245	53939438	221	0.0395
49d3c8a0-667e-4599-b8eb-1cd0e3449062	20	53939545	54763753	681	0.1364
49d3c8a0-667e-4599-b8eb-1cd0e3449062	20	54764368	55355125	435	0.2094
49d3c8a0-667e-4599-b8eb-1cd0e3449062	20	55355689	55356644	2	-1.1256
49d3c8a0-667e-4599-b8eb-1cd0e3449062	20	55358115	55942883	439	0.2267
49d3c8a0-667e-4599-b8eb-1cd0e3449062	20	55943190	63588502	5138	0.149
49d3c8a0-667e-4599-b8eb-1cd0e3449062	21	13974127	21296142	4683	-0.0524
49d3c8a0-667e-4599-b8eb-1cd0e3449062	21	21296619	23724466	1192	0.0142
49d3c8a0-667e-4599-b8eb-1cd0e3449062	21	23725082	27423179	2715	-0.0693
49d3c8a0-667e-4599-b8eb-1cd0e3449062	21	27424595	35977678	5596	0.205
49d3c8a0-667e-4599-b8eb-1cd0e3449062	21	35978761	36502287	227	0.0775
49d3c8a0-667e-4599-b8eb-1cd0e3449062	21	36502345	39842418	2425	0.1957
49d3c8a0-667e-4599-b8eb-1cd0e3449062	21	39844551	41331961	1272	0.2498
49d3c8a0-667e-4599-b8eb-1cd0e3449062	21	41336123	46262057	2417	0.1869
49d3c8a0-667e-4599-b8eb-1cd0e3449062	22	16934932	16982299	27	1.0325
49d3c8a0-667e-4599-b8eb-1cd0e3449062	22	16983056	25769762	1810	0.3129
49d3c8a0-667e-4599-b8eb-1cd0e3449062	22	25770782	26174685	413	0.4176
49d3c8a0-667e-4599-b8eb-1cd0e3449062	22	26179962	30160112	2865	0.3358
49d3c8a0-667e-4599-b8eb-1cd0e3449062	22	30160233	31381621	667	0.2322
49d3c8a0-667e-4599-b8eb-1cd0e3449062	22	31382595	31384583	2	-1.4426
49d3c8a0-667e-4599-b8eb-1cd0e3449062	22	31388932	33814083	1828	0.2441
49d3c8a0-667e-4599-b8eb-1cd0e3449062	22	33814679	33815605	7	-0.4831
49d3c8a0-667e-4599-b8eb-1cd0e3449062	22	33816214	35187914	1275	0.2791
49d3c8a0-667e-4599-b8eb-1cd0e3449062	22	35188030	41791669	3259	0.2088
49d3c8a0-667e-4599-b8eb-1cd0e3449062	22	41795536	46952938	3274	0.2603
49d3c8a0-667e-4599-b8eb-1cd0e3449062	22	46953822	48940621	1616	0.3175
49d3c8a0-667e-4599-b8eb-1cd0e3449062	X	3236359	3542253	224	0.2854
49d3c8a0-667e-4599-b8eb-1cd0e3449062	X	3543970	31194912	12377	0.0692
49d3c8a0-667e-4599-b8eb-1cd0e3449062	X	31197652	31524568	247	-0.3551
49d3c8a0-667e-4599-b8eb-1cd0e3449062	X	31526254	34015346	997	0.107
49d3c8a0-667e-4599-b8eb-1cd0e3449062	X	34015552	34813767	112	0.3138
49d3c8a0-667e-4599-b8eb-1cd0e3449062	X	34818669	43700147	4110	0.0774
49d3c8a0-667e-4599-b8eb-1cd0e3449062	X	43705919	48175099	2201	0.2863
49d3c8a0-667e-4599-b8eb-1cd0e3449062	X	48179914	48179933	2	-1.3183
49d3c8a0-667e-4599-b8eb-1cd0e3449062	X	48186627	72073409	7164	0.2998
49d3c8a0-667e-4599-b8eb-1cd0e3449062	X	72074791	80222537	2816	0.4259
49d3c8a0-667e-4599-b8eb-1cd0e3449062	X	80223096	80232504	14	-0.1358
49d3c8a0-667e-4599-b8eb-1cd0e3449062	X	80233576	80935822	285	0.4327
49d3c8a0-667e-4599-b8eb-1cd0e3449062	X	80936484	80936491	2	-1.0853
49d3c8a0-667e-4599-b8eb-1cd0e3449062	X	80942364	88121701	3456	0.4575
49d3c8a0-667e-4599-b8eb-1cd0e3449062	X	88125268	88333810	83	0.1762
49d3c8a0-667e-4599-b8eb-1cd0e3449062	X	88336495	88853842	259	0.8229
49d3c8a0-667e-4599-b8eb-1cd0e3449062	X	88855586	89180255	172	0.9869
49d3c8a0-667e-4599-b8eb-1cd0e3449062	X	89183262	100384749	3938	-0.2331
49d3c8a0-667e-4599-b8eb-1cd0e3449062	X	100388702	113875796	6416	-0.278
49d3c8a0-667e-4599-b8eb-1cd0e3449062	X	113876315	117631048	1411	-0.2425
49d3c8a0-667e-4599-b8eb-1cd0e3449062	X	117631298	121657821	2185	-0.1964
49d3c8a0-667e-4599-b8eb-1cd0e3449062	X	121659439	122485590	218	0.0265
49d3c8a0-667e-4599-b8eb-1cd0e3449062	X	122485973	123861867	845	-0.1616
49d3c8a0-667e-4599-b8eb-1cd0e3449062	X	123875420	124433834	328	0.0106
49d3c8a0-667e-4599-b8eb-1cd0e3449062	X	124435584	126494272	1007	-0.1724
49d3c8a0-667e-4599-b8eb-1cd0e3449062	X	126494630	155677414	12819	-0.2677
