GDC_Aliquot	Chromosome	Start	End	Num_Probes	Segment_Mean
154e9edd-b354-4e62-be0f-8b26ebddffbc	1	3301765	5248242	1371	-0.412
154e9edd-b354-4e62-be0f-8b26ebddffbc	1	5249195	22969890	9656	-0.3932
154e9edd-b354-4e62-be0f-8b26ebddffbc	1	22971017	45306599	11533	-0.3632
154e9edd-b354-4e62-be0f-8b26ebddffbc	1	45307456	53614571	4146	-0.4065
154e9edd-b354-4e62-be0f-8b26ebddffbc	1	53614608	102852113	30917	-0.4539
154e9edd-b354-4e62-be0f-8b26ebddffbc	1	102852687	102856163	2	-2.796
154e9edd-b354-4e62-be0f-8b26ebddffbc	1	102856785	107577150	2452	-0.4776
154e9edd-b354-4e62-be0f-8b26ebddffbc	1	107580248	112311629	2836	-0.382
154e9edd-b354-4e62-be0f-8b26ebddffbc	1	112313501	119817619	4580	-0.441
154e9edd-b354-4e62-be0f-8b26ebddffbc	1	119818525	161998978	6462	-0.3567
154e9edd-b354-4e62-be0f-8b26ebddffbc	1	161999240	165647644	2915	-0.4298
154e9edd-b354-4e62-be0f-8b26ebddffbc	1	165648684	165648735	2	-3.2039
154e9edd-b354-4e62-be0f-8b26ebddffbc	1	165650475	171804036	4349	-0.4099
154e9edd-b354-4e62-be0f-8b26ebddffbc	1	171804731	171805618	2	-3.4029
154e9edd-b354-4e62-be0f-8b26ebddffbc	1	171805969	172910738	729	-0.3727
154e9edd-b354-4e62-be0f-8b26ebddffbc	1	172913037	192885760	11957	-0.4366
154e9edd-b354-4e62-be0f-8b26ebddffbc	1	192893822	192894619	2	-3.2693
154e9edd-b354-4e62-be0f-8b26ebddffbc	1	192898397	200919628	4659	-0.4555
154e9edd-b354-4e62-be0f-8b26ebddffbc	1	200924512	208431062	4863	-0.3793
154e9edd-b354-4e62-be0f-8b26ebddffbc	1	208431989	216204681	5289	-0.4487
154e9edd-b354-4e62-be0f-8b26ebddffbc	1	216206038	218825542	1818	-0.5111
154e9edd-b354-4e62-be0f-8b26ebddffbc	1	218827464	221217036	1576	-0.4583
154e9edd-b354-4e62-be0f-8b26ebddffbc	1	221218444	235991255	9143	-0.4264
154e9edd-b354-4e62-be0f-8b26ebddffbc	1	235991919	247650984	7405	-0.4874
154e9edd-b354-4e62-be0f-8b26ebddffbc	2	480597	23450566	14892	-0.4276
154e9edd-b354-4e62-be0f-8b26ebddffbc	2	23452081	32052484	4679	-0.3746
154e9edd-b354-4e62-be0f-8b26ebddffbc	2	32055616	32055630	2	-3.7549
154e9edd-b354-4e62-be0f-8b26ebddffbc	2	32057465	35126194	1402	-0.4473
154e9edd-b354-4e62-be0f-8b26ebddffbc	2	35127206	48799621	8077	-0.3972
154e9edd-b354-4e62-be0f-8b26ebddffbc	2	48799789	60162719	6250	-0.4327
154e9edd-b354-4e62-be0f-8b26ebddffbc	2	60163131	65982351	3084	-0.382
154e9edd-b354-4e62-be0f-8b26ebddffbc	2	65984169	68231790	1556	-0.4495
154e9edd-b354-4e62-be0f-8b26ebddffbc	2	68233242	75772965	4200	-0.3686
154e9edd-b354-4e62-be0f-8b26ebddffbc	2	75773033	84359918	4561	-0.4509
154e9edd-b354-4e62-be0f-8b26ebddffbc	2	84359922	102751002	5377	-0.3818
154e9edd-b354-4e62-be0f-8b26ebddffbc	2	102751675	109532597	4107	-0.4277
154e9edd-b354-4e62-be0f-8b26ebddffbc	2	109540492	114144707	1764	-0.3616
154e9edd-b354-4e62-be0f-8b26ebddffbc	2	114148401	155675901	21980	-0.4356
154e9edd-b354-4e62-be0f-8b26ebddffbc	2	155676544	155874078	115	-3.3345
154e9edd-b354-4e62-be0f-8b26ebddffbc	2	155878536	229536366	42212	-0.4252
154e9edd-b354-4e62-be0f-8b26ebddffbc	2	229537135	241537572	6837	-0.3822
154e9edd-b354-4e62-be0f-8b26ebddffbc	3	2170634	8420557	3471	-0.4918
154e9edd-b354-4e62-be0f-8b26ebddffbc	3	8421299	18871871	6593	-0.4504
154e9edd-b354-4e62-be0f-8b26ebddffbc	3	18873797	23195698	2054	-0.5102
154e9edd-b354-4e62-be0f-8b26ebddffbc	3	23198566	23413756	99	-0.8011
154e9edd-b354-4e62-be0f-8b26ebddffbc	3	23415398	44852953	13004	-0.4812
154e9edd-b354-4e62-be0f-8b26ebddffbc	3	44854555	53164998	3780	-0.3884
154e9edd-b354-4e62-be0f-8b26ebddffbc	3	53165064	59652761	4243	-0.4811
154e9edd-b354-4e62-be0f-8b26ebddffbc	3	59653636	59654139	2	-3.6443
154e9edd-b354-4e62-be0f-8b26ebddffbc	3	59654241	116544790	29980	-0.4956
154e9edd-b354-4e62-be0f-8b26ebddffbc	3	116546195	123574134	4115	0.4958
154e9edd-b354-4e62-be0f-8b26ebddffbc	3	123574257	123574589	2	-1.0664
154e9edd-b354-4e62-be0f-8b26ebddffbc	3	123577930	124250804	388	0.5254
154e9edd-b354-4e62-be0f-8b26ebddffbc	3	124251211	124252017	3	-1.2385
154e9edd-b354-4e62-be0f-8b26ebddffbc	3	124257947	126068299	1117	0.5107
154e9edd-b354-4e62-be0f-8b26ebddffbc	3	126068789	131204990	2743	0.5485
154e9edd-b354-4e62-be0f-8b26ebddffbc	3	131205325	158895592	15022	0.4922
154e9edd-b354-4e62-be0f-8b26ebddffbc	3	158895630	158896525	3	-1.9409
154e9edd-b354-4e62-be0f-8b26ebddffbc	3	158897158	169210939	4857	0.4574
154e9edd-b354-4e62-be0f-8b26ebddffbc	3	169212223	173142671	2294	0.5144
154e9edd-b354-4e62-be0f-8b26ebddffbc	3	173144951	182434002	4560	0.4459
154e9edd-b354-4e62-be0f-8b26ebddffbc	3	182435648	185163372	1016	0.5201
154e9edd-b354-4e62-be0f-8b26ebddffbc	3	185165835	185178238	18	-4.9471
154e9edd-b354-4e62-be0f-8b26ebddffbc	3	185178496	191662841	4422	0.5086
154e9edd-b354-4e62-be0f-8b26ebddffbc	3	191666085	191666260	6	-1.326
154e9edd-b354-4e62-be0f-8b26ebddffbc	3	191677980	197812401	2513	0.5216
154e9edd-b354-4e62-be0f-8b26ebddffbc	4	1059384	10416807	4894	0.552
154e9edd-b354-4e62-be0f-8b26ebddffbc	4	10417046	15646847	3890	0.4653
154e9edd-b354-4e62-be0f-8b26ebddffbc	4	15651943	15714682	40	-0.5369
154e9edd-b354-4e62-be0f-8b26ebddffbc	4	15715698	35234502	12191	0.453
154e9edd-b354-4e62-be0f-8b26ebddffbc	4	35237997	35242243	5	-0.5519
154e9edd-b354-4e62-be0f-8b26ebddffbc	4	35243095	35253449	11	0.4678
154e9edd-b354-4e62-be0f-8b26ebddffbc	4	35253794	42638212	4542	0.4984
154e9edd-b354-4e62-be0f-8b26ebddffbc	4	42638908	73485099	14332	0.4337
154e9edd-b354-4e62-be0f-8b26ebddffbc	4	73486991	73526818	31	-0.5877
154e9edd-b354-4e62-be0f-8b26ebddffbc	4	73528288	90089504	9962	0.4567
154e9edd-b354-4e62-be0f-8b26ebddffbc	4	90094491	99202644	4857	0.4155
154e9edd-b354-4e62-be0f-8b26ebddffbc	4	99202969	114494754	8731	0.4497
154e9edd-b354-4e62-be0f-8b26ebddffbc	4	114495609	114496175	2	2.0582
154e9edd-b354-4e62-be0f-8b26ebddffbc	4	114496846	137922218	12067	0.4228
154e9edd-b354-4e62-be0f-8b26ebddffbc	4	137922788	142174579	2769	0.4528
154e9edd-b354-4e62-be0f-8b26ebddffbc	4	142175457	142445354	173	-0.5326
154e9edd-b354-4e62-be0f-8b26ebddffbc	4	142449225	143803133	784	0.4369
154e9edd-b354-4e62-be0f-8b26ebddffbc	4	143805010	143819606	9	-0.2497
154e9edd-b354-4e62-be0f-8b26ebddffbc	4	143819726	151521620	3868	0.4342
154e9edd-b354-4e62-be0f-8b26ebddffbc	4	151536612	153765550	1328	0.4834
154e9edd-b354-4e62-be0f-8b26ebddffbc	4	153768778	181360588	15120	0.4258
154e9edd-b354-4e62-be0f-8b26ebddffbc	4	181363071	181549057	153	-0.5867
154e9edd-b354-4e62-be0f-8b26ebddffbc	4	181549204	187842528	2893	0.4473
154e9edd-b354-4e62-be0f-8b26ebddffbc	5	913983	2732759	853	1.1381
154e9edd-b354-4e62-be0f-8b26ebddffbc	5	2734043	19724487	11058	1.0601
154e9edd-b354-4e62-be0f-8b26ebddffbc	5	19725356	30883963	5765	0.4428
154e9edd-b354-4e62-be0f-8b26ebddffbc	5	30884254	83705435	26795	0.4995
154e9edd-b354-4e62-be0f-8b26ebddffbc	5	83709368	87074412	1708	0.4278
154e9edd-b354-4e62-be0f-8b26ebddffbc	5	87074454	94389013	3612	0.4871
154e9edd-b354-4e62-be0f-8b26ebddffbc	5	94391836	97443695	1803	0.5407
154e9edd-b354-4e62-be0f-8b26ebddffbc	5	97445669	129168871	17339	0.4861
154e9edd-b354-4e62-be0f-8b26ebddffbc	5	129172116	131877947	1336	0.4641
154e9edd-b354-4e62-be0f-8b26ebddffbc	5	131879172	144519405	7414	0.5443
154e9edd-b354-4e62-be0f-8b26ebddffbc	5	144519477	146451308	1107	0.4657
154e9edd-b354-4e62-be0f-8b26ebddffbc	5	146453912	150997404	2993	0.5356
154e9edd-b354-4e62-be0f-8b26ebddffbc	5	151000344	151145925	136	0.6969
154e9edd-b354-4e62-be0f-8b26ebddffbc	5	151146340	152215344	770	0.5456
154e9edd-b354-4e62-be0f-8b26ebddffbc	5	152215393	157040040	3089	0.4803
154e9edd-b354-4e62-be0f-8b26ebddffbc	5	157042772	159886483	1907	0.5295
154e9edd-b354-4e62-be0f-8b26ebddffbc	5	159886640	168936599	5791	0.4616
154e9edd-b354-4e62-be0f-8b26ebddffbc	5	168936847	180578634	6750	0.5587
154e9edd-b354-4e62-be0f-8b26ebddffbc	5	180586575	180934240	97	0.4602
154e9edd-b354-4e62-be0f-8b26ebddffbc	6	1011760	8437041	5476	0.5477
154e9edd-b354-4e62-be0f-8b26ebddffbc	6	8440701	11041932	1583	0.4798
154e9edd-b354-4e62-be0f-8b26ebddffbc	6	11042603	14944746	2968	0.5619
154e9edd-b354-4e62-be0f-8b26ebddffbc	6	14948429	15249821	176	0.4277
154e9edd-b354-4e62-be0f-8b26ebddffbc	6	15250950	17109927	1237	0.5621
154e9edd-b354-4e62-be0f-8b26ebddffbc	6	17116403	24632304	5219	0.4761
154e9edd-b354-4e62-be0f-8b26ebddffbc	6	24632505	30234178	2217	0.5504
154e9edd-b354-4e62-be0f-8b26ebddffbc	6	30234794	37829536	3056	0.6116
154e9edd-b354-4e62-be0f-8b26ebddffbc	6	37830551	47128039	5867	0.56
154e9edd-b354-4e62-be0f-8b26ebddffbc	6	47128268	51672470	2554	0.4697
154e9edd-b354-4e62-be0f-8b26ebddffbc	6	51675264	54378330	1877	0.5251
154e9edd-b354-4e62-be0f-8b26ebddffbc	6	54379200	89415472	17127	0.4624
154e9edd-b354-4e62-be0f-8b26ebddffbc	6	89417179	89755121	196	0.2494
154e9edd-b354-4e62-be0f-8b26ebddffbc	6	89755519	104061215	7525	0.4552
154e9edd-b354-4e62-be0f-8b26ebddffbc	6	104092079	104805606	432	-0.5333
154e9edd-b354-4e62-be0f-8b26ebddffbc	6	104808348	104885274	35	0.3577
154e9edd-b354-4e62-be0f-8b26ebddffbc	6	104888363	105095479	99	-0.5954
154e9edd-b354-4e62-be0f-8b26ebddffbc	6	105096244	105164543	55	0.5118
154e9edd-b354-4e62-be0f-8b26ebddffbc	6	105165899	105171174	8	1.2202
154e9edd-b354-4e62-be0f-8b26ebddffbc	6	105171464	105345418	108	0.4488
154e9edd-b354-4e62-be0f-8b26ebddffbc	6	105346194	106519310	781	-0.4776
154e9edd-b354-4e62-be0f-8b26ebddffbc	6	106524247	106565390	41	0.6445
154e9edd-b354-4e62-be0f-8b26ebddffbc	6	106565971	106721733	109	-0.4878
154e9edd-b354-4e62-be0f-8b26ebddffbc	6	106724564	106837955	91	0.5187
154e9edd-b354-4e62-be0f-8b26ebddffbc	6	106841990	106855080	13	-0.6476
154e9edd-b354-4e62-be0f-8b26ebddffbc	6	106988904	107186118	118	0.4119
154e9edd-b354-4e62-be0f-8b26ebddffbc	6	107186812	108403124	753	-0.4561
154e9edd-b354-4e62-be0f-8b26ebddffbc	6	108406089	108532403	54	0.4749
154e9edd-b354-4e62-be0f-8b26ebddffbc	6	108535175	108730954	120	-0.4554
154e9edd-b354-4e62-be0f-8b26ebddffbc	6	108737224	108927399	131	0.5301
154e9edd-b354-4e62-be0f-8b26ebddffbc	6	108931038	108949790	17	0.9388
154e9edd-b354-4e62-be0f-8b26ebddffbc	6	108955585	109175882	87	-0.4301
154e9edd-b354-4e62-be0f-8b26ebddffbc	6	109179273	109243166	50	0.5985
154e9edd-b354-4e62-be0f-8b26ebddffbc	6	109243447	109268704	20	-0.215
154e9edd-b354-4e62-be0f-8b26ebddffbc	6	109269522	109310471	48	0.5613
154e9edd-b354-4e62-be0f-8b26ebddffbc	6	109314279	109380015	57	-0.4768
154e9edd-b354-4e62-be0f-8b26ebddffbc	6	109392096	109530734	77	0.516
154e9edd-b354-4e62-be0f-8b26ebddffbc	6	109531713	109644618	62	1.1065
154e9edd-b354-4e62-be0f-8b26ebddffbc	6	109650842	109687167	29	-0.4841
154e9edd-b354-4e62-be0f-8b26ebddffbc	6	109689174	109736016	31	0.6012
154e9edd-b354-4e62-be0f-8b26ebddffbc	6	109736999	109839298	68	-0.4044
154e9edd-b354-4e62-be0f-8b26ebddffbc	6	109840390	110032029	155	0.5168
154e9edd-b354-4e62-be0f-8b26ebddffbc	6	110035402	110043657	10	-0.428
154e9edd-b354-4e62-be0f-8b26ebddffbc	6	110049377	110142308	38	0.423
154e9edd-b354-4e62-be0f-8b26ebddffbc	6	110151542	110306397	76	-0.5059
154e9edd-b354-4e62-be0f-8b26ebddffbc	6	110306716	110522435	178	0.5413
154e9edd-b354-4e62-be0f-8b26ebddffbc	6	110522685	111587162	539	-0.4744
154e9edd-b354-4e62-be0f-8b26ebddffbc	6	111592087	111631172	34	0.5609
154e9edd-b354-4e62-be0f-8b26ebddffbc	6	111635267	111656711	10	-0.3438
154e9edd-b354-4e62-be0f-8b26ebddffbc	6	111661802	111708781	43	0.5155
154e9edd-b354-4e62-be0f-8b26ebddffbc	6	111708953	111858435	105	0.6628
154e9edd-b354-4e62-be0f-8b26ebddffbc	6	111858729	112011729	98	0.522
154e9edd-b354-4e62-be0f-8b26ebddffbc	6	112017755	112023621	7	1.2261
154e9edd-b354-4e62-be0f-8b26ebddffbc	6	112026529	112058033	25	0.5829
154e9edd-b354-4e62-be0f-8b26ebddffbc	6	112061631	112189460	96	-0.3966
154e9edd-b354-4e62-be0f-8b26ebddffbc	6	112195894	112393049	135	0.4901
154e9edd-b354-4e62-be0f-8b26ebddffbc	6	112400042	112447361	33	-0.4473
154e9edd-b354-4e62-be0f-8b26ebddffbc	6	112457106	112483577	13	0.4134
154e9edd-b354-4e62-be0f-8b26ebddffbc	6	112491838	113558370	706	-0.4951
154e9edd-b354-4e62-be0f-8b26ebddffbc	6	113560428	113719745	119	0.4624
154e9edd-b354-4e62-be0f-8b26ebddffbc	6	113721195	114024249	177	-0.5323
154e9edd-b354-4e62-be0f-8b26ebddffbc	6	114027378	114037360	11	0.6039
154e9edd-b354-4e62-be0f-8b26ebddffbc	6	114039204	114064176	20	-0.5049
154e9edd-b354-4e62-be0f-8b26ebddffbc	6	114066947	114135763	58	0.4725
154e9edd-b354-4e62-be0f-8b26ebddffbc	6	114136220	114146854	10	-0.5196
154e9edd-b354-4e62-be0f-8b26ebddffbc	6	114150294	114303343	75	0.5211
154e9edd-b354-4e62-be0f-8b26ebddffbc	6	114313294	114358554	28	-0.4953
154e9edd-b354-4e62-be0f-8b26ebddffbc	6	114364667	114364711	2	1.1799
154e9edd-b354-4e62-be0f-8b26ebddffbc	6	114365312	114401826	21	0.4134
154e9edd-b354-4e62-be0f-8b26ebddffbc	6	114405820	114407215	2	0.9528
154e9edd-b354-4e62-be0f-8b26ebddffbc	6	114407967	114413739	6	1.8187
154e9edd-b354-4e62-be0f-8b26ebddffbc	6	114415527	114581017	88	-0.5263
154e9edd-b354-4e62-be0f-8b26ebddffbc	6	114588196	114591190	3	1.0937
154e9edd-b354-4e62-be0f-8b26ebddffbc	6	114594974	114854526	143	-0.5244
154e9edd-b354-4e62-be0f-8b26ebddffbc	6	114857335	115196079	68	0.4927
154e9edd-b354-4e62-be0f-8b26ebddffbc	6	115220434	115297177	27	1.0619
154e9edd-b354-4e62-be0f-8b26ebddffbc	6	115299689	115301366	3	0.2998
154e9edd-b354-4e62-be0f-8b26ebddffbc	6	115302051	115459474	83	-0.4825
154e9edd-b354-4e62-be0f-8b26ebddffbc	6	115460725	115464032	5	0.3099
154e9edd-b354-4e62-be0f-8b26ebddffbc	6	115469370	115487588	15	-0.473
154e9edd-b354-4e62-be0f-8b26ebddffbc	6	115490965	115899036	290	0.4827
154e9edd-b354-4e62-be0f-8b26ebddffbc	6	115901693	115934828	23	-0.4177
154e9edd-b354-4e62-be0f-8b26ebddffbc	6	115940844	116201990	130	0.5101
154e9edd-b354-4e62-be0f-8b26ebddffbc	6	116208529	116336411	73	-0.5097
154e9edd-b354-4e62-be0f-8b26ebddffbc	6	116339211	116465999	80	0.5407
154e9edd-b354-4e62-be0f-8b26ebddffbc	6	116469163	116493205	14	-0.5134
154e9edd-b354-4e62-be0f-8b26ebddffbc	6	116498896	116508160	9	0.3322
154e9edd-b354-4e62-be0f-8b26ebddffbc	6	116511480	116566254	28	1.0708
154e9edd-b354-4e62-be0f-8b26ebddffbc	6	116568413	116754970	91	-0.4543
154e9edd-b354-4e62-be0f-8b26ebddffbc	6	116757612	116770102	11	0.3458
154e9edd-b354-4e62-be0f-8b26ebddffbc	6	116770520	118215002	845	-0.4989
154e9edd-b354-4e62-be0f-8b26ebddffbc	6	118216957	118227934	12	0.4649
154e9edd-b354-4e62-be0f-8b26ebddffbc	6	118816495	119495692	379	-0.5129
154e9edd-b354-4e62-be0f-8b26ebddffbc	6	119507239	120291049	445	1.0663
154e9edd-b354-4e62-be0f-8b26ebddffbc	6	120292892	120395432	58	0.4146
154e9edd-b354-4e62-be0f-8b26ebddffbc	6	120398657	120399213	3	-0.4263
154e9edd-b354-4e62-be0f-8b26ebddffbc	6	120400835	120637336	180	0.4685
154e9edd-b354-4e62-be0f-8b26ebddffbc	6	120645477	120799163	77	-0.4737
154e9edd-b354-4e62-be0f-8b26ebddffbc	6	120803576	120889698	44	0.4524
154e9edd-b354-4e62-be0f-8b26ebddffbc	6	120897134	120921747	16	1.1654
154e9edd-b354-4e62-be0f-8b26ebddffbc	6	120924262	120943995	19	-0.554
154e9edd-b354-4e62-be0f-8b26ebddffbc	6	120944355	120953406	9	0.8691
154e9edd-b354-4e62-be0f-8b26ebddffbc	6	120959654	121208428	133	0.4591
154e9edd-b354-4e62-be0f-8b26ebddffbc	6	121213885	121231136	9	-0.578
154e9edd-b354-4e62-be0f-8b26ebddffbc	6	121236263	121239990	3	0.7463
154e9edd-b354-4e62-be0f-8b26ebddffbc	6	121252339	121593805	181	-0.5389
154e9edd-b354-4e62-be0f-8b26ebddffbc	6	121598358	121678012	26	0.493
154e9edd-b354-4e62-be0f-8b26ebddffbc	6	121686998	121800852	59	-0.5609
154e9edd-b354-4e62-be0f-8b26ebddffbc	6	121803676	121808859	5	0.4678
154e9edd-b354-4e62-be0f-8b26ebddffbc	6	121812826	121837124	15	1.4676
154e9edd-b354-4e62-be0f-8b26ebddffbc	6	121839724	121842396	3	0.5279
154e9edd-b354-4e62-be0f-8b26ebddffbc	6	121844131	122140293	182	-0.4731
154e9edd-b354-4e62-be0f-8b26ebddffbc	6	122148826	122185099	21	0.68
154e9edd-b354-4e62-be0f-8b26ebddffbc	6	122190346	122308926	57	-0.4992
154e9edd-b354-4e62-be0f-8b26ebddffbc	6	122311590	122331866	12	0.4569
154e9edd-b354-4e62-be0f-8b26ebddffbc	6	122337078	122546445	126	-0.4883
154e9edd-b354-4e62-be0f-8b26ebddffbc	6	122555373	122913088	208	0.4454
154e9edd-b354-4e62-be0f-8b26ebddffbc	6	122917531	123380793	267	-0.5427
154e9edd-b354-4e62-be0f-8b26ebddffbc	6	123449625	123589433	72	0.4758
154e9edd-b354-4e62-be0f-8b26ebddffbc	6	123593320	125362931	1149	-0.5405
154e9edd-b354-4e62-be0f-8b26ebddffbc	6	125367147	125371244	6	0.6615
154e9edd-b354-4e62-be0f-8b26ebddffbc	6	125372547	125838424	318	-0.4898
154e9edd-b354-4e62-be0f-8b26ebddffbc	6	125841542	126047052	92	0.527
154e9edd-b354-4e62-be0f-8b26ebddffbc	6	126050642	126252433	111	-0.4889
154e9edd-b354-4e62-be0f-8b26ebddffbc	6	126258955	126511860	125	0.4781
154e9edd-b354-4e62-be0f-8b26ebddffbc	6	126522813	126684613	58	-0.5251
154e9edd-b354-4e62-be0f-8b26ebddffbc	6	126697429	126710768	7	0.7206
154e9edd-b354-4e62-be0f-8b26ebddffbc	6	126720111	128583544	1055	-0.4764
154e9edd-b354-4e62-be0f-8b26ebddffbc	6	128599066	128681408	53	0.4119
154e9edd-b354-4e62-be0f-8b26ebddffbc	6	128687405	128724844	29	1.0749
154e9edd-b354-4e62-be0f-8b26ebddffbc	6	128725447	129237277	353	0.4815
154e9edd-b354-4e62-be0f-8b26ebddffbc	6	129241467	129359764	80	-0.4951
154e9edd-b354-4e62-be0f-8b26ebddffbc	6	129362923	129371562	3	1.0419
154e9edd-b354-4e62-be0f-8b26ebddffbc	6	129378323	132023923	1770	-0.4786
154e9edd-b354-4e62-be0f-8b26ebddffbc	6	132027531	132030726	3	0.9943
154e9edd-b354-4e62-be0f-8b26ebddffbc	6	132034412	132991083	694	-0.4876
154e9edd-b354-4e62-be0f-8b26ebddffbc	6	132991658	132998508	7	0.5539
154e9edd-b354-4e62-be0f-8b26ebddffbc	6	133001965	135069698	1359	-0.5052
154e9edd-b354-4e62-be0f-8b26ebddffbc	6	135073770	135097119	13	0.4596
154e9edd-b354-4e62-be0f-8b26ebddffbc	6	135105179	135389556	276	-0.4335
154e9edd-b354-4e62-be0f-8b26ebddffbc	6	135390361	135394832	5	0.4795
154e9edd-b354-4e62-be0f-8b26ebddffbc	6	135400147	135869345	271	-0.4667
154e9edd-b354-4e62-be0f-8b26ebddffbc	6	135869464	135999676	109	0.5268
154e9edd-b354-4e62-be0f-8b26ebddffbc	6	136000027	136502955	336	-0.4809
154e9edd-b354-4e62-be0f-8b26ebddffbc	6	136505650	136634278	90	1.0873
154e9edd-b354-4e62-be0f-8b26ebddffbc	6	136636526	136988049	167	-0.5443
154e9edd-b354-4e62-be0f-8b26ebddffbc	6	136990289	137128126	85	0.4964
154e9edd-b354-4e62-be0f-8b26ebddffbc	6	137139281	137748921	477	-0.4244
154e9edd-b354-4e62-be0f-8b26ebddffbc	6	137749100	137778616	21	0.5596
154e9edd-b354-4e62-be0f-8b26ebddffbc	6	137797700	138233035	278	-0.4417
154e9edd-b354-4e62-be0f-8b26ebddffbc	6	138235541	138401680	109	0.4333
154e9edd-b354-4e62-be0f-8b26ebddffbc	6	138406541	138910144	320	-0.5212
154e9edd-b354-4e62-be0f-8b26ebddffbc	6	138912123	139090262	122	0.4744
154e9edd-b354-4e62-be0f-8b26ebddffbc	6	139097439	139226520	77	-0.44
154e9edd-b354-4e62-be0f-8b26ebddffbc	6	139227930	139496221	164	0.4921
154e9edd-b354-4e62-be0f-8b26ebddffbc	6	139507779	139936129	276	-0.4862
154e9edd-b354-4e62-be0f-8b26ebddffbc	6	139938189	140025093	40	0.4721
154e9edd-b354-4e62-be0f-8b26ebddffbc	6	140032527	140236063	97	-0.5589
154e9edd-b354-4e62-be0f-8b26ebddffbc	6	140236841	140254444	9	0.6245
154e9edd-b354-4e62-be0f-8b26ebddffbc	6	140257357	140647155	103	-0.4338
154e9edd-b354-4e62-be0f-8b26ebddffbc	6	140936436	140989528	33	0.4929
154e9edd-b354-4e62-be0f-8b26ebddffbc	6	140993998	141659260	330	-0.5128
154e9edd-b354-4e62-be0f-8b26ebddffbc	6	141666447	142254255	275	0.4783
154e9edd-b354-4e62-be0f-8b26ebddffbc	6	142259815	142794623	343	-0.4581
154e9edd-b354-4e62-be0f-8b26ebddffbc	6	142796637	142830607	25	0.5234
154e9edd-b354-4e62-be0f-8b26ebddffbc	6	142830949	143117547	159	-0.4249
154e9edd-b354-4e62-be0f-8b26ebddffbc	6	143120304	143227440	63	0.5681
154e9edd-b354-4e62-be0f-8b26ebddffbc	6	143228784	143330832	78	-0.4197
154e9edd-b354-4e62-be0f-8b26ebddffbc	6	143331740	143553125	197	0.5162
154e9edd-b354-4e62-be0f-8b26ebddffbc	6	143554621	144519735	620	-0.4518
154e9edd-b354-4e62-be0f-8b26ebddffbc	6	144520555	144805118	182	0.4941
154e9edd-b354-4e62-be0f-8b26ebddffbc	6	144810571	144984877	150	-0.4674
154e9edd-b354-4e62-be0f-8b26ebddffbc	6	144989878	145043315	35	0.4882
154e9edd-b354-4e62-be0f-8b26ebddffbc	6	145055349	145185452	74	-0.3625
154e9edd-b354-4e62-be0f-8b26ebddffbc	6	145230562	145286991	58	0.5237
154e9edd-b354-4e62-be0f-8b26ebddffbc	6	145295395	145407178	76	-0.5481
154e9edd-b354-4e62-be0f-8b26ebddffbc	6	145407797	146207901	400	0.4902
154e9edd-b354-4e62-be0f-8b26ebddffbc	6	146212780	146832182	402	-0.4992
154e9edd-b354-4e62-be0f-8b26ebddffbc	6	146838478	147155803	213	0.5108
154e9edd-b354-4e62-be0f-8b26ebddffbc	6	147159102	147249587	56	-0.537
154e9edd-b354-4e62-be0f-8b26ebddffbc	6	147258763	147274518	11	1.2016
154e9edd-b354-4e62-be0f-8b26ebddffbc	6	147276234	147390758	61	-0.4936
154e9edd-b354-4e62-be0f-8b26ebddffbc	6	147395203	147442244	33	0.4227
154e9edd-b354-4e62-be0f-8b26ebddffbc	6	147443131	147474187	13	1.121
154e9edd-b354-4e62-be0f-8b26ebddffbc	6	147489631	147698808	157	0.4508
154e9edd-b354-4e62-be0f-8b26ebddffbc	6	147700999	147746981	26	-0.4873
154e9edd-b354-4e62-be0f-8b26ebddffbc	6	147750195	147904740	114	0.4364
154e9edd-b354-4e62-be0f-8b26ebddffbc	6	147906772	148369123	377	-0.5149
154e9edd-b354-4e62-be0f-8b26ebddffbc	6	148371999	148535149	133	0.4467
154e9edd-b354-4e62-be0f-8b26ebddffbc	6	148538097	148547752	7	1.2444
154e9edd-b354-4e62-be0f-8b26ebddffbc	6	148552930	148635454	72	0.5073
154e9edd-b354-4e62-be0f-8b26ebddffbc	6	148646778	148653138	4	1.2093
154e9edd-b354-4e62-be0f-8b26ebddffbc	6	148653983	148708823	38	0.4656
154e9edd-b354-4e62-be0f-8b26ebddffbc	6	148713520	148750828	21	-0.5132
154e9edd-b354-4e62-be0f-8b26ebddffbc	6	148751675	148874287	101	0.5397
154e9edd-b354-4e62-be0f-8b26ebddffbc	6	148879583	149521832	463	-0.4755
154e9edd-b354-4e62-be0f-8b26ebddffbc	6	149527843	149555940	10	0.515
154e9edd-b354-4e62-be0f-8b26ebddffbc	6	149564520	150076359	269	-0.4281
154e9edd-b354-4e62-be0f-8b26ebddffbc	6	150086471	150131015	30	0.5399
154e9edd-b354-4e62-be0f-8b26ebddffbc	6	150139657	150176044	23	-0.5052
154e9edd-b354-4e62-be0f-8b26ebddffbc	6	150178179	150186387	14	0.4485
154e9edd-b354-4e62-be0f-8b26ebddffbc	6	150187421	150256176	54	-0.4796
154e9edd-b354-4e62-be0f-8b26ebddffbc	6	150260057	150400322	113	0.5376
154e9edd-b354-4e62-be0f-8b26ebddffbc	6	150400746	150406979	4	1.4719
154e9edd-b354-4e62-be0f-8b26ebddffbc	6	150407305	150422228	16	0.5945
154e9edd-b354-4e62-be0f-8b26ebddffbc	6	150423067	150428398	6	1.3918
154e9edd-b354-4e62-be0f-8b26ebddffbc	6	150428847	150438666	13	0.5732
154e9edd-b354-4e62-be0f-8b26ebddffbc	6	150445069	150965871	381	-0.5404
154e9edd-b354-4e62-be0f-8b26ebddffbc	6	150967610	151042143	53	0.4598
154e9edd-b354-4e62-be0f-8b26ebddffbc	6	151048612	151055449	11	1.3742
154e9edd-b354-4e62-be0f-8b26ebddffbc	6	151063279	151197174	91	0.408
154e9edd-b354-4e62-be0f-8b26ebddffbc	6	151199090	152010151	602	-0.5238
154e9edd-b354-4e62-be0f-8b26ebddffbc	6	152020246	152020413	3	1.1685
154e9edd-b354-4e62-be0f-8b26ebddffbc	6	152027623	152687440	501	-0.4869
154e9edd-b354-4e62-be0f-8b26ebddffbc	6	152689785	152732268	29	0.4683
154e9edd-b354-4e62-be0f-8b26ebddffbc	6	152733833	153146334	308	-0.5064
154e9edd-b354-4e62-be0f-8b26ebddffbc	6	153146988	153150857	3	0.9987
154e9edd-b354-4e62-be0f-8b26ebddffbc	6	153151092	153284027	96	-0.5001
154e9edd-b354-4e62-be0f-8b26ebddffbc	6	153286187	153409974	86	0.459
154e9edd-b354-4e62-be0f-8b26ebddffbc	6	153416612	153421778	5	1.1891
154e9edd-b354-4e62-be0f-8b26ebddffbc	6	153421935	153807105	269	0.4549
154e9edd-b354-4e62-be0f-8b26ebddffbc	6	153818270	155655401	1211	-0.5142
154e9edd-b354-4e62-be0f-8b26ebddffbc	6	155658547	155658955	3	2.2064
154e9edd-b354-4e62-be0f-8b26ebddffbc	6	155665297	155976738	233	0.477
154e9edd-b354-4e62-be0f-8b26ebddffbc	6	155977509	155978524	3	1.4686
154e9edd-b354-4e62-be0f-8b26ebddffbc	6	155978826	156062725	64	0.516
154e9edd-b354-4e62-be0f-8b26ebddffbc	6	156066580	156102001	38	-0.4262
154e9edd-b354-4e62-be0f-8b26ebddffbc	6	156104053	156269248	99	0.4864
154e9edd-b354-4e62-be0f-8b26ebddffbc	6	156274363	157506828	633	-0.4893
154e9edd-b354-4e62-be0f-8b26ebddffbc	6	157512027	157514124	3	0.7762
154e9edd-b354-4e62-be0f-8b26ebddffbc	6	157531128	157910300	226	-0.4858
154e9edd-b354-4e62-be0f-8b26ebddffbc	6	157911308	158068831	114	0.5285
154e9edd-b354-4e62-be0f-8b26ebddffbc	6	158073536	158454993	263	-0.435
154e9edd-b354-4e62-be0f-8b26ebddffbc	6	158456103	158465710	15	0.3703
154e9edd-b354-4e62-be0f-8b26ebddffbc	6	158468534	158919836	227	-0.4868
154e9edd-b354-4e62-be0f-8b26ebddffbc	6	158921719	159011627	47	0.4933
154e9edd-b354-4e62-be0f-8b26ebddffbc	6	159015562	159027091	7	1.4002
154e9edd-b354-4e62-be0f-8b26ebddffbc	6	159034574	159053521	13	0.7428
154e9edd-b354-4e62-be0f-8b26ebddffbc	6	159061489	160131771	773	-0.441
154e9edd-b354-4e62-be0f-8b26ebddffbc	6	160134722	160182978	35	0.5418
154e9edd-b354-4e62-be0f-8b26ebddffbc	6	160187027	160234980	24	-0.4906
154e9edd-b354-4e62-be0f-8b26ebddffbc	6	160239662	160442500	186	0.5206
154e9edd-b354-4e62-be0f-8b26ebddffbc	6	160444587	160884037	249	-0.4768
154e9edd-b354-4e62-be0f-8b26ebddffbc	6	160886666	160892903	6	0.4925
154e9edd-b354-4e62-be0f-8b26ebddffbc	6	160896273	163207013	1302	-0.5333
154e9edd-b354-4e62-be0f-8b26ebddffbc	6	163210517	163340553	114	0.5115
154e9edd-b354-4e62-be0f-8b26ebddffbc	6	163341076	163615766	165	-0.5103
154e9edd-b354-4e62-be0f-8b26ebddffbc	6	163618240	163642502	20	0.5021
154e9edd-b354-4e62-be0f-8b26ebddffbc	6	163643757	163698216	28	-0.4127
154e9edd-b354-4e62-be0f-8b26ebddffbc	6	163702080	163748279	43	0.5226
154e9edd-b354-4e62-be0f-8b26ebddffbc	6	163748479	165199726	841	-0.5161
154e9edd-b354-4e62-be0f-8b26ebddffbc	6	165202340	165778934	426	0.4572
154e9edd-b354-4e62-be0f-8b26ebddffbc	6	165783377	165785450	10	1.5802
154e9edd-b354-4e62-be0f-8b26ebddffbc	6	165794107	165935836	101	0.4276
154e9edd-b354-4e62-be0f-8b26ebddffbc	6	165937790	170596889	1695	-0.5164
154e9edd-b354-4e62-be0f-8b26ebddffbc	7	664936	1919794	298	0.511
154e9edd-b354-4e62-be0f-8b26ebddffbc	7	1922527	3111063	549	0.6007
154e9edd-b354-4e62-be0f-8b26ebddffbc	7	3111543	8758068	2475	0.4964
154e9edd-b354-4e62-be0f-8b26ebddffbc	7	8758107	23695351	8691	0.4549
154e9edd-b354-4e62-be0f-8b26ebddffbc	7	23697004	24742205	836	0.4938
154e9edd-b354-4e62-be0f-8b26ebddffbc	7	24744438	31117541	4020	0.5311
154e9edd-b354-4e62-be0f-8b26ebddffbc	7	31117586	35076824	2564	0.4719
154e9edd-b354-4e62-be0f-8b26ebddffbc	7	35079860	35092856	4	-0.9488
154e9edd-b354-4e62-be0f-8b26ebddffbc	7	35104692	38477731	2382	0.5402
154e9edd-b354-4e62-be0f-8b26ebddffbc	7	38477797	43388900	2856	0.4808
154e9edd-b354-4e62-be0f-8b26ebddffbc	7	43389375	45390228	1054	0.5416
154e9edd-b354-4e62-be0f-8b26ebddffbc	7	45390343	50118846	3216	0.4781
154e9edd-b354-4e62-be0f-8b26ebddffbc	7	50119775	51112649	809	0.5314
154e9edd-b354-4e62-be0f-8b26ebddffbc	7	51120703	72261889	7475	0.4317
154e9edd-b354-4e62-be0f-8b26ebddffbc	7	72264063	78832612	2282	0.506
154e9edd-b354-4e62-be0f-8b26ebddffbc	7	78834861	99033743	10579	0.4681
154e9edd-b354-4e62-be0f-8b26ebddffbc	7	99034810	107867555	4345	0.5163
154e9edd-b354-4e62-be0f-8b26ebddffbc	7	107867650	126716547	9944	0.4581
154e9edd-b354-4e62-be0f-8b26ebddffbc	7	126716878	144081367	9387	0.5023
154e9edd-b354-4e62-be0f-8b26ebddffbc	7	144081747	148257884	2366	0.439
154e9edd-b354-4e62-be0f-8b26ebddffbc	7	148258302	152176213	1908	0.5415
154e9edd-b354-4e62-be0f-8b26ebddffbc	7	152176659	154758829	1058	0.445
154e9edd-b354-4e62-be0f-8b26ebddffbc	7	154759207	158592540	2277	0.5164
154e9edd-b354-4e62-be0f-8b26ebddffbc	8	667625	2130652	751	0.5056
154e9edd-b354-4e62-be0f-8b26ebddffbc	8	2130718	6769497	2284	0.4557
154e9edd-b354-4e62-be0f-8b26ebddffbc	8	6770077	12869719	2320	0.5217
154e9edd-b354-4e62-be0f-8b26ebddffbc	8	12870967	19184450	4782	0.4656
154e9edd-b354-4e62-be0f-8b26ebddffbc	8	19184477	24235636	3430	0.5295
154e9edd-b354-4e62-be0f-8b26ebddffbc	8	24236071	26721912	1790	0.4858
154e9edd-b354-4e62-be0f-8b26ebddffbc	8	26722157	30013775	2194	0.5639
154e9edd-b354-4e62-be0f-8b26ebddffbc	8	30017009	94781325	34478	0.474
154e9edd-b354-4e62-be0f-8b26ebddffbc	8	94781943	103484516	5180	0.5137
154e9edd-b354-4e62-be0f-8b26ebddffbc	8	103492571	122305682	10637	0.4647
154e9edd-b354-4e62-be0f-8b26ebddffbc	8	122306061	132880437	7290	0.5268
154e9edd-b354-4e62-be0f-8b26ebddffbc	8	132883044	133490877	546	0.6092
154e9edd-b354-4e62-be0f-8b26ebddffbc	8	133491256	134626389	1019	0.521
154e9edd-b354-4e62-be0f-8b26ebddffbc	8	134626802	138725278	2905	0.4723
154e9edd-b354-4e62-be0f-8b26ebddffbc	8	138725989	144182542	1993	0.5588
154e9edd-b354-4e62-be0f-8b26ebddffbc	9	789794	7799606	4262	0.5354
154e9edd-b354-4e62-be0f-8b26ebddffbc	9	7800297	16590841	5183	0.4877
154e9edd-b354-4e62-be0f-8b26ebddffbc	9	16598108	16598834	2	-1.048
154e9edd-b354-4e62-be0f-8b26ebddffbc	9	16598987	19431410	2264	0.472
154e9edd-b354-4e62-be0f-8b26ebddffbc	9	19431637	21702087	1658	0.5281
154e9edd-b354-4e62-be0f-8b26ebddffbc	9	21705714	32116812	5966	0.4747
154e9edd-b354-4e62-be0f-8b26ebddffbc	9	32117125	68911045	4470	0.5555
154e9edd-b354-4e62-be0f-8b26ebddffbc	9	68911447	80552297	8070	0.4913
154e9edd-b354-4e62-be0f-8b26ebddffbc	9	80588138	80594439	11	-0.1737
154e9edd-b354-4e62-be0f-8b26ebddffbc	9	80598265	86657212	4043	0.4785
154e9edd-b354-4e62-be0f-8b26ebddffbc	9	86657559	95599813	5884	0.5358
154e9edd-b354-4e62-be0f-8b26ebddffbc	9	95599917	95600210	3	-0.7588
154e9edd-b354-4e62-be0f-8b26ebddffbc	9	95600460	100343499	2888	0.5569
154e9edd-b354-4e62-be0f-8b26ebddffbc	9	100346659	107843735	4629	0.4784
154e9edd-b354-4e62-be0f-8b26ebddffbc	9	107844827	112519297	3569	0.5275
154e9edd-b354-4e62-be0f-8b26ebddffbc	9	112519756	115278151	1786	0.5869
154e9edd-b354-4e62-be0f-8b26ebddffbc	9	115279666	120396996	3827	0.5025
154e9edd-b354-4e62-be0f-8b26ebddffbc	9	120399656	138044505	9426	0.6052
154e9edd-b354-4e62-be0f-8b26ebddffbc	10	366509	2572671	1237	-0.4582
154e9edd-b354-4e62-be0f-8b26ebddffbc	10	2575738	3265822	233	1.143
154e9edd-b354-4e62-be0f-8b26ebddffbc	10	3266126	3266260	3	0.0301
154e9edd-b354-4e62-be0f-8b26ebddffbc	10	3266524	4921296	1510	1.1037
154e9edd-b354-4e62-be0f-8b26ebddffbc	10	4924583	5132501	132	-0.3682
154e9edd-b354-4e62-be0f-8b26ebddffbc	10	5138544	7530272	1740	1.1192
154e9edd-b354-4e62-be0f-8b26ebddffbc	10	7532804	7539503	7	-0.2402
154e9edd-b354-4e62-be0f-8b26ebddffbc	10	7543051	15899013	6442	1.0808
154e9edd-b354-4e62-be0f-8b26ebddffbc	10	15901347	26068006	6793	0.4634
154e9edd-b354-4e62-be0f-8b26ebddffbc	10	26069705	34280954	5607	0.5078
154e9edd-b354-4e62-be0f-8b26ebddffbc	10	34285254	36362740	1176	0.4609
154e9edd-b354-4e62-be0f-8b26ebddffbc	10	36365535	36374096	9	-0.5191
154e9edd-b354-4e62-be0f-8b26ebddffbc	10	36374170	38125276	1011	0.4286
154e9edd-b354-4e62-be0f-8b26ebddffbc	10	38125354	38462598	119	-0.4539
154e9edd-b354-4e62-be0f-8b26ebddffbc	10	38462993	45622525	2046	0.4905
154e9edd-b354-4e62-be0f-8b26ebddffbc	10	46013136	51261863	1818	-0.4028
154e9edd-b354-4e62-be0f-8b26ebddffbc	10	51262386	51995617	543	-0.797
154e9edd-b354-4e62-be0f-8b26ebddffbc	10	51995794	68759846	9812	-0.4687
154e9edd-b354-4e62-be0f-8b26ebddffbc	10	68759950	75597345	3852	-0.3906
154e9edd-b354-4e62-be0f-8b26ebddffbc	10	75600058	87535614	7763	-0.4604
154e9edd-b354-4e62-be0f-8b26ebddffbc	10	87536201	89144354	1215	-0.3738
154e9edd-b354-4e62-be0f-8b26ebddffbc	10	89144647	100654647	6779	-0.4379
154e9edd-b354-4e62-be0f-8b26ebddffbc	10	100660705	105450616	2593	-0.3924
154e9edd-b354-4e62-be0f-8b26ebddffbc	10	105451449	112785019	4877	-0.4592
154e9edd-b354-4e62-be0f-8b26ebddffbc	10	112793203	133411599	13342	0.5132
154e9edd-b354-4e62-be0f-8b26ebddffbc	11	456012	13525474	7986	-0.4194
154e9edd-b354-4e62-be0f-8b26ebddffbc	11	13526070	13528643	5	-5.0795
154e9edd-b354-4e62-be0f-8b26ebddffbc	11	13528673	19857480	4160	-0.4313
154e9edd-b354-4e62-be0f-8b26ebddffbc	11	19862812	32592533	8371	-0.487
154e9edd-b354-4e62-be0f-8b26ebddffbc	11	32595186	38461413	3436	-0.4296
154e9edd-b354-4e62-be0f-8b26ebddffbc	11	38462018	40169735	994	-0.5218
154e9edd-b354-4e62-be0f-8b26ebddffbc	11	40170288	40184616	21	-4.7877
154e9edd-b354-4e62-be0f-8b26ebddffbc	11	40185080	40191688	4	-2.4383
154e9edd-b354-4e62-be0f-8b26ebddffbc	11	40194128	42864403	1818	-0.4978
154e9edd-b354-4e62-be0f-8b26ebddffbc	11	42864919	48057845	2976	-0.4187
154e9edd-b354-4e62-be0f-8b26ebddffbc	11	48061600	58451648	1903	-0.4656
154e9edd-b354-4e62-be0f-8b26ebddffbc	11	58454881	67509325	3759	-0.365
154e9edd-b354-4e62-be0f-8b26ebddffbc	11	67512417	71573179	1963	-0.4446
154e9edd-b354-4e62-be0f-8b26ebddffbc	11	71574175	76733615	2565	-0.3663
154e9edd-b354-4e62-be0f-8b26ebddffbc	11	76736415	116383220	24678	-0.4617
154e9edd-b354-4e62-be0f-8b26ebddffbc	11	116386068	121768327	3720	-0.388
154e9edd-b354-4e62-be0f-8b26ebddffbc	11	121768595	134272740	8534	-0.4555
154e9edd-b354-4e62-be0f-8b26ebddffbc	12	780472	13305751	6828	-0.3966
154e9edd-b354-4e62-be0f-8b26ebddffbc	12	13305785	40138731	13418	-0.4513
154e9edd-b354-4e62-be0f-8b26ebddffbc	12	40140663	40142259	4	-2.8713
154e9edd-b354-4e62-be0f-8b26ebddffbc	12	40144082	46136372	3279	-0.4557
154e9edd-b354-4e62-be0f-8b26ebddffbc	12	46136843	52721986	3482	-0.385
154e9edd-b354-4e62-be0f-8b26ebddffbc	12	52723239	52724874	3	-3.8881
154e9edd-b354-4e62-be0f-8b26ebddffbc	12	52726107	52960060	194	-0.4132
154e9edd-b354-4e62-be0f-8b26ebddffbc	12	52962627	52963839	3	-2.5393
154e9edd-b354-4e62-be0f-8b26ebddffbc	12	52964087	58369119	2734	-0.3738
154e9edd-b354-4e62-be0f-8b26ebddffbc	12	58369472	103129777	27330	-0.4576
154e9edd-b354-4e62-be0f-8b26ebddffbc	12	103132764	113691914	6414	-0.4167
154e9edd-b354-4e62-be0f-8b26ebddffbc	12	113692150	119557398	3920	-0.4606
154e9edd-b354-4e62-be0f-8b26ebddffbc	12	119557901	119557968	2	-2.3757
154e9edd-b354-4e62-be0f-8b26ebddffbc	12	119557983	119616454	37	-0.4973
154e9edd-b354-4e62-be0f-8b26ebddffbc	12	119619508	119622528	5	-0.0979
154e9edd-b354-4e62-be0f-8b26ebddffbc	12	119622688	119664604	15	0.6668
154e9edd-b354-4e62-be0f-8b26ebddffbc	12	119668571	124789208	2408	-0.4017
154e9edd-b354-4e62-be0f-8b26ebddffbc	12	124789221	124829868	35	0.498
154e9edd-b354-4e62-be0f-8b26ebddffbc	12	124829959	132605822	3581	-0.4692
154e9edd-b354-4e62-be0f-8b26ebddffbc	13	18874255	27684930	4873	-0.4717
154e9edd-b354-4e62-be0f-8b26ebddffbc	13	27685941	27688264	4	-1.7927
154e9edd-b354-4e62-be0f-8b26ebddffbc	13	27692941	48324035	13637	-0.4464
154e9edd-b354-4e62-be0f-8b26ebddffbc	13	48324170	48488854	197	-2.3511
154e9edd-b354-4e62-be0f-8b26ebddffbc	13	48490672	51980184	1338	-0.4004
154e9edd-b354-4e62-be0f-8b26ebddffbc	13	51981152	73269792	10606	-0.4832
154e9edd-b354-4e62-be0f-8b26ebddffbc	13	73272555	78350395	3441	-0.4435
154e9edd-b354-4e62-be0f-8b26ebddffbc	13	78351640	113510211	22098	-0.4875
154e9edd-b354-4e62-be0f-8b26ebddffbc	13	113510528	114226675	199	-0.4056
154e9edd-b354-4e62-be0f-8b26ebddffbc	14	20033191	20289550	144	0.4759
154e9edd-b354-4e62-be0f-8b26ebddffbc	14	20289645	25043667	1984	0.5698
154e9edd-b354-4e62-be0f-8b26ebddffbc	14	25043837	25453574	246	0.4751
154e9edd-b354-4e62-be0f-8b26ebddffbc	14	25453782	25456204	2	-1.2994
154e9edd-b354-4e62-be0f-8b26ebddffbc	14	25456395	31713923	3400	0.4802
154e9edd-b354-4e62-be0f-8b26ebddffbc	14	31716056	36872498	3413	0.5205
154e9edd-b354-4e62-be0f-8b26ebddffbc	14	36872511	44565813	3599	0.469
154e9edd-b354-4e62-be0f-8b26ebddffbc	14	44566748	45593536	259	-0.5122
154e9edd-b354-4e62-be0f-8b26ebddffbc	14	45600770	45680126	56	-3.0039
154e9edd-b354-4e62-be0f-8b26ebddffbc	14	45761842	46121707	136	0.4716
154e9edd-b354-4e62-be0f-8b26ebddffbc	14	46122855	46122974	2	-1.6267
154e9edd-b354-4e62-be0f-8b26ebddffbc	14	46123697	49149690	1591	0.4694
154e9edd-b354-4e62-be0f-8b26ebddffbc	14	49153654	67597080	11371	0.5295
154e9edd-b354-4e62-be0f-8b26ebddffbc	14	67597939	67686907	42	0.3956
154e9edd-b354-4e62-be0f-8b26ebddffbc	14	67687388	77426618	5936	0.5643
154e9edd-b354-4e62-be0f-8b26ebddffbc	14	77426933	78349340	722	0.5135
154e9edd-b354-4e62-be0f-8b26ebddffbc	14	78350394	89090236	6627	0.4695
154e9edd-b354-4e62-be0f-8b26ebddffbc	14	89090768	105533894	9852	0.5673
154e9edd-b354-4e62-be0f-8b26ebddffbc	15	23437561	23657177	154	-0.4343
154e9edd-b354-4e62-be0f-8b26ebddffbc	15	23657500	31237715	2801	-0.5229
154e9edd-b354-4e62-be0f-8b26ebddffbc	15	31238669	40587291	5638	-0.4373
154e9edd-b354-4e62-be0f-8b26ebddffbc	15	40588308	44033258	1516	-0.368
154e9edd-b354-4e62-be0f-8b26ebddffbc	15	44040028	62804188	11970	-0.4266
154e9edd-b354-4e62-be0f-8b26ebddffbc	15	62806545	81060949	10457	-0.3886
154e9edd-b354-4e62-be0f-8b26ebddffbc	15	81061129	88949814	4318	-0.4431
154e9edd-b354-4e62-be0f-8b26ebddffbc	15	88951499	91351526	1348	-0.3695
154e9edd-b354-4e62-be0f-8b26ebddffbc	15	91351846	101344124	6166	-0.4446
154e9edd-b354-4e62-be0f-8b26ebddffbc	16	603333	5492381	1951	0.587
154e9edd-b354-4e62-be0f-8b26ebddffbc	16	5493838	6229305	575	-0.4896
154e9edd-b354-4e62-be0f-8b26ebddffbc	16	6375599	47243535	11711	0.5318
154e9edd-b354-4e62-be0f-8b26ebddffbc	16	47250689	47632968	138	-0.436
154e9edd-b354-4e62-be0f-8b26ebddffbc	16	47634645	50858394	2016	0.533
154e9edd-b354-4e62-be0f-8b26ebddffbc	16	50858446	50859468	2	1.7155
154e9edd-b354-4e62-be0f-8b26ebddffbc	16	50861263	51130498	215	0.5561
154e9edd-b354-4e62-be0f-8b26ebddffbc	16	51131333	55017625	2917	0.4798
154e9edd-b354-4e62-be0f-8b26ebddffbc	16	55020083	58815485	2447	0.5526
154e9edd-b354-4e62-be0f-8b26ebddffbc	16	58815667	65482210	4249	0.4535
154e9edd-b354-4e62-be0f-8b26ebddffbc	16	65485683	69667891	2211	0.5477
154e9edd-b354-4e62-be0f-8b26ebddffbc	16	69668956	69672391	2	2.0801
154e9edd-b354-4e62-be0f-8b26ebddffbc	16	69673338	73797617	1994	0.5232
154e9edd-b354-4e62-be0f-8b26ebddffbc	16	73797718	79114968	3720	0.4835
154e9edd-b354-4e62-be0f-8b26ebddffbc	16	79115223	85168364	4496	0.545
154e9edd-b354-4e62-be0f-8b26ebddffbc	16	85172158	85483668	175	-0.3784
154e9edd-b354-4e62-be0f-8b26ebddffbc	16	85486591	85545417	33	0.6574
154e9edd-b354-4e62-be0f-8b26ebddffbc	16	85545468	85806371	148	-0.4544
154e9edd-b354-4e62-be0f-8b26ebddffbc	16	85813808	85970633	84	0.5674
154e9edd-b354-4e62-be0f-8b26ebddffbc	16	85975521	86170823	201	-0.4133
154e9edd-b354-4e62-be0f-8b26ebddffbc	16	86171461	86194359	18	0.4476
154e9edd-b354-4e62-be0f-8b26ebddffbc	16	86195423	86223607	31	-0.3738
154e9edd-b354-4e62-be0f-8b26ebddffbc	16	86227158	86228563	3	1.5829
154e9edd-b354-4e62-be0f-8b26ebddffbc	16	86230586	86273004	13	-0.554
154e9edd-b354-4e62-be0f-8b26ebddffbc	16	86273096	86328208	49	0.5643
154e9edd-b354-4e62-be0f-8b26ebddffbc	16	86330701	86363698	44	1.1603
154e9edd-b354-4e62-be0f-8b26ebddffbc	16	86364158	86384470	43	0.645
154e9edd-b354-4e62-be0f-8b26ebddffbc	16	86384822	86586585	243	-0.4201
154e9edd-b354-4e62-be0f-8b26ebddffbc	16	86588830	86616291	39	0.6329
154e9edd-b354-4e62-be0f-8b26ebddffbc	16	86618335	86762713	152	-0.4696
154e9edd-b354-4e62-be0f-8b26ebddffbc	16	86766068	86894802	123	0.5581
154e9edd-b354-4e62-be0f-8b26ebddffbc	16	86895676	86899003	7	1.5385
154e9edd-b354-4e62-be0f-8b26ebddffbc	16	86900288	86932992	23	-0.3734
154e9edd-b354-4e62-be0f-8b26ebddffbc	16	86937389	87279998	268	0.6018
154e9edd-b354-4e62-be0f-8b26ebddffbc	16	87281070	87281200	3	-0.2921
154e9edd-b354-4e62-be0f-8b26ebddffbc	16	87282723	87320765	36	0.5566
154e9edd-b354-4e62-be0f-8b26ebddffbc	16	87340606	87688085	186	-0.3978
154e9edd-b354-4e62-be0f-8b26ebddffbc	16	87688551	87708810	11	0.4909
154e9edd-b354-4e62-be0f-8b26ebddffbc	16	87714592	87991598	150	1.1795
154e9edd-b354-4e62-be0f-8b26ebddffbc	16	87998519	88459876	152	0.5963
154e9edd-b354-4e62-be0f-8b26ebddffbc	16	89234014	89317317	36	-0.3459
154e9edd-b354-4e62-be0f-8b26ebddffbc	17	1074619	10640949	4930	-0.3841
154e9edd-b354-4e62-be0f-8b26ebddffbc	17	10642728	14152204	2511	-0.4797
154e9edd-b354-4e62-be0f-8b26ebddffbc	17	14153811	51902934	13049	-0.3728
154e9edd-b354-4e62-be0f-8b26ebddffbc	17	51903412	56505811	2925	-0.4572
154e9edd-b354-4e62-be0f-8b26ebddffbc	17	56506958	61272114	2614	-0.3833
154e9edd-b354-4e62-be0f-8b26ebddffbc	17	61274260	61274848	4	-5.2677
154e9edd-b354-4e62-be0f-8b26ebddffbc	17	61275603	61278801	3	-1.9996
154e9edd-b354-4e62-be0f-8b26ebddffbc	17	61280229	67976503	3497	-0.4165
154e9edd-b354-4e62-be0f-8b26ebddffbc	17	67983025	67983168	2	-2.2785
154e9edd-b354-4e62-be0f-8b26ebddffbc	17	67988368	71153386	2054	-0.4438
154e9edd-b354-4e62-be0f-8b26ebddffbc	17	71165528	71168861	2	-1.8156
154e9edd-b354-4e62-be0f-8b26ebddffbc	17	71169078	71180738	13	-4.9398
154e9edd-b354-4e62-be0f-8b26ebddffbc	17	71183480	73785281	1972	-0.4471
154e9edd-b354-4e62-be0f-8b26ebddffbc	17	73785336	82959812	3428	-0.372
154e9edd-b354-4e62-be0f-8b26ebddffbc	18	326691	50856298	26416	-0.4724
154e9edd-b354-4e62-be0f-8b26ebddffbc	18	50856646	50856755	3	-2.6928
154e9edd-b354-4e62-be0f-8b26ebddffbc	18	50858074	51056580	167	-0.4532
154e9edd-b354-4e62-be0f-8b26ebddffbc	18	51056664	51056937	5	-2.3255
154e9edd-b354-4e62-be0f-8b26ebddffbc	18	51066433	61591375	6762	-0.4761
154e9edd-b354-4e62-be0f-8b26ebddffbc	18	61591502	61593235	2	-6.704
154e9edd-b354-4e62-be0f-8b26ebddffbc	18	61593845	79349796	9214	-0.4809
154e9edd-b354-4e62-be0f-8b26ebddffbc	19	283868	19701386	7663	0.5747
154e9edd-b354-4e62-be0f-8b26ebddffbc	19	19764062	28778774	2124	0.4749
154e9edd-b354-4e62-be0f-8b26ebddffbc	19	28786301	36764224	5176	0.5408
154e9edd-b354-4e62-be0f-8b26ebddffbc	19	36765084	36775259	9	-0.4206
154e9edd-b354-4e62-be0f-8b26ebddffbc	19	36779235	58370362	9079	0.5688
154e9edd-b354-4e62-be0f-8b26ebddffbc	20	472817	5020691	2828	-0.3757
154e9edd-b354-4e62-be0f-8b26ebddffbc	20	5025037	25519247	13732	-0.45
154e9edd-b354-4e62-be0f-8b26ebddffbc	20	25520186	33163144	1220	-0.3899
154e9edd-b354-4e62-be0f-8b26ebddffbc	20	33163485	33166627	3	-1.8258
154e9edd-b354-4e62-be0f-8b26ebddffbc	20	33170162	38405310	2628	-0.3471
154e9edd-b354-4e62-be0f-8b26ebddffbc	20	38406571	44374799	4059	-0.4118
154e9edd-b354-4e62-be0f-8b26ebddffbc	20	44376375	50803221	4024	-0.3622
154e9edd-b354-4e62-be0f-8b26ebddffbc	20	50804934	62203402	8287	-0.428
154e9edd-b354-4e62-be0f-8b26ebddffbc	20	62206338	63588502	467	-0.3585
154e9edd-b354-4e62-be0f-8b26ebddffbc	21	13974127	31959012	11433	-0.4713
154e9edd-b354-4e62-be0f-8b26ebddffbc	21	31959146	38965354	4745	-0.3972
154e9edd-b354-4e62-be0f-8b26ebddffbc	21	38967236	41186507	1734	-0.4595
154e9edd-b354-4e62-be0f-8b26ebddffbc	21	41191004	46262057	2501	-0.3769
154e9edd-b354-4e62-be0f-8b26ebddffbc	22	16934932	28863609	4372	-0.4276
154e9edd-b354-4e62-be0f-8b26ebddffbc	22	28865018	29018013	113	-3.7544
154e9edd-b354-4e62-be0f-8b26ebddffbc	22	29024806	36469597	4908	-0.4176
154e9edd-b354-4e62-be0f-8b26ebddffbc	22	36471393	43867987	3824	-0.373
154e9edd-b354-4e62-be0f-8b26ebddffbc	22	43868091	48940621	3757	-0.4315
154e9edd-b354-4e62-be0f-8b26ebddffbc	X	3236359	9485722	1382	-0.0132
154e9edd-b354-4e62-be0f-8b26ebddffbc	X	9485744	20748758	5689	0.033
154e9edd-b354-4e62-be0f-8b26ebddffbc	X	20749791	37806665	8209	-0.0297
154e9edd-b354-4e62-be0f-8b26ebddffbc	X	37807659	54086886	6892	0.0245
154e9edd-b354-4e62-be0f-8b26ebddffbc	X	54088044	104301946	17868	-0.0321
154e9edd-b354-4e62-be0f-8b26ebddffbc	X	104302069	104302106	2	-1.5857
154e9edd-b354-4e62-be0f-8b26ebddffbc	X	104306407	141934912	16971	-0.0202
154e9edd-b354-4e62-be0f-8b26ebddffbc	X	141934956	148219807	3827	0.1721
154e9edd-b354-4e62-be0f-8b26ebddffbc	X	148221102	150825417	1250	0.2702
154e9edd-b354-4e62-be0f-8b26ebddffbc	X	150831223	152462121	962	0.2124
154e9edd-b354-4e62-be0f-8b26ebddffbc	X	152463238	155677414	436	0.3195
