GDC_Aliquot	Chromosome	Start	End	Num_Probes	Segment_Mean
f2437da7-9419-483b-9357-1f1125b639c3	1	3301765	7471278	2687	-0.7517
f2437da7-9419-483b-9357-1f1125b639c3	1	7476127	11405422	1879	-1.7678
f2437da7-9419-483b-9357-1f1125b639c3	1	11407656	15917920	2448	-0.1932
f2437da7-9419-483b-9357-1f1125b639c3	1	15924050	16433121	200	0.1404
f2437da7-9419-483b-9357-1f1125b639c3	1	16434707	17010382	26	0.63
f2437da7-9419-483b-9357-1f1125b639c3	1	17014383	19064614	1473	-0.1888
f2437da7-9419-483b-9357-1f1125b639c3	1	19064638	19720693	422	0.1788
f2437da7-9419-483b-9357-1f1125b639c3	1	19721939	19726879	6	-0.7665
f2437da7-9419-483b-9357-1f1125b639c3	1	19730085	21036234	835	0.1913
f2437da7-9419-483b-9357-1f1125b639c3	1	21039321	21163209	58	0.476
f2437da7-9419-483b-9357-1f1125b639c3	1	21164911	21501899	117	0.6841
f2437da7-9419-483b-9357-1f1125b639c3	1	21503843	21671913	106	0.4309
f2437da7-9419-483b-9357-1f1125b639c3	1	21672345	21971792	163	0.727
f2437da7-9419-483b-9357-1f1125b639c3	1	22108654	22309739	137	0.2069
f2437da7-9419-483b-9357-1f1125b639c3	1	22310166	22343478	16	0.5379
f2437da7-9419-483b-9357-1f1125b639c3	1	22345985	22372008	18	0.9406
f2437da7-9419-483b-9357-1f1125b639c3	1	22374633	22381072	7	0.3197
f2437da7-9419-483b-9357-1f1125b639c3	1	22382304	23313056	561	-0.2279
f2437da7-9419-483b-9357-1f1125b639c3	1	23318962	23512761	128	0.1219
f2437da7-9419-483b-9357-1f1125b639c3	1	23514187	23547245	15	0.7809
f2437da7-9419-483b-9357-1f1125b639c3	1	23555523	23654464	50	0.2454
f2437da7-9419-483b-9357-1f1125b639c3	1	23658819	23790682	58	-0.2506
f2437da7-9419-483b-9357-1f1125b639c3	1	23805815	23964300	43	0.1534
f2437da7-9419-483b-9357-1f1125b639c3	1	23969594	24048784	7	-0.3357
f2437da7-9419-483b-9357-1f1125b639c3	1	24051536	27072293	1349	-0.7738
f2437da7-9419-483b-9357-1f1125b639c3	1	27074227	27481107	148	-0.1708
f2437da7-9419-483b-9357-1f1125b639c3	1	27518482	27890551	162	0.1842
f2437da7-9419-483b-9357-1f1125b639c3	1	27893907	28064971	93	-0.1907
f2437da7-9419-483b-9357-1f1125b639c3	1	28098329	30667100	1473	-0.7011
f2437da7-9419-483b-9357-1f1125b639c3	1	30789158	30794488	5	-0.1311
f2437da7-9419-483b-9357-1f1125b639c3	1	30796057	30938231	94	0.6272
f2437da7-9419-483b-9357-1f1125b639c3	1	30940072	31148580	84	-0.1512
f2437da7-9419-483b-9357-1f1125b639c3	1	31150820	31152499	2	-1.7789
f2437da7-9419-483b-9357-1f1125b639c3	1	31152542	33004159	781	-0.2371
f2437da7-9419-483b-9357-1f1125b639c3	1	33009862	38825472	3345	-0.165
f2437da7-9419-483b-9357-1f1125b639c3	1	38825577	41185258	1115	-0.2202
f2437da7-9419-483b-9357-1f1125b639c3	1	41188667	41303760	57	0.1777
f2437da7-9419-483b-9357-1f1125b639c3	1	41304640	41331426	15	0.5845
f2437da7-9419-483b-9357-1f1125b639c3	1	41331911	41429460	72	0.1861
f2437da7-9419-483b-9357-1f1125b639c3	1	41429826	41572255	98	0.5016
f2437da7-9419-483b-9357-1f1125b639c3	1	41572784	48932451	4159	-0.1991
f2437da7-9419-483b-9357-1f1125b639c3	1	48932528	51158241	881	-0.1302
f2437da7-9419-483b-9357-1f1125b639c3	1	51160324	51285237	50	-0.2739
f2437da7-9419-483b-9357-1f1125b639c3	1	51285351	51815812	209	0.1411
f2437da7-9419-483b-9357-1f1125b639c3	1	51831387	54203377	1362	-0.1927
f2437da7-9419-483b-9357-1f1125b639c3	1	54205815	54957108	446	-0.2715
f2437da7-9419-483b-9357-1f1125b639c3	1	54957255	61955826	5203	-0.1667
f2437da7-9419-483b-9357-1f1125b639c3	1	61955916	61971195	31	0.175
f2437da7-9419-483b-9357-1f1125b639c3	1	61971271	64981376	2200	-0.1711
f2437da7-9419-483b-9357-1f1125b639c3	1	64986988	65387966	244	0.2095
f2437da7-9419-483b-9357-1f1125b639c3	1	65491255	68517995	2222	-0.1749
f2437da7-9419-483b-9357-1f1125b639c3	1	68519327	80193370	6427	-0.138
f2437da7-9419-483b-9357-1f1125b639c3	1	80194008	85302382	3251	-0.1913
f2437da7-9419-483b-9357-1f1125b639c3	1	85303177	85449451	98	-0.8728
f2437da7-9419-483b-9357-1f1125b639c3	1	85449500	89757514	2741	-0.6931
f2437da7-9419-483b-9357-1f1125b639c3	1	89757644	89873488	82	-0.8962
f2437da7-9419-483b-9357-1f1125b639c3	1	89873841	90078859	108	-0.2151
f2437da7-9419-483b-9357-1f1125b639c3	1	90093659	95102802	3000	-0.7298
f2437da7-9419-483b-9357-1f1125b639c3	1	95106813	108124524	7464	-0.6797
f2437da7-9419-483b-9357-1f1125b639c3	1	108124546	108125504	2	-2.4311
f2437da7-9419-483b-9357-1f1125b639c3	1	108126955	108565809	102	-0.5877
f2437da7-9419-483b-9357-1f1125b639c3	1	108566200	119115201	6454	-0.7463
f2437da7-9419-483b-9357-1f1125b639c3	1	119115315	119373360	157	-0.2619
f2437da7-9419-483b-9357-1f1125b639c3	1	119376582	119390629	10	0.7926
f2437da7-9419-483b-9357-1f1125b639c3	1	119391420	119405091	8	0.3119
f2437da7-9419-483b-9357-1f1125b639c3	1	119411581	155050389	2837	-0.1989
f2437da7-9419-483b-9357-1f1125b639c3	1	155051833	155348517	123	0.3694
f2437da7-9419-483b-9357-1f1125b639c3	1	155349209	157220638	857	0.083
f2437da7-9419-483b-9357-1f1125b639c3	1	157224788	171712750	10180	0.1524
f2437da7-9419-483b-9357-1f1125b639c3	1	171713955	171883303	133	0.6117
f2437da7-9419-483b-9357-1f1125b639c3	1	171886179	177094559	2828	0.1454
f2437da7-9419-483b-9357-1f1125b639c3	1	177101899	177207424	85	0.436
f2437da7-9419-483b-9357-1f1125b639c3	1	177210822	177225484	11	0.8081
f2437da7-9419-483b-9357-1f1125b639c3	1	177225914	177234182	10	0.483
f2437da7-9419-483b-9357-1f1125b639c3	1	177234717	181149098	2498	0.1318
f2437da7-9419-483b-9357-1f1125b639c3	1	181151938	183502160	1662	0.1764
f2437da7-9419-483b-9357-1f1125b639c3	1	183502599	185604748	1336	0.1199
f2437da7-9419-483b-9357-1f1125b639c3	1	185605527	193068707	4325	0.1761
f2437da7-9419-483b-9357-1f1125b639c3	1	193071023	193314826	259	0.044
f2437da7-9419-483b-9357-1f1125b639c3	1	193318012	197785837	2422	0.1559
f2437da7-9419-483b-9357-1f1125b639c3	1	197786089	197786965	2	-1.1446
f2437da7-9419-483b-9357-1f1125b639c3	1	197787093	200351715	1626	0.1945
f2437da7-9419-483b-9357-1f1125b639c3	1	200352496	203515463	2020	0.1162
f2437da7-9419-483b-9357-1f1125b639c3	1	203516014	203748252	136	0.4046
f2437da7-9419-483b-9357-1f1125b639c3	1	203750748	204461235	468	0.1243
f2437da7-9419-483b-9357-1f1125b639c3	1	204465343	204591549	118	0.5371
f2437da7-9419-483b-9357-1f1125b639c3	1	204591862	215680493	7397	0.1406
f2437da7-9419-483b-9357-1f1125b639c3	1	215680494	221519225	3991	0.1756
f2437da7-9419-483b-9357-1f1125b639c3	1	221521175	234948319	8514	0.1443
f2437da7-9419-483b-9357-1f1125b639c3	1	234951493	235313418	123	0.394
f2437da7-9419-483b-9357-1f1125b639c3	1	235315493	241879466	4929	0.1741
f2437da7-9419-483b-9357-1f1125b639c3	1	241879584	242802393	632	0.0807
f2437da7-9419-483b-9357-1f1125b639c3	1	242806440	247650984	2235	0.1743
f2437da7-9419-483b-9357-1f1125b639c3	2	480597	7652580	4327	0.2352
f2437da7-9419-483b-9357-1f1125b639c3	2	7652808	12695240	3564	0.175
f2437da7-9419-483b-9357-1f1125b639c3	2	12695656	23877223	7340	0.2238
f2437da7-9419-483b-9357-1f1125b639c3	2	23879047	26440384	1137	0.1548
f2437da7-9419-483b-9357-1f1125b639c3	2	26440863	26563960	82	0.2127
f2437da7-9419-483b-9357-1f1125b639c3	2	26567108	26644161	47	0.4681
f2437da7-9419-483b-9357-1f1125b639c3	2	26647172	26858001	82	0.0545
f2437da7-9419-483b-9357-1f1125b639c3	2	26859691	27318048	213	0.4664
f2437da7-9419-483b-9357-1f1125b639c3	2	27320715	28361614	478	0.1347
f2437da7-9419-483b-9357-1f1125b639c3	2	28362289	28512850	87	0.4575
f2437da7-9419-483b-9357-1f1125b639c3	2	28514746	36800676	4656	0.2209
f2437da7-9419-483b-9357-1f1125b639c3	2	36802204	47979387	6713	0.1805
f2437da7-9419-483b-9357-1f1125b639c3	2	47984049	53640279	3067	0.2357
f2437da7-9419-483b-9357-1f1125b639c3	2	53640792	55643217	925	0.1572
f2437da7-9419-483b-9357-1f1125b639c3	2	55643790	60222575	2755	0.2256
f2437da7-9419-483b-9357-1f1125b639c3	2	60223622	74643451	8158	0.1826
f2437da7-9419-483b-9357-1f1125b639c3	2	74653146	85948635	6179	0.2186
f2437da7-9419-483b-9357-1f1125b639c3	2	85951845	86057163	64	0.4668
f2437da7-9419-483b-9357-1f1125b639c3	2	86285979	96278328	1090	0.1915
f2437da7-9419-483b-9357-1f1125b639c3	2	96287744	96779554	152	0.4741
f2437da7-9419-483b-9357-1f1125b639c3	2	96783545	102339008	2859	0.1963
f2437da7-9419-483b-9357-1f1125b639c3	2	102343750	108301140	3734	0.2273
f2437da7-9419-483b-9357-1f1125b639c3	2	108306559	113513764	2166	0.1811
f2437da7-9419-483b-9357-1f1125b639c3	2	113536414	113566861	5	-0.8823
f2437da7-9419-483b-9357-1f1125b639c3	2	113566886	133938673	9972	0.2058
f2437da7-9419-483b-9357-1f1125b639c3	2	133939906	136394543	1403	0.1575
f2437da7-9419-483b-9357-1f1125b639c3	2	136396575	149521832	7184	0.2119
f2437da7-9419-483b-9357-1f1125b639c3	2	149522313	149537237	8	-0.157
f2437da7-9419-483b-9357-1f1125b639c3	2	149537336	152797395	2226	0.1704
f2437da7-9419-483b-9357-1f1125b639c3	2	152798047	158324990	3010	0.2287
f2437da7-9419-483b-9357-1f1125b639c3	2	158327781	162610769	2526	0.1782
f2437da7-9419-483b-9357-1f1125b639c3	2	162610905	170726378	4906	0.2154
f2437da7-9419-483b-9357-1f1125b639c3	2	170730264	171119784	202	0.5313
f2437da7-9419-483b-9357-1f1125b639c3	2	171121257	181269554	6332	0.1829
f2437da7-9419-483b-9357-1f1125b639c3	2	181269567	186082748	2191	0.235
f2437da7-9419-483b-9357-1f1125b639c3	2	186083167	200545354	7249	0.1974
f2437da7-9419-483b-9357-1f1125b639c3	2	200557698	201508729	485	0.1073
f2437da7-9419-483b-9357-1f1125b639c3	2	201511546	202187080	403	0.1841
f2437da7-9419-483b-9357-1f1125b639c3	2	202193510	202459701	117	0.435
f2437da7-9419-483b-9357-1f1125b639c3	2	202461709	203207836	228	0.1451
f2437da7-9419-483b-9357-1f1125b639c3	2	203208705	203466356	105	0.4502
f2437da7-9419-483b-9357-1f1125b639c3	2	203468403	203647913	96	0.1191
f2437da7-9419-483b-9357-1f1125b639c3	2	203648777	205652801	1385	0.2316
f2437da7-9419-483b-9357-1f1125b639c3	2	205653343	208465306	1710	0.1801
f2437da7-9419-483b-9357-1f1125b639c3	2	208467730	215677469	4268	0.2269
f2437da7-9419-483b-9357-1f1125b639c3	2	215677538	218437001	1852	0.1738
f2437da7-9419-483b-9357-1f1125b639c3	2	218448631	218592315	62	0.4126
f2437da7-9419-483b-9357-1f1125b639c3	2	218596627	218777878	94	0.6616
f2437da7-9419-483b-9357-1f1125b639c3	2	218782764	219084462	132	0.4701
f2437da7-9419-483b-9357-1f1125b639c3	2	219090189	231275648	7597	0.1723
f2437da7-9419-483b-9357-1f1125b639c3	2	231281139	231467023	93	0.5267
f2437da7-9419-483b-9357-1f1125b639c3	2	231478070	239341241	4694	0.1839
f2437da7-9419-483b-9357-1f1125b639c3	2	239345264	239490797	83	0.5573
f2437da7-9419-483b-9357-1f1125b639c3	2	239491519	241537572	1169	0.1819
f2437da7-9419-483b-9357-1f1125b639c3	3	2170634	4470207	1224	-0.1518
f2437da7-9419-483b-9357-1f1125b639c3	3	4471540	4760283	260	-0.2749
f2437da7-9419-483b-9357-1f1125b639c3	3	4760481	5256006	256	-0.1834
f2437da7-9419-483b-9357-1f1125b639c3	3	5258084	8414600	1759	-0.1261
f2437da7-9419-483b-9357-1f1125b639c3	3	8415103	9306809	723	-0.178
f2437da7-9419-483b-9357-1f1125b639c3	3	9308483	9364915	28	0.2006
f2437da7-9419-483b-9357-1f1125b639c3	3	9371727	17772670	5279	-0.1878
f2437da7-9419-483b-9357-1f1125b639c3	3	17773061	36935435	11263	-0.1423
f2437da7-9419-483b-9357-1f1125b639c3	3	36939872	45568874	5002	-0.1823
f2437da7-9419-483b-9357-1f1125b639c3	3	45571887	45582507	16	0.3693
f2437da7-9419-483b-9357-1f1125b639c3	3	45582916	51916095	2766	-0.1946
f2437da7-9419-483b-9357-1f1125b639c3	3	51919692	51994334	25	0.1386
f2437da7-9419-483b-9357-1f1125b639c3	3	51998133	52015851	6	0.6375
f2437da7-9419-483b-9357-1f1125b639c3	3	52022322	52106751	30	0.1622
f2437da7-9419-483b-9357-1f1125b639c3	3	52110554	52275363	58	-0.2275
f2437da7-9419-483b-9357-1f1125b639c3	3	52286896	52697507	170	0.4863
f2437da7-9419-483b-9357-1f1125b639c3	3	52699214	52968134	138	-0.1586
f2437da7-9419-483b-9357-1f1125b639c3	3	52970604	53082649	73	0.2526
f2437da7-9419-483b-9357-1f1125b639c3	3	53084188	53172778	48	0.4621
f2437da7-9419-483b-9357-1f1125b639c3	3	53174901	53275657	52	0.1481
f2437da7-9419-483b-9357-1f1125b639c3	3	53279022	59330855	3917	-0.2
f2437da7-9419-483b-9357-1f1125b639c3	3	59331665	63766687	2419	-0.1472
f2437da7-9419-483b-9357-1f1125b639c3	3	63766959	66059007	1909	-0.2016
f2437da7-9419-483b-9357-1f1125b639c3	3	66062744	71881966	3895	-0.1423
f2437da7-9419-483b-9357-1f1125b639c3	3	71883545	72741679	691	-0.2155
f2437da7-9419-483b-9357-1f1125b639c3	3	72742389	104058115	14218	-0.1433
f2437da7-9419-483b-9357-1f1125b639c3	3	104058314	125122169	12400	-0.1857
f2437da7-9419-483b-9357-1f1125b639c3	3	125129058	125685089	327	0.1843
f2437da7-9419-483b-9357-1f1125b639c3	3	125688845	129082001	1893	-0.1784
f2437da7-9419-483b-9357-1f1125b639c3	3	129101652	129554438	182	0.1912
f2437da7-9419-483b-9357-1f1125b639c3	3	129554876	138822570	5162	-0.1608
f2437da7-9419-483b-9357-1f1125b639c3	3	138825636	139861889	580	0.2494
f2437da7-9419-483b-9357-1f1125b639c3	3	139862265	140999531	862	-0.1621
f2437da7-9419-483b-9357-1f1125b639c3	3	140999808	141387221	229	0.2358
f2437da7-9419-483b-9357-1f1125b639c3	3	141387323	143146328	760	-0.2025
f2437da7-9419-483b-9357-1f1125b639c3	3	143146836	148668960	2528	-0.138
f2437da7-9419-483b-9357-1f1125b639c3	3	148669069	148815397	119	-0.2521
f2437da7-9419-483b-9357-1f1125b639c3	3	148815610	148837438	24	0.5435
f2437da7-9419-483b-9357-1f1125b639c3	3	148838940	151996882	1891	-0.2151
f2437da7-9419-483b-9357-1f1125b639c3	3	151997889	169535194	8881	-0.1459
f2437da7-9419-483b-9357-1f1125b639c3	3	169535208	172929032	1890	-0.1951
f2437da7-9419-483b-9357-1f1125b639c3	3	172931375	177421669	1926	-0.1517
f2437da7-9419-483b-9357-1f1125b639c3	3	177421983	178397999	591	-0.2529
f2437da7-9419-483b-9357-1f1125b639c3	3	178398064	182118945	2064	-0.1446
f2437da7-9419-483b-9357-1f1125b639c3	3	182121112	182129142	2	-1.4291
f2437da7-9419-483b-9357-1f1125b639c3	3	182129555	183162323	574	-0.1492
f2437da7-9419-483b-9357-1f1125b639c3	3	183165529	186322683	1358	-0.2159
f2437da7-9419-483b-9357-1f1125b639c3	3	186324193	186324425	2	-1.6435
f2437da7-9419-483b-9357-1f1125b639c3	3	186324872	191769615	3751	-0.1862
f2437da7-9419-483b-9357-1f1125b639c3	3	191769827	192342878	240	0.1419
f2437da7-9419-483b-9357-1f1125b639c3	3	192344905	197812401	2210	-0.2005
f2437da7-9419-483b-9357-1f1125b639c3	4	1059384	26917991	16093	-0.754
f2437da7-9419-483b-9357-1f1125b639c3	4	26919664	30639806	2349	-0.6707
f2437da7-9419-483b-9357-1f1125b639c3	4	30642356	31908148	771	-0.7308
f2437da7-9419-483b-9357-1f1125b639c3	4	31908723	33774120	972	-0.112
f2437da7-9419-483b-9357-1f1125b639c3	4	33777048	37554090	2283	-0.6883
f2437da7-9419-483b-9357-1f1125b639c3	4	37554860	42624745	3036	-0.7759
f2437da7-9419-483b-9357-1f1125b639c3	4	42630469	47847449	2471	-0.6965
f2437da7-9419-483b-9357-1f1125b639c3	4	47850786	47852602	2	-3.9346
f2437da7-9419-483b-9357-1f1125b639c3	4	47853128	51832470	121	-0.7433
f2437da7-9419-483b-9357-1f1125b639c3	4	51832591	57484125	3645	-0.1825
f2437da7-9419-483b-9357-1f1125b639c3	4	57484433	61101128	2104	-0.1228
f2437da7-9419-483b-9357-1f1125b639c3	4	61101334	61784116	366	-0.2158
f2437da7-9419-483b-9357-1f1125b639c3	4	61784205	65917565	2117	-0.1116
f2437da7-9419-483b-9357-1f1125b639c3	4	65917736	79046229	7082	-0.1605
f2437da7-9419-483b-9357-1f1125b639c3	4	79047770	82411802	1903	-0.1117
f2437da7-9419-483b-9357-1f1125b639c3	4	82412095	87645958	3096	-0.192
f2437da7-9419-483b-9357-1f1125b639c3	4	87646070	98102000	5759	-0.1372
f2437da7-9419-483b-9357-1f1125b639c3	4	98102986	103118502	2812	-0.185
f2437da7-9419-483b-9357-1f1125b639c3	4	103118640	139000470	19405	-0.1393
f2437da7-9419-483b-9357-1f1125b639c3	4	139000723	141016544	1313	-0.2198
f2437da7-9419-483b-9357-1f1125b639c3	4	141016856	150482618	5162	-0.1374
f2437da7-9419-483b-9357-1f1125b639c3	4	150484925	153903350	1855	-0.1974
f2437da7-9419-483b-9357-1f1125b639c3	4	153903381	154764357	474	-0.1234
f2437da7-9419-483b-9357-1f1125b639c3	4	154770456	154770556	2	-1.6915
f2437da7-9419-483b-9357-1f1125b639c3	4	154770623	159240076	2685	-0.1305
f2437da7-9419-483b-9357-1f1125b639c3	4	159240764	159491584	156	-0.2808
f2437da7-9419-483b-9357-1f1125b639c3	4	159492666	179855509	11054	-0.1348
f2437da7-9419-483b-9357-1f1125b639c3	4	179855725	182460131	1600	-0.2358
f2437da7-9419-483b-9357-1f1125b639c3	4	182471238	182528763	40	-0.7372
f2437da7-9419-483b-9357-1f1125b639c3	4	182531061	186094670	1124	-0.2463
f2437da7-9419-483b-9357-1f1125b639c3	4	186095456	187842528	1006	-0.1594
f2437da7-9419-483b-9357-1f1125b639c3	5	913983	1288546	58	-0.1546
f2437da7-9419-483b-9357-1f1125b639c3	5	1288579	1376906	41	0.2422
f2437da7-9419-483b-9357-1f1125b639c3	5	1377448	10261111	6760	-0.1481
f2437da7-9419-483b-9357-1f1125b639c3	5	10263470	10323566	39	-0.5001
f2437da7-9419-483b-9357-1f1125b639c3	5	10323670	34865497	13087	-0.1546
f2437da7-9419-483b-9357-1f1125b639c3	5	34871481	34886431	10	0.3714
f2437da7-9419-483b-9357-1f1125b639c3	5	34888779	34893082	6	1.033
f2437da7-9419-483b-9357-1f1125b639c3	5	34899928	39552313	2950	-0.1876
f2437da7-9419-483b-9357-1f1125b639c3	5	39552350	52596020	4012	-0.1543
f2437da7-9419-483b-9357-1f1125b639c3	5	52597196	58948667	4176	-0.1995
f2437da7-9419-483b-9357-1f1125b639c3	5	58948860	67994653	5130	-0.1461
f2437da7-9419-483b-9357-1f1125b639c3	5	67995008	80350280	6364	-0.1954
f2437da7-9419-483b-9357-1f1125b639c3	5	80350567	123811156	23297	-0.1516
f2437da7-9419-483b-9357-1f1125b639c3	5	123811370	128135121	2564	-0.1974
f2437da7-9419-483b-9357-1f1125b639c3	5	128135200	131169461	1653	-0.1167
f2437da7-9419-483b-9357-1f1125b639c3	5	131169702	134498450	1984	-0.1855
f2437da7-9419-483b-9357-1f1125b639c3	5	134504618	134732464	106	0.476
f2437da7-9419-483b-9357-1f1125b639c3	5	134734552	138944727	2598	-0.1934
f2437da7-9419-483b-9357-1f1125b639c3	5	138949295	139338823	168	0.1749
f2437da7-9419-483b-9357-1f1125b639c3	5	139339325	143422369	2168	-0.2082
f2437da7-9419-483b-9357-1f1125b639c3	5	143424279	149314387	3816	-0.1562
f2437da7-9419-483b-9357-1f1125b639c3	5	149314854	151078585	1115	-0.2237
f2437da7-9419-483b-9357-1f1125b639c3	5	151082906	151219101	99	0.1103
f2437da7-9419-483b-9357-1f1125b639c3	5	151221791	159669088	5580	-0.1867
f2437da7-9419-483b-9357-1f1125b639c3	5	159676360	167428790	4826	-0.1218
f2437da7-9419-483b-9357-1f1125b639c3	5	167430010	167430337	2	-2.6213
f2437da7-9419-483b-9357-1f1125b639c3	5	167437318	168487809	849	-0.1354
f2437da7-9419-483b-9357-1f1125b639c3	5	168489623	169685390	884	-0.1725
f2437da7-9419-483b-9357-1f1125b639c3	5	169686071	169687001	2	-1.7648
f2437da7-9419-483b-9357-1f1125b639c3	5	169688349	170583783	710	-0.1762
f2437da7-9419-483b-9357-1f1125b639c3	5	170585822	170588200	3	-1.5892
f2437da7-9419-483b-9357-1f1125b639c3	5	170590660	173511004	1639	-0.1834
f2437da7-9419-483b-9357-1f1125b639c3	5	173513436	174011931	440	0.1629
f2437da7-9419-483b-9357-1f1125b639c3	5	174020717	180934240	3461	-0.1662
f2437da7-9419-483b-9357-1f1125b639c3	6	1011760	8031390	5192	-0.192
f2437da7-9419-483b-9357-1f1125b639c3	6	8034648	10175020	1465	-0.1311
f2437da7-9419-483b-9357-1f1125b639c3	6	10177065	18226607	5399	-0.1899
f2437da7-9419-483b-9357-1f1125b639c3	6	18226735	24300659	4391	-0.1397
f2437da7-9419-483b-9357-1f1125b639c3	6	24304925	36136514	4431	-0.2096
f2437da7-9419-483b-9357-1f1125b639c3	6	36142124	36228385	38	0.7509
f2437da7-9419-483b-9357-1f1125b639c3	6	36229505	36247511	17	1.7213
f2437da7-9419-483b-9357-1f1125b639c3	6	36247916	36282662	23	0.8474
f2437da7-9419-483b-9357-1f1125b639c3	6	36286122	36298302	15	0.4558
f2437da7-9419-483b-9357-1f1125b639c3	6	36299154	36394278	95	0.1274
f2437da7-9419-483b-9357-1f1125b639c3	6	36394415	43031803	4422	-0.2013
f2437da7-9419-483b-9357-1f1125b639c3	6	43034569	43121240	49	0.0658
f2437da7-9419-483b-9357-1f1125b639c3	6	43126406	43147482	10	0.5827
f2437da7-9419-483b-9357-1f1125b639c3	6	43147882	43200379	28	0.151
f2437da7-9419-483b-9357-1f1125b639c3	6	43200426	43338726	76	-0.1573
f2437da7-9419-483b-9357-1f1125b639c3	6	43341150	44815958	862	-0.2427
f2437da7-9419-483b-9357-1f1125b639c3	6	44819889	49683780	2751	-0.1634
f2437da7-9419-483b-9357-1f1125b639c3	6	49684037	49767508	51	0.2784
f2437da7-9419-483b-9357-1f1125b639c3	6	49769967	52636495	1757	-0.1426
f2437da7-9419-483b-9357-1f1125b639c3	6	52637003	53484200	556	-0.2573
f2437da7-9419-483b-9357-1f1125b639c3	6	53485171	53744588	201	-0.1601
f2437da7-9419-483b-9357-1f1125b639c3	6	53746954	54174329	316	0.2208
f2437da7-9419-483b-9357-1f1125b639c3	6	54178561	54806142	404	-0.1586
f2437da7-9419-483b-9357-1f1125b639c3	6	54807425	56457022	1022	0.2618
f2437da7-9419-483b-9357-1f1125b639c3	6	56460844	61611857	418	0.1501
f2437da7-9419-483b-9357-1f1125b639c3	6	61614036	85406148	13299	0.2506
f2437da7-9419-483b-9357-1f1125b639c3	6	85406814	89859915	2458	0.2066
f2437da7-9419-483b-9357-1f1125b639c3	6	89860146	105344944	8247	0.2627
f2437da7-9419-483b-9357-1f1125b639c3	6	105345418	108130689	1790	0.2087
f2437da7-9419-483b-9357-1f1125b639c3	6	108137793	108512348	167	0.5248
f2437da7-9419-483b-9357-1f1125b639c3	6	108520505	122248964	7615	0.2131
f2437da7-9419-483b-9357-1f1125b639c3	6	122259299	122457673	123	0.5255
f2437da7-9419-483b-9357-1f1125b639c3	6	122461431	122470077	3	-0.1739
f2437da7-9419-483b-9357-1f1125b639c3	6	122470803	122481002	10	0.6324
f2437da7-9419-483b-9357-1f1125b639c3	6	122481213	129575356	4197	0.2645
f2437da7-9419-483b-9357-1f1125b639c3	6	129575703	131841025	1509	0.1887
f2437da7-9419-483b-9357-1f1125b639c3	6	131841247	135147492	2246	0.2439
f2437da7-9419-483b-9357-1f1125b639c3	6	135149342	135362947	224	0.5528
f2437da7-9419-483b-9357-1f1125b639c3	6	135369598	143508435	4650	0.2136
f2437da7-9419-483b-9357-1f1125b639c3	6	143508894	145172339	1106	0.1614
f2437da7-9419-483b-9357-1f1125b639c3	6	145174127	152620724	5015	0.2223
f2437da7-9419-483b-9357-1f1125b639c3	6	152621686	154499991	1381	0.2869
f2437da7-9419-483b-9357-1f1125b639c3	6	154500052	169433410	8299	0.2285
f2437da7-9419-483b-9357-1f1125b639c3	6	169433412	169433413	2	-1.2274
f2437da7-9419-483b-9357-1f1125b639c3	6	169436587	170596889	442	0.2462
f2437da7-9419-483b-9357-1f1125b639c3	7	664936	2073427	350	-0.7332
f2437da7-9419-483b-9357-1f1125b639c3	7	2073692	2073820	3	-2.7019
f2437da7-9419-483b-9357-1f1125b639c3	7	2073965	2484745	134	-0.787
f2437da7-9419-483b-9357-1f1125b639c3	7	2485964	2587676	33	-0.2846
f2437da7-9419-483b-9357-1f1125b639c3	7	2590362	5418154	1315	-0.7419
f2437da7-9419-483b-9357-1f1125b639c3	7	5429171	11848051	2907	-0.1929
f2437da7-9419-483b-9357-1f1125b639c3	7	11848100	12289139	371	0.2207
f2437da7-9419-483b-9357-1f1125b639c3	7	12290180	25066229	8012	-0.1533
f2437da7-9419-483b-9357-1f1125b639c3	7	25066313	28173353	2058	-0.2191
f2437da7-9419-483b-9357-1f1125b639c3	7	28174778	72384692	22203	-0.1667
f2437da7-9419-483b-9357-1f1125b639c3	7	72384760	72424277	38	0.2773
f2437da7-9419-483b-9357-1f1125b639c3	7	72424481	72853922	67	0.5378
f2437da7-9419-483b-9357-1f1125b639c3	7	72854426	73387888	51	-0.2077
f2437da7-9419-483b-9357-1f1125b639c3	7	73389687	73583460	67	0.0928
f2437da7-9419-483b-9357-1f1125b639c3	7	73586988	75554581	457	-0.2077
f2437da7-9419-483b-9357-1f1125b639c3	7	75555853	76393107	333	-0.3163
f2437da7-9419-483b-9357-1f1125b639c3	7	76407292	80660231	2306	-0.1919
f2437da7-9419-483b-9357-1f1125b639c3	7	80661032	85022015	2734	-0.1301
f2437da7-9419-483b-9357-1f1125b639c3	7	85024546	94504388	4355	-0.1714
f2437da7-9419-483b-9357-1f1125b639c3	7	94504488	95672754	684	-0.2468
f2437da7-9419-483b-9357-1f1125b639c3	7	95672768	98258697	1474	-0.149
f2437da7-9419-483b-9357-1f1125b639c3	7	98258809	108596156	4992	-0.2181
f2437da7-9419-483b-9357-1f1125b639c3	7	108597413	128446778	10602	-0.1578
f2437da7-9419-483b-9357-1f1125b639c3	7	128448919	131268993	1275	-0.2182
f2437da7-9419-483b-9357-1f1125b639c3	7	131269069	136393074	3216	-0.1736
f2437da7-9419-483b-9357-1f1125b639c3	7	136393266	137187211	481	-0.0975
f2437da7-9419-483b-9357-1f1125b639c3	7	137191498	138798006	986	-0.2026
f2437da7-9419-483b-9357-1f1125b639c3	7	138801791	139218896	231	0.2118
f2437da7-9419-483b-9357-1f1125b639c3	7	139224412	144489262	2323	-0.1672
f2437da7-9419-483b-9357-1f1125b639c3	7	144489647	148216606	2226	-0.1228
f2437da7-9419-483b-9357-1f1125b639c3	7	148217793	158592540	5277	-0.1681
f2437da7-9419-483b-9357-1f1125b639c3	8	667625	17007049	8354	-0.1569
f2437da7-9419-483b-9357-1f1125b639c3	8	17007162	19521910	2081	-0.2348
f2437da7-9419-483b-9357-1f1125b639c3	8	19522165	21961157	1958	-0.158
f2437da7-9419-483b-9357-1f1125b639c3	8	21963302	30774422	5657	-0.2169
f2437da7-9419-483b-9357-1f1125b639c3	8	30782578	37712117	3973	-0.1466
f2437da7-9419-483b-9357-1f1125b639c3	8	37715828	38501863	299	0.1618
f2437da7-9419-483b-9357-1f1125b639c3	8	38501950	52357181	5621	-0.1878
f2437da7-9419-483b-9357-1f1125b639c3	8	52357798	96338727	25285	-0.1602
f2437da7-9419-483b-9357-1f1125b639c3	8	96341332	100543768	2316	-0.2001
f2437da7-9419-483b-9357-1f1125b639c3	8	100544037	100544509	2	-1.6601
f2437da7-9419-483b-9357-1f1125b639c3	8	100550021	103992431	2076	-0.1964
f2437da7-9419-483b-9357-1f1125b639c3	8	103993288	104157176	86	0.2244
f2437da7-9419-483b-9357-1f1125b639c3	8	104157222	104520862	233	0.4669
f2437da7-9419-483b-9357-1f1125b639c3	8	104537110	104708910	106	0.2384
f2437da7-9419-483b-9357-1f1125b639c3	8	104710732	124427474	11410	-0.1568
f2437da7-9419-483b-9357-1f1125b639c3	8	124428652	124824144	278	0.1163
f2437da7-9419-483b-9357-1f1125b639c3	8	124826308	126839259	1411	-0.1824
f2437da7-9419-483b-9357-1f1125b639c3	8	126843691	126844908	2	-2.0666
f2437da7-9419-483b-9357-1f1125b639c3	8	126845104	127854222	761	-0.2231
f2437da7-9419-483b-9357-1f1125b639c3	8	127861303	128703972	639	0.1557
f2437da7-9419-483b-9357-1f1125b639c3	8	128705605	129592886	540	-0.1814
f2437da7-9419-483b-9357-1f1125b639c3	8	129595376	130453789	514	0.1866
f2437da7-9419-483b-9357-1f1125b639c3	8	130454984	143162239	7997	-0.157
f2437da7-9419-483b-9357-1f1125b639c3	8	143174371	143228447	13	0.1373
f2437da7-9419-483b-9357-1f1125b639c3	8	143232207	143672709	125	0.5462
f2437da7-9419-483b-9357-1f1125b639c3	8	143672895	143833001	21	0.3068
f2437da7-9419-483b-9357-1f1125b639c3	8	143838519	144008157	32	-0.1654
f2437da7-9419-483b-9357-1f1125b639c3	8	144008313	144182542	48	0.4671
f2437da7-9419-483b-9357-1f1125b639c3	9	789794	1981505	597	0.1682
f2437da7-9419-483b-9357-1f1125b639c3	9	1981634	2798358	780	0.0771
f2437da7-9419-483b-9357-1f1125b639c3	9	2798523	9238929	3924	0.1418
f2437da7-9419-483b-9357-1f1125b639c3	9	9239154	9551773	119	-0.1259
f2437da7-9419-483b-9357-1f1125b639c3	9	9575039	9599760	20	-0.7939
f2437da7-9419-483b-9357-1f1125b639c3	9	9601987	9769633	121	-0.1579
f2437da7-9419-483b-9357-1f1125b639c3	9	9822053	22674283	8490	0.1557
f2437da7-9419-483b-9357-1f1125b639c3	9	22681423	32077550	5338	0.1857
f2437da7-9419-483b-9357-1f1125b639c3	9	32077597	33186231	814	0.1319
f2437da7-9419-483b-9357-1f1125b639c3	9	33186790	33346801	117	0.4001
f2437da7-9419-483b-9357-1f1125b639c3	9	33347196	33622774	109	0.0887
f2437da7-9419-483b-9357-1f1125b639c3	9	33622826	34604533	530	0.4448
f2437da7-9419-483b-9357-1f1125b639c3	9	34605025	38746622	2534	0.1201
f2437da7-9419-483b-9357-1f1125b639c3	9	38746909	68585495	133	-0.0055
f2437da7-9419-483b-9357-1f1125b639c3	9	68586903	68620313	41	0.4144
f2437da7-9419-483b-9357-1f1125b639c3	9	68620337	69118752	450	0.0864
f2437da7-9419-483b-9357-1f1125b639c3	9	69125255	69127809	3	1.3351
f2437da7-9419-483b-9357-1f1125b639c3	9	69131137	80608516	7926	0.1505
f2437da7-9419-483b-9357-1f1125b639c3	9	80608774	80608813	2	-2.2561
f2437da7-9419-483b-9357-1f1125b639c3	9	80614045	84696470	2779	0.1477
f2437da7-9419-483b-9357-1f1125b639c3	9	84696800	85854161	811	0.205
f2437da7-9419-483b-9357-1f1125b639c3	9	85856783	89589237	2525	0.1304
f2437da7-9419-483b-9357-1f1125b639c3	9	89589257	90188207	498	0.4374
f2437da7-9419-483b-9357-1f1125b639c3	9	90189021	98868614	5370	0.1402
f2437da7-9419-483b-9357-1f1125b639c3	9	98870800	98951116	76	0.4069
f2437da7-9419-483b-9357-1f1125b639c3	9	98954634	99033622	55	0.0936
f2437da7-9419-483b-9357-1f1125b639c3	9	99034834	99262380	138	0.4234
f2437da7-9419-483b-9357-1f1125b639c3	9	99262649	100689786	767	0.1185
f2437da7-9419-483b-9357-1f1125b639c3	9	100690045	103684949	1667	0.1956
f2437da7-9419-483b-9357-1f1125b639c3	9	103687416	108912480	3799	0.1399
f2437da7-9419-483b-9357-1f1125b639c3	9	108912612	109505698	407	0.0528
f2437da7-9419-483b-9357-1f1125b639c3	9	109507200	111398979	1479	0.17
f2437da7-9419-483b-9357-1f1125b639c3	9	111400756	111800461	228	0.3502
f2437da7-9419-483b-9357-1f1125b639c3	9	111806336	111836680	24	1.027
f2437da7-9419-483b-9357-1f1125b639c3	9	111837062	111854916	23	1.605
f2437da7-9419-483b-9357-1f1125b639c3	9	111855741	111865190	5	1.0348
f2437da7-9419-483b-9357-1f1125b639c3	9	111865238	112165255	210	0.3728
f2437da7-9419-483b-9357-1f1125b639c3	9	112165376	112904026	324	0.064
f2437da7-9419-483b-9357-1f1125b639c3	9	112905186	113205487	155	0.2022
f2437da7-9419-483b-9357-1f1125b639c3	9	113209691	113477975	171	0.1017
f2437da7-9419-483b-9357-1f1125b639c3	9	113485390	113578105	47	0.4918
f2437da7-9419-483b-9357-1f1125b639c3	9	113578876	113904776	209	0.1158
f2437da7-9419-483b-9357-1f1125b639c3	9	113905634	113922765	14	-0.2537
f2437da7-9419-483b-9357-1f1125b639c3	9	113922923	114632830	546	0.0819
f2437da7-9419-483b-9357-1f1125b639c3	9	114632947	120386659	4381	0.1673
f2437da7-9419-483b-9357-1f1125b639c3	9	120387173	121285591	554	0.4449
f2437da7-9419-483b-9357-1f1125b639c3	9	121292328	124416334	1958	0.1259
f2437da7-9419-483b-9357-1f1125b639c3	9	124417968	124472034	34	0.4615
f2437da7-9419-483b-9357-1f1125b639c3	9	124481221	126021702	820	0.0996
f2437da7-9419-483b-9357-1f1125b639c3	9	126021797	126698635	460	0.1911
f2437da7-9419-483b-9357-1f1125b639c3	9	126698932	127684214	557	0.099
f2437da7-9419-483b-9357-1f1125b639c3	9	127693412	128454234	345	0.3457
f2437da7-9419-483b-9357-1f1125b639c3	9	128459609	128834519	149	0.0461
f2437da7-9419-483b-9357-1f1125b639c3	9	128847695	129159086	115	0.3529
f2437da7-9419-483b-9357-1f1125b639c3	9	129161441	133854822	2930	0.1004
f2437da7-9419-483b-9357-1f1125b639c3	9	133855363	134138998	153	0.4181
f2437da7-9419-483b-9357-1f1125b639c3	9	134141968	136501661	989	0.1645
f2437da7-9419-483b-9357-1f1125b639c3	9	136507052	136871168	80	0.6724
f2437da7-9419-483b-9357-1f1125b639c3	9	136871774	136891204	8	0.0603
f2437da7-9419-483b-9357-1f1125b639c3	9	136893123	137030185	31	0.509
f2437da7-9419-483b-9357-1f1125b639c3	9	137044341	137124458	23	0.1717
f2437da7-9419-483b-9357-1f1125b639c3	9	137128555	138044505	254	-0.2906
f2437da7-9419-483b-9357-1f1125b639c3	10	366509	8357796	5501	0.236
f2437da7-9419-483b-9357-1f1125b639c3	10	8358119	11320354	2328	0.2699
f2437da7-9419-483b-9357-1f1125b639c3	10	11322882	23838764	8843	0.2205
f2437da7-9419-483b-9357-1f1125b639c3	10	23838958	28530477	3017	-0.155
f2437da7-9419-483b-9357-1f1125b639c3	10	28531380	35684585	4729	-0.2038
f2437da7-9419-483b-9357-1f1125b639c3	10	35684666	51063142	5390	-0.165
f2437da7-9419-483b-9357-1f1125b639c3	10	51068355	56611058	3230	0.2237
f2437da7-9419-483b-9357-1f1125b639c3	10	56619787	57534309	530	-0.1343
f2437da7-9419-483b-9357-1f1125b639c3	10	57534618	63889076	4253	0.2255
f2437da7-9419-483b-9357-1f1125b639c3	10	63889646	67386967	1889	-0.1443
f2437da7-9419-483b-9357-1f1125b639c3	10	67393457	67697868	151	-0.6571
f2437da7-9419-483b-9357-1f1125b639c3	10	67705854	69014283	672	-0.2071
f2437da7-9419-483b-9357-1f1125b639c3	10	69014392	69512057	320	0.1775
f2437da7-9419-483b-9357-1f1125b639c3	10	69512378	69753891	210	0.5501
f2437da7-9419-483b-9357-1f1125b639c3	10	69754403	70223028	388	0.7533
f2437da7-9419-483b-9357-1f1125b639c3	10	70224677	70653677	308	0.5082
f2437da7-9419-483b-9357-1f1125b639c3	10	70804124	71101508	236	0.2179
f2437da7-9419-483b-9357-1f1125b639c3	10	71102715	72263962	799	-0.218
f2437da7-9419-483b-9357-1f1125b639c3	10	72264768	77596694	3017	0.1846
f2437da7-9419-483b-9357-1f1125b639c3	10	77596963	78148715	360	0.4831
f2437da7-9419-483b-9357-1f1125b639c3	10	78148863	79079317	805	0.214
f2437da7-9419-483b-9357-1f1125b639c3	10	79079512	80248789	317	0.4893
f2437da7-9419-483b-9357-1f1125b639c3	10	80252343	82112944	1285	0.2375
f2437da7-9419-483b-9357-1f1125b639c3	10	82113375	82812955	464	0.1382
f2437da7-9419-483b-9357-1f1125b639c3	10	82814584	86714867	2797	0.2423
f2437da7-9419-483b-9357-1f1125b639c3	10	86719022	87796051	400	0.12
f2437da7-9419-483b-9357-1f1125b639c3	10	87796487	100968862	8007	0.2131
f2437da7-9419-483b-9357-1f1125b639c3	10	100975021	101126968	94	0.4881
f2437da7-9419-483b-9357-1f1125b639c3	10	101128718	103940744	1254	0.1603
f2437da7-9419-483b-9357-1f1125b639c3	10	103944040	124486981	14283	0.2285
f2437da7-9419-483b-9357-1f1125b639c3	10	124488235	124572044	67	0.4753
f2437da7-9419-483b-9357-1f1125b639c3	10	124572306	126642782	1431	0.2245
f2437da7-9419-483b-9357-1f1125b639c3	10	126645727	126713346	47	0.1305
f2437da7-9419-483b-9357-1f1125b639c3	10	126713512	132435328	3289	0.2719
f2437da7-9419-483b-9357-1f1125b639c3	10	132438515	132500837	32	0.5839
f2437da7-9419-483b-9357-1f1125b639c3	10	132501316	133383757	200	0.3106
f2437da7-9419-483b-9357-1f1125b639c3	10	133383915	133411599	12	-0.1254
f2437da7-9419-483b-9357-1f1125b639c3	11	456012	2069786	421	0.2114
f2437da7-9419-483b-9357-1f1125b639c3	11	2071753	2346227	109	0.5234
f2437da7-9419-483b-9357-1f1125b639c3	11	2346565	6569172	2380	0.2191
f2437da7-9419-483b-9357-1f1125b639c3	11	6569765	6651109	55	0.8009
f2437da7-9419-483b-9357-1f1125b639c3	11	6651782	6850660	143	0.5099
f2437da7-9419-483b-9357-1f1125b639c3	11	6851635	8482196	1175	0.2362
f2437da7-9419-483b-9357-1f1125b639c3	11	8482627	9534570	546	0.1506
f2437da7-9419-483b-9357-1f1125b639c3	11	9535643	9658819	71	0.4525
f2437da7-9419-483b-9357-1f1125b639c3	11	9660312	18254789	6121	0.2034
f2437da7-9419-483b-9357-1f1125b639c3	11	18258661	18375963	79	0.0185
f2437da7-9419-483b-9357-1f1125b639c3	11	18376512	22834307	3364	0.2171
f2437da7-9419-483b-9357-1f1125b639c3	11	22841980	40234201	10667	0.1846
f2437da7-9419-483b-9357-1f1125b639c3	11	40236150	41515462	894	0.1222
f2437da7-9419-483b-9357-1f1125b639c3	11	41515727	47198243	3514	0.1755
f2437da7-9419-483b-9357-1f1125b639c3	11	47203692	47318716	56	0.6555
f2437da7-9419-483b-9357-1f1125b639c3	11	47326282	47368563	17	1.0168
f2437da7-9419-483b-9357-1f1125b639c3	11	47371752	47421342	21	0.733
f2437da7-9419-483b-9357-1f1125b639c3	11	47427521	47973747	236	0.1181
f2437da7-9419-483b-9357-1f1125b639c3	11	47974014	60799354	3230	0.234
f2437da7-9419-483b-9357-1f1125b639c3	11	60811046	62444279	866	0.1555
f2437da7-9419-483b-9357-1f1125b639c3	11	62444618	62730029	110	0.7049
f2437da7-9419-483b-9357-1f1125b639c3	11	62730490	62847064	51	0.352
f2437da7-9419-483b-9357-1f1125b639c3	11	62847365	62861301	13	0.737
f2437da7-9419-483b-9357-1f1125b639c3	11	62862603	64828200	841	0.1916
f2437da7-9419-483b-9357-1f1125b639c3	11	65902628	67025858	424	-0.2296
f2437da7-9419-483b-9357-1f1125b639c3	11	67036566	67084617	23	0.2039
f2437da7-9419-483b-9357-1f1125b639c3	11	67091644	72132213	2317	-0.2049
f2437da7-9419-483b-9357-1f1125b639c3	11	72134352	72267350	31	0.1977
f2437da7-9419-483b-9357-1f1125b639c3	11	72270617	72610263	169	-0.2423
f2437da7-9419-483b-9357-1f1125b639c3	11	72611135	76302504	1924	0.1757
f2437da7-9419-483b-9357-1f1125b639c3	11	76303929	76362052	31	0.5598
f2437da7-9419-483b-9357-1f1125b639c3	11	76362958	88353783	7517	0.1938
f2437da7-9419-483b-9357-1f1125b639c3	11	88353866	94468258	3299	0.2399
f2437da7-9419-483b-9357-1f1125b639c3	11	94468458	110049619	9793	0.194
f2437da7-9419-483b-9357-1f1125b639c3	11	110053206	110599294	361	0.0842
f2437da7-9419-483b-9357-1f1125b639c3	11	110601306	118429525	5488	0.1963
f2437da7-9419-483b-9357-1f1125b639c3	11	118431070	119154319	471	0.0889
f2437da7-9419-483b-9357-1f1125b639c3	11	119156835	123400588	3007	0.2037
f2437da7-9419-483b-9357-1f1125b639c3	11	123401601	123603639	151	0.0199
f2437da7-9419-483b-9357-1f1125b639c3	11	123603823	123679509	76	0.2175
f2437da7-9419-483b-9357-1f1125b639c3	11	123685986	130122835	4626	-0.1806
f2437da7-9419-483b-9357-1f1125b639c3	11	130124514	130186437	33	0.2354
f2437da7-9419-483b-9357-1f1125b639c3	11	130187521	134272740	2537	-0.1768
f2437da7-9419-483b-9357-1f1125b639c3	12	780472	1830086	255	0.1748
f2437da7-9419-483b-9357-1f1125b639c3	12	1835331	1949529	52	0.5873
f2437da7-9419-483b-9357-1f1125b639c3	12	1949651	2047075	67	0.4107
f2437da7-9419-483b-9357-1f1125b639c3	12	2047738	2266652	137	0.5588
f2437da7-9419-483b-9357-1f1125b639c3	12	2272178	2467007	168	0.2532
f2437da7-9419-483b-9357-1f1125b639c3	12	2469101	6427959	2896	0.2209
f2437da7-9419-483b-9357-1f1125b639c3	12	6428331	7148424	306	0.0998
f2437da7-9419-483b-9357-1f1125b639c3	12	7149124	11208140	1697	0.2165
f2437da7-9419-483b-9357-1f1125b639c3	12	11211704	12838592	1128	0.1433
f2437da7-9419-483b-9357-1f1125b639c3	12	12838941	18202502	3244	0.2437
f2437da7-9419-483b-9357-1f1125b639c3	12	18205337	19544560	747	0.1733
f2437da7-9419-483b-9357-1f1125b639c3	12	19545137	25177517	3553	0.2452
f2437da7-9419-483b-9357-1f1125b639c3	12	25181420	25226236	61	-0.0304
f2437da7-9419-483b-9357-1f1125b639c3	12	25226354	32768632	4999	0.1945
f2437da7-9419-483b-9357-1f1125b639c3	12	32769072	47510214	5181	0.2369
f2437da7-9419-483b-9357-1f1125b639c3	12	47516876	51512565	1958	0.1482
f2437da7-9419-483b-9357-1f1125b639c3	12	51515913	55677133	2316	0.219
f2437da7-9419-483b-9357-1f1125b639c3	12	55677987	56769753	489	0.1129
f2437da7-9419-483b-9357-1f1125b639c3	12	56771406	57947542	545	0.2081
f2437da7-9419-483b-9357-1f1125b639c3	12	57948153	63229373	3400	0.2716
f2437da7-9419-483b-9357-1f1125b639c3	12	63229409	63232842	3	-0.7306
f2437da7-9419-483b-9357-1f1125b639c3	12	63232912	64516653	575	0.2692
f2437da7-9419-483b-9357-1f1125b639c3	12	64517506	64695722	132	0.0749
f2437da7-9419-483b-9357-1f1125b639c3	12	64696671	66217731	866	0.2441
f2437da7-9419-483b-9357-1f1125b639c3	12	66222845	66467332	165	0.3201
f2437da7-9419-483b-9357-1f1125b639c3	12	66469845	66474195	5	-0.3216
f2437da7-9419-483b-9357-1f1125b639c3	12	66482424	67100087	484	0.3087
f2437da7-9419-483b-9357-1f1125b639c3	12	67100110	70594939	2453	0.2294
f2437da7-9419-483b-9357-1f1125b639c3	12	70596097	74677510	2165	0.2943
f2437da7-9419-483b-9357-1f1125b639c3	12	74678313	74785641	82	0.1992
f2437da7-9419-483b-9357-1f1125b639c3	12	74792132	74792534	3	-0.7901
f2437da7-9419-483b-9357-1f1125b639c3	12	74793920	76757342	1242	0.2501
f2437da7-9419-483b-9357-1f1125b639c3	12	76760946	88000139	6641	0.3039
f2437da7-9419-483b-9357-1f1125b639c3	12	88000226	91123287	1816	0.265
f2437da7-9419-483b-9357-1f1125b639c3	12	91125910	95861926	3213	0.2201
f2437da7-9419-483b-9357-1f1125b639c3	12	95864088	98402179	1837	0.2883
f2437da7-9419-483b-9357-1f1125b639c3	12	98402998	98702503	149	0.1464
f2437da7-9419-483b-9357-1f1125b639c3	12	98704023	99197123	300	0.2621
f2437da7-9419-483b-9357-1f1125b639c3	12	99198111	100066311	425	0.3625
f2437da7-9419-483b-9357-1f1125b639c3	12	100071161	101565112	898	0.2218
f2437da7-9419-483b-9357-1f1125b639c3	12	101565667	108465968	4681	0.269
f2437da7-9419-483b-9357-1f1125b639c3	12	108466423	111732572	1547	0.2255
f2437da7-9419-483b-9357-1f1125b639c3	12	111735404	112372047	207	0.5079
f2437da7-9419-483b-9357-1f1125b639c3	12	112373648	115001773	1627	0.2687
f2437da7-9419-483b-9357-1f1125b639c3	12	115006106	115212314	178	0.5453
f2437da7-9419-483b-9357-1f1125b639c3	12	115212355	118130119	2144	0.2053
f2437da7-9419-483b-9357-1f1125b639c3	12	118135862	118271953	70	0.5565
f2437da7-9419-483b-9357-1f1125b639c3	12	118277086	120015022	1070	0.2689
f2437da7-9419-483b-9357-1f1125b639c3	12	120021690	120694297	311	0.1441
f2437da7-9419-483b-9357-1f1125b639c3	12	120695234	120770029	43	0.5211
f2437da7-9419-483b-9357-1f1125b639c3	12	120770681	121946438	578	0.2168
f2437da7-9419-483b-9357-1f1125b639c3	12	121947307	121992218	29	0.5811
f2437da7-9419-483b-9357-1f1125b639c3	12	121992502	122131379	45	0.1896
f2437da7-9419-483b-9357-1f1125b639c3	12	122135016	122250022	50	0.6909
f2437da7-9419-483b-9357-1f1125b639c3	12	122251595	123090291	330	0.1983
f2437da7-9419-483b-9357-1f1125b639c3	12	123095376	123205898	43	0.5019
f2437da7-9419-483b-9357-1f1125b639c3	12	123223603	124158800	427	0.235
f2437da7-9419-483b-9357-1f1125b639c3	12	124158845	124301945	108	0.6059
f2437da7-9419-483b-9357-1f1125b639c3	12	124305004	124624762	169	0.8837
f2437da7-9419-483b-9357-1f1125b639c3	12	124627393	124822302	145	1.3794
f2437da7-9419-483b-9357-1f1125b639c3	12	124825746	124869557	46	0.8397
f2437da7-9419-483b-9357-1f1125b639c3	12	124873191	132605822	3562	0.3035
f2437da7-9419-483b-9357-1f1125b639c3	13	18874255	19987948	377	-0.115
f2437da7-9419-483b-9357-1f1125b639c3	13	19988457	45050488	16115	-0.1917
f2437da7-9419-483b-9357-1f1125b639c3	13	45050991	45213806	92	0.1553
f2437da7-9419-483b-9357-1f1125b639c3	13	45218733	52687212	3730	-0.1894
f2437da7-9419-483b-9357-1f1125b639c3	13	52687892	114226675	36388	-0.1468
f2437da7-9419-483b-9357-1f1125b639c3	14	20033191	22878419	950	0.2027
f2437da7-9419-483b-9357-1f1125b639c3	14	22879743	24546149	791	-0.2222
f2437da7-9419-483b-9357-1f1125b639c3	14	24550123	34978092	6381	-0.1655
f2437da7-9419-483b-9357-1f1125b639c3	14	34982159	38890130	2231	-0.23
f2437da7-9419-483b-9357-1f1125b639c3	14	38896532	47427926	3639	0.1917
f2437da7-9419-483b-9357-1f1125b639c3	14	47430127	58075011	6798	0.1524
f2437da7-9419-483b-9357-1f1125b639c3	14	58080495	58306145	104	0.3798
f2437da7-9419-483b-9357-1f1125b639c3	14	58306310	61880205	2099	0.138
f2437da7-9419-483b-9357-1f1125b639c3	14	61880791	63433681	978	0.2031
f2437da7-9419-483b-9357-1f1125b639c3	14	63433942	71892615	4851	0.1232
f2437da7-9419-483b-9357-1f1125b639c3	14	71892924	72560292	621	0.1781
f2437da7-9419-483b-9357-1f1125b639c3	14	72561337	72594833	33	0.451
f2437da7-9419-483b-9357-1f1125b639c3	14	72602467	72759504	103	0.2104
f2437da7-9419-483b-9357-1f1125b639c3	14	72759678	77863084	3003	0.1173
f2437da7-9419-483b-9357-1f1125b639c3	14	77865077	90505551	8020	0.1664
f2437da7-9419-483b-9357-1f1125b639c3	14	90505951	90577400	37	0.4633
f2437da7-9419-483b-9357-1f1125b639c3	14	90578106	95461819	3213	0.1464
f2437da7-9419-483b-9357-1f1125b639c3	14	95463270	95524442	46	0.412
f2437da7-9419-483b-9357-1f1125b639c3	14	95524522	99578498	2999	0.1739
f2437da7-9419-483b-9357-1f1125b639c3	14	99578769	99687170	66	0.4718
f2437da7-9419-483b-9357-1f1125b639c3	14	99687895	101544331	1098	0.1559
f2437da7-9419-483b-9357-1f1125b639c3	14	101549944	102118062	219	0.4156
f2437da7-9419-483b-9357-1f1125b639c3	14	102125847	105533894	1262	0.1203
f2437da7-9419-483b-9357-1f1125b639c3	15	23437561	40088468	8394	0.1591
f2437da7-9419-483b-9357-1f1125b639c3	15	40090240	41472491	608	0.0724
f2437da7-9419-483b-9357-1f1125b639c3	15	41475029	41521726	17	0.4787
f2437da7-9419-483b-9357-1f1125b639c3	15	41522206	44792456	1469	0.0902
f2437da7-9419-483b-9357-1f1125b639c3	15	44792682	51689215	4053	0.139
f2437da7-9419-483b-9357-1f1125b639c3	15	51689346	52789024	683	0.0881
f2437da7-9419-483b-9357-1f1125b639c3	15	52792156	58509227	3751	0.1564
f2437da7-9419-483b-9357-1f1125b639c3	15	58509342	58645276	116	0.3668
f2437da7-9419-483b-9357-1f1125b639c3	15	58646740	61026194	1692	0.0796
f2437da7-9419-483b-9357-1f1125b639c3	15	61026251	63060619	1656	0.1383
f2437da7-9419-483b-9357-1f1125b639c3	15	63067466	63086530	21	0.496
f2437da7-9419-483b-9357-1f1125b639c3	15	63086803	63667706	329	0.0958
f2437da7-9419-483b-9357-1f1125b639c3	15	63668321	63671909	2	-1.0796
f2437da7-9419-483b-9357-1f1125b639c3	15	63673613	63982925	179	0.1267
f2437da7-9419-483b-9357-1f1125b639c3	15	63982971	64017067	27	0.4664
f2437da7-9419-483b-9357-1f1125b639c3	15	64017971	64311585	139	0.6444
f2437da7-9419-483b-9357-1f1125b639c3	15	64313917	64781933	198	0.3543
f2437da7-9419-483b-9357-1f1125b639c3	15	64782629	75854430	6301	0.1174
f2437da7-9419-483b-9357-1f1125b639c3	15	75856302	76204636	191	0.4426
f2437da7-9419-483b-9357-1f1125b639c3	15	76210954	77113018	394	0.1705
f2437da7-9419-483b-9357-1f1125b639c3	15	77113041	79047702	940	0.067
f2437da7-9419-483b-9357-1f1125b639c3	15	79049923	84147874	3121	0.1463
f2437da7-9419-483b-9357-1f1125b639c3	15	84150592	84581248	13	0.349
f2437da7-9419-483b-9357-1f1125b639c3	15	84584141	84602886	8	0.8018
f2437da7-9419-483b-9357-1f1125b639c3	15	84610377	84657715	34	0.3547
f2437da7-9419-483b-9357-1f1125b639c3	15	84666771	85174313	269	0.054
f2437da7-9419-483b-9357-1f1125b639c3	15	85175390	85183483	24	0.6342
f2437da7-9419-483b-9357-1f1125b639c3	15	85236347	85807277	172	0.0901
f2437da7-9419-483b-9357-1f1125b639c3	15	85807968	88867251	2177	0.1463
f2437da7-9419-483b-9357-1f1125b639c3	15	88867591	90875361	1118	0.0862
f2437da7-9419-483b-9357-1f1125b639c3	15	90878360	90953760	39	0.4078
f2437da7-9419-483b-9357-1f1125b639c3	15	90953847	91099041	45	0.0158
f2437da7-9419-483b-9357-1f1125b639c3	15	91099823	91364152	230	0.3918
f2437da7-9419-483b-9357-1f1125b639c3	15	91364241	92566900	1076	0.1453
f2437da7-9419-483b-9357-1f1125b639c3	15	92567227	93107447	356	0.395
f2437da7-9419-483b-9357-1f1125b639c3	15	93108090	94156918	315	0.1442
f2437da7-9419-483b-9357-1f1125b639c3	15	94160857	94233540	48	0.4633
f2437da7-9419-483b-9357-1f1125b639c3	15	94233701	98706859	3085	0.1559
f2437da7-9419-483b-9357-1f1125b639c3	15	98708127	98921225	153	-0.0067
f2437da7-9419-483b-9357-1f1125b639c3	15	98921439	101344124	1153	0.1165
f2437da7-9419-483b-9357-1f1125b639c3	16	603333	749384	31	0.024
f2437da7-9419-483b-9357-1f1125b639c3	16	836376	1223803	77	0.453
f2437da7-9419-483b-9357-1f1125b639c3	16	1238529	1734141	162	0.0896
f2437da7-9419-483b-9357-1f1125b639c3	16	1740326	1904507	82	0.399
f2437da7-9419-483b-9357-1f1125b639c3	16	1908883	2818782	217	0.0672
f2437da7-9419-483b-9357-1f1125b639c3	16	2821752	2861319	22	0.3757
f2437da7-9419-483b-9357-1f1125b639c3	16	2861774	2924415	27	0.0334
f2437da7-9419-483b-9357-1f1125b639c3	16	2924547	3006583	32	0.4173
f2437da7-9419-483b-9357-1f1125b639c3	16	3015067	4165594	587	0.0561
f2437da7-9419-483b-9357-1f1125b639c3	16	4165718	4446606	94	0.6234
f2437da7-9419-483b-9357-1f1125b639c3	16	4446941	9873143	3380	0.4185
f2437da7-9419-483b-9357-1f1125b639c3	16	9873970	9881970	4	-1.0024
f2437da7-9419-483b-9357-1f1125b639c3	16	9886060	11587945	1301	0.3917
f2437da7-9419-483b-9357-1f1125b639c3	16	11595035	11795203	115	0.6058
f2437da7-9419-483b-9357-1f1125b639c3	16	11795742	13892696	1685	0.4171
f2437da7-9419-483b-9357-1f1125b639c3	16	13892870	25206216	3269	0.3661
f2437da7-9419-483b-9357-1f1125b639c3	16	25210180	28620700	2242	0.4094
f2437da7-9419-483b-9357-1f1125b639c3	16	29078721	29299741	68	0.0591
f2437da7-9419-483b-9357-1f1125b639c3	16	29300575	30374600	32	0.4195
f2437da7-9419-483b-9357-1f1125b639c3	16	30374941	30452713	19	0.7499
f2437da7-9419-483b-9357-1f1125b639c3	16	30453447	30546257	17	0.4235
f2437da7-9419-483b-9357-1f1125b639c3	16	30546698	31621847	418	0.0071
f2437da7-9419-483b-9357-1f1125b639c3	16	31628697	56239974	6645	0.0799
f2437da7-9419-483b-9357-1f1125b639c3	16	56240589	56797051	309	-0.0021
f2437da7-9419-483b-9357-1f1125b639c3	16	56797924	57279672	284	0.369
f2437da7-9419-483b-9357-1f1125b639c3	16	57280560	58736890	861	-0.3039
f2437da7-9419-483b-9357-1f1125b639c3	16	58737287	64921033	3895	-0.2312
f2437da7-9419-483b-9357-1f1125b639c3	16	64921261	67068146	1483	-0.3091
f2437da7-9419-483b-9357-1f1125b639c3	16	67068560	67170195	38	0.2144
f2437da7-9419-483b-9357-1f1125b639c3	16	67171243	67205851	19	0.8448
f2437da7-9419-483b-9357-1f1125b639c3	16	67206762	67358124	65	0.0451
f2437da7-9419-483b-9357-1f1125b639c3	16	67358322	67484072	46	0.4098
f2437da7-9419-483b-9357-1f1125b639c3	16	67486220	67592762	42	-0.0851
f2437da7-9419-483b-9357-1f1125b639c3	16	67593166	67697498	27	0.5328
f2437da7-9419-483b-9357-1f1125b639c3	16	67702541	67875773	64	0.1121
f2437da7-9419-483b-9357-1f1125b639c3	16	67878026	69334972	686	-0.3112
f2437da7-9419-483b-9357-1f1125b639c3	16	69336146	69449337	50	0.7174
f2437da7-9419-483b-9357-1f1125b639c3	16	69456651	69572558	76	0.1085
f2437da7-9419-483b-9357-1f1125b639c3	16	69573509	69840784	112	-0.4503
f2437da7-9419-483b-9357-1f1125b639c3	16	69842261	70252647	88	-0.0935
f2437da7-9419-483b-9357-1f1125b639c3	16	70253274	73713984	1734	-0.3144
f2437da7-9419-483b-9357-1f1125b639c3	16	73714113	74223866	381	-0.2141
f2437da7-9419-483b-9357-1f1125b639c3	16	74224267	75589471	615	-0.3373
f2437da7-9419-483b-9357-1f1125b639c3	16	75589687	83937637	7073	-0.2592
f2437da7-9419-483b-9357-1f1125b639c3	16	83940279	84148194	65	-0.4459
f2437da7-9419-483b-9357-1f1125b639c3	16	84900412	85226151	213	0.0876
f2437da7-9419-483b-9357-1f1125b639c3	16	85226311	87714592	1913	-0.2805
f2437da7-9419-483b-9357-1f1125b639c3	16	87715835	87893090	98	0.0385
f2437da7-9419-483b-9357-1f1125b639c3	16	87894798	89317317	237	-0.2426
f2437da7-9419-483b-9357-1f1125b639c3	17	1074619	1810639	254	-0.3869
f2437da7-9419-483b-9357-1f1125b639c3	17	1921252	2380900	260	0.0854
f2437da7-9419-483b-9357-1f1125b639c3	17	2380959	2480840	81	-0.0494
f2437da7-9419-483b-9357-1f1125b639c3	17	2485039	2550614	27	0.3901
f2437da7-9419-483b-9357-1f1125b639c3	17	2551528	2676032	52	0.0271
f2437da7-9419-483b-9357-1f1125b639c3	17	2679222	3782709	522	-0.3229
f2437da7-9419-483b-9357-1f1125b639c3	17	3787636	3824602	42	0.1194
f2437da7-9419-483b-9357-1f1125b639c3	17	3825177	3948157	54	0.4535
f2437da7-9419-483b-9357-1f1125b639c3	17	3948361	3971280	4	-0.2254
f2437da7-9419-483b-9357-1f1125b639c3	17	3977059	4003232	14	0.3613
f2437da7-9419-483b-9357-1f1125b639c3	17	4012204	4092611	53	0.011
f2437da7-9419-483b-9357-1f1125b639c3	17	4094737	8054487	1974	-0.3424
f2437da7-9419-483b-9357-1f1125b639c3	17	8058842	8276126	88	-0.025
f2437da7-9419-483b-9357-1f1125b639c3	17	8277499	10431474	1405	-0.3583
f2437da7-9419-483b-9357-1f1125b639c3	17	10431636	10453499	9	-0.1879
f2437da7-9419-483b-9357-1f1125b639c3	17	10453867	10575902	71	0.0808
f2437da7-9419-483b-9357-1f1125b639c3	17	10576697	10858883	152	-0.3012
f2437da7-9419-483b-9357-1f1125b639c3	17	10859535	11121925	202	0.191
f2437da7-9419-483b-9357-1f1125b639c3	17	11122351	11640983	469	-0.2538
f2437da7-9419-483b-9357-1f1125b639c3	17	11645604	12323963	447	0.157
f2437da7-9419-483b-9357-1f1125b639c3	17	12331967	14231324	1322	-0.2877
f2437da7-9419-483b-9357-1f1125b639c3	17	15654216	16946165	457	0.3947
f2437da7-9419-483b-9357-1f1125b639c3	17	16947824	17198587	147	0.0592
f2437da7-9419-483b-9357-1f1125b639c3	17	17199937	17200989	4	0.4389
f2437da7-9419-483b-9357-1f1125b639c3	17	17202130	17875937	377	-0.3576
f2437da7-9419-483b-9357-1f1125b639c3	17	17879090	18773277	308	0.0523
f2437da7-9419-483b-9357-1f1125b639c3	17	18774016	27864760	1328	0.1982
f2437da7-9419-483b-9357-1f1125b639c3	17	27867697	27937997	43	0.4549
f2437da7-9419-483b-9357-1f1125b639c3	17	27938662	27994036	39	0.7043
f2437da7-9419-483b-9357-1f1125b639c3	17	28000866	28777142	309	0.1584
f2437da7-9419-483b-9357-1f1125b639c3	17	28777671	28890688	40	0.4492
f2437da7-9419-483b-9357-1f1125b639c3	17	28908259	29289644	202	0.1497
f2437da7-9419-483b-9357-1f1125b639c3	17	29297507	29445072	70	0.4699
f2437da7-9419-483b-9357-1f1125b639c3	17	29461239	37126389	3423	0.1965
f2437da7-9419-483b-9357-1f1125b639c3	17	37128755	37572485	228	0.4351
f2437da7-9419-483b-9357-1f1125b639c3	17	37572818	38991105	474	0.1764
f2437da7-9419-483b-9357-1f1125b639c3	17	38993320	39140069	82	0.5067
f2437da7-9419-483b-9357-1f1125b639c3	17	39142508	39933863	358	0.1727
f2437da7-9419-483b-9357-1f1125b639c3	17	39936031	40035671	47	0.701
f2437da7-9419-483b-9357-1f1125b639c3	17	40036380	41872315	910	0.2065
f2437da7-9419-483b-9357-1f1125b639c3	17	41884561	41929596	24	0.4082
f2437da7-9419-483b-9357-1f1125b639c3	17	41930069	42079096	76	0.6822
f2437da7-9419-483b-9357-1f1125b639c3	17	42079489	42243779	67	0.4192
f2437da7-9419-483b-9357-1f1125b639c3	17	42247931	42974051	301	0.1215
f2437da7-9419-483b-9357-1f1125b639c3	17	42978513	43050959	47	0.4336
f2437da7-9419-483b-9357-1f1125b639c3	17	43051016	43550084	197	0.1252
f2437da7-9419-483b-9357-1f1125b639c3	17	43550924	43612595	34	0.3675
f2437da7-9419-483b-9357-1f1125b639c3	17	43612880	43808622	126	0.9325
f2437da7-9419-483b-9357-1f1125b639c3	17	43810528	44285139	223	0.7495
f2437da7-9419-483b-9357-1f1125b639c3	17	44289209	44883052	240	0.158
f2437da7-9419-483b-9357-1f1125b639c3	17	44883641	44916487	27	0.7303
f2437da7-9419-483b-9357-1f1125b639c3	17	44917671	46779693	256	0.1647
f2437da7-9419-483b-9357-1f1125b639c3	17	46783587	46881571	68	0.5159
f2437da7-9419-483b-9357-1f1125b639c3	17	46882707	49925580	1482	0.1781
f2437da7-9419-483b-9357-1f1125b639c3	17	49934462	50230336	168	0.4731
f2437da7-9419-483b-9357-1f1125b639c3	17	50242754	50615943	203	0.1468
f2437da7-9419-483b-9357-1f1125b639c3	17	50618396	50645762	14	0.6897
f2437da7-9419-483b-9357-1f1125b639c3	17	50651159	51697110	442	0.18
f2437da7-9419-483b-9357-1f1125b639c3	17	51699393	56747711	3348	0.2527
f2437da7-9419-483b-9357-1f1125b639c3	17	56748328	58445172	1144	0.1632
f2437da7-9419-483b-9357-1f1125b639c3	17	58451268	58552279	42	0.4617
f2437da7-9419-483b-9357-1f1125b639c3	17	58555279	62618634	1845	0.1788
f2437da7-9419-483b-9357-1f1125b639c3	17	62630037	62723683	42	0.5183
f2437da7-9419-483b-9357-1f1125b639c3	17	62724988	63735373	457	0.195
f2437da7-9419-483b-9357-1f1125b639c3	17	63736686	63976305	94	0.4275
f2437da7-9419-483b-9357-1f1125b639c3	17	63977670	64070697	60	0.753
f2437da7-9419-483b-9357-1f1125b639c3	17	64071183	64333211	185	0.4188
f2437da7-9419-483b-9357-1f1125b639c3	17	64464879	69109031	2683	0.1836
f2437da7-9419-483b-9357-1f1125b639c3	17	69112221	73030708	2926	0.2411
f2437da7-9419-483b-9357-1f1125b639c3	17	73031404	73510167	283	0.148
f2437da7-9419-483b-9357-1f1125b639c3	17	73511736	74769592	270	0.26
f2437da7-9419-483b-9357-1f1125b639c3	17	74769864	75419687	299	0.1447
f2437da7-9419-483b-9357-1f1125b639c3	17	75420704	75995916	206	0.499
f2437da7-9419-483b-9357-1f1125b639c3	17	75997043	76131329	52	0.8177
f2437da7-9419-483b-9357-1f1125b639c3	17	76142478	76362462	81	0.5023
f2437da7-9419-483b-9357-1f1125b639c3	17	76372007	76432849	45	0.1973
f2437da7-9419-483b-9357-1f1125b639c3	17	76433031	76773402	198	0.4649
f2437da7-9419-483b-9357-1f1125b639c3	17	76802559	77113218	133	0.2243
f2437da7-9419-483b-9357-1f1125b639c3	17	77113419	77324358	146	0.483
f2437da7-9419-483b-9357-1f1125b639c3	17	77336119	80511482	1383	0.2173
f2437da7-9419-483b-9357-1f1125b639c3	17	80517808	80582958	59	0.4787
f2437da7-9419-483b-9357-1f1125b639c3	17	80587033	81207825	246	0.2219
f2437da7-9419-483b-9357-1f1125b639c3	17	81211207	81274520	15	0.9061
f2437da7-9419-483b-9357-1f1125b639c3	17	81279602	81377215	36	1.3085
f2437da7-9419-483b-9357-1f1125b639c3	17	81377990	81951455	118	0.1877
f2437da7-9419-483b-9357-1f1125b639c3	17	81965842	82041935	8	0.6149
f2437da7-9419-483b-9357-1f1125b639c3	17	82046065	82100981	13	1.4092
f2437da7-9419-483b-9357-1f1125b639c3	17	82101456	82113173	7	0.7926
f2437da7-9419-483b-9357-1f1125b639c3	17	82114027	82114249	3	0.6426
f2437da7-9419-483b-9357-1f1125b639c3	17	82121559	82495933	84	0.2083
f2437da7-9419-483b-9357-1f1125b639c3	17	82503158	82516833	8	0.6842
f2437da7-9419-483b-9357-1f1125b639c3	17	82522776	82622355	83	0.0476
f2437da7-9419-483b-9357-1f1125b639c3	17	82627157	82959812	175	0.2148
f2437da7-9419-483b-9357-1f1125b639c3	18	326691	9589384	5194	0.2132
f2437da7-9419-483b-9357-1f1125b639c3	18	9590436	9800736	182	0.0578
f2437da7-9419-483b-9357-1f1125b639c3	18	9801957	9840591	39	0.1836
f2437da7-9419-483b-9357-1f1125b639c3	18	9841879	9856398	19	0.2557
f2437da7-9419-483b-9357-1f1125b639c3	18	9860161	9976124	90	0.4423
f2437da7-9419-483b-9357-1f1125b639c3	18	9981281	11859635	1329	0.2511
f2437da7-9419-483b-9357-1f1125b639c3	18	11860180	26802050	4775	0.1896
f2437da7-9419-483b-9357-1f1125b639c3	18	26802502	47753447	12675	0.2354
f2437da7-9419-483b-9357-1f1125b639c3	18	47758978	48906569	962	0.1687
f2437da7-9419-483b-9357-1f1125b639c3	18	48908311	48957384	26	0.4557
f2437da7-9419-483b-9357-1f1125b639c3	18	48962883	48982250	12	0.9292
f2437da7-9419-483b-9357-1f1125b639c3	18	48983076	49050848	41	0.4706
f2437da7-9419-483b-9357-1f1125b639c3	18	49054679	50309390	785	0.197
f2437da7-9419-483b-9357-1f1125b639c3	18	50309414	50451124	98	0.4886
f2437da7-9419-483b-9357-1f1125b639c3	18	50455462	51420716	746	0.171
f2437da7-9419-483b-9357-1f1125b639c3	18	51421660	55150762	2369	0.2566
f2437da7-9419-483b-9357-1f1125b639c3	18	55150778	61490531	4119	0.2157
f2437da7-9419-483b-9357-1f1125b639c3	18	61490925	61609883	84	0.4726
f2437da7-9419-483b-9357-1f1125b639c3	18	61613113	79349796	9264	0.2356
f2437da7-9419-483b-9357-1f1125b639c3	19	283868	334792	28	-0.0766
f2437da7-9419-483b-9357-1f1125b639c3	19	335055	675533	45	0.2861
f2437da7-9419-483b-9357-1f1125b639c3	19	678411	981661	35	-0.1694
f2437da7-9419-483b-9357-1f1125b639c3	19	987571	1077702	35	0.2653
f2437da7-9419-483b-9357-1f1125b639c3	19	1099702	1201085	34	-0.0671
f2437da7-9419-483b-9357-1f1125b639c3	19	1204475	1548817	80	0.3071
f2437da7-9419-483b-9357-1f1125b639c3	19	1563473	2171871	118	-0.1333
f2437da7-9419-483b-9357-1f1125b639c3	19	2182903	2209446	12	0.376
f2437da7-9419-483b-9357-1f1125b639c3	19	2213015	2350210	23	0.7107
f2437da7-9419-483b-9357-1f1125b639c3	19	2350865	2557612	65	0.2627
f2437da7-9419-483b-9357-1f1125b639c3	19	2569244	4306124	502	-0.1075
f2437da7-9419-483b-9357-1f1125b639c3	19	4306838	4823677	69	-0.6398
f2437da7-9419-483b-9357-1f1125b639c3	19	4825749	5016608	71	-0.1434
f2437da7-9419-483b-9357-1f1125b639c3	19	5025379	10628665	2437	-0.6116
f2437da7-9419-483b-9357-1f1125b639c3	19	10632616	10708746	45	0.2037
f2437da7-9419-483b-9357-1f1125b639c3	19	10712568	11047358	147	-0.2991
f2437da7-9419-483b-9357-1f1125b639c3	19	11048420	11149384	39	-0.6401
f2437da7-9419-483b-9357-1f1125b639c3	19	11150835	11248808	42	-0.2451
f2437da7-9419-483b-9357-1f1125b639c3	19	11249046	12742851	641	-0.721
f2437da7-9419-483b-9357-1f1125b639c3	19	12744285	12898242	54	-0.2216
f2437da7-9419-483b-9357-1f1125b639c3	19	12902400	12991306	27	-0.618
f2437da7-9419-483b-9357-1f1125b639c3	19	12992824	16175617	1598	-0.1745
f2437da7-9419-483b-9357-1f1125b639c3	19	16176409	16561448	194	0.1867
f2437da7-9419-483b-9357-1f1125b639c3	19	16562338	18581132	844	-0.2389
f2437da7-9419-483b-9357-1f1125b639c3	19	18586968	18877409	97	0.1471
f2437da7-9419-483b-9357-1f1125b639c3	19	18877438	19325087	192	-0.2425
f2437da7-9419-483b-9357-1f1125b639c3	19	19329652	19429082	45	0.1519
f2437da7-9419-483b-9357-1f1125b639c3	19	19429437	23872082	1484	-0.1665
f2437da7-9419-483b-9357-1f1125b639c3	19	27749470	29605801	1480	0.5424
f2437da7-9419-483b-9357-1f1125b639c3	19	29606642	29757158	85	0.7278
f2437da7-9419-483b-9357-1f1125b639c3	19	29757457	29809086	32	1.0362
f2437da7-9419-483b-9357-1f1125b639c3	19	29809568	29815560	16	1.5594
f2437da7-9419-483b-9357-1f1125b639c3	19	29815850	29815913	2	0.394
f2437da7-9419-483b-9357-1f1125b639c3	19	29816191	29891553	63	1.8667
f2437da7-9419-483b-9357-1f1125b639c3	19	29893649	29980182	59	1.0567
f2437da7-9419-483b-9357-1f1125b639c3	19	29983260	30057288	41	0.8016
f2437da7-9419-483b-9357-1f1125b639c3	19	30059606	40257944	5845	0.4983
f2437da7-9419-483b-9357-1f1125b639c3	19	40267017	40734407	198	0.6645
f2437da7-9419-483b-9357-1f1125b639c3	19	40739117	45646360	1960	0.461
f2437da7-9419-483b-9357-1f1125b639c3	19	45651005	45828258	48	0.9587
f2437da7-9419-483b-9357-1f1125b639c3	19	45828613	45968049	72	0.6934
f2437da7-9419-483b-9357-1f1125b639c3	19	45968781	48562414	1201	0.4669
f2437da7-9419-483b-9357-1f1125b639c3	19	48563402	48930852	94	0.8186
f2437da7-9419-483b-9357-1f1125b639c3	19	48938551	49393060	167	0.1724
f2437da7-9419-483b-9357-1f1125b639c3	19	49393204	49396739	3	0.8597
f2437da7-9419-483b-9357-1f1125b639c3	19	49400442	49637974	75	0.3915
f2437da7-9419-483b-9357-1f1125b639c3	19	49638017	49685266	8	0.9197
f2437da7-9419-483b-9357-1f1125b639c3	19	49694149	58370362	3604	0.19
f2437da7-9419-483b-9357-1f1125b639c3	20	472817	3108623	1758	0.1883
f2437da7-9419-483b-9357-1f1125b639c3	20	3110624	3379745	152	0.4397
f2437da7-9419-483b-9357-1f1125b639c3	20	3381878	3447790	31	0.1496
f2437da7-9419-483b-9357-1f1125b639c3	20	3448207	3822799	200	0.5047
f2437da7-9419-483b-9357-1f1125b639c3	20	3823017	4883924	617	0.2212
f2437da7-9419-483b-9357-1f1125b639c3	20	4894061	5138097	149	0.0219
f2437da7-9419-483b-9357-1f1125b639c3	20	5144634	5417599	186	0.241
f2437da7-9419-483b-9357-1f1125b639c3	20	5737655	6074391	242	0.6717
f2437da7-9419-483b-9357-1f1125b639c3	20	6075024	6228877	114	0.148
f2437da7-9419-483b-9357-1f1125b639c3	20	6229115	8648049	1313	0.2546
f2437da7-9419-483b-9357-1f1125b639c3	20	8649210	15981044	4985	0.2047
f2437da7-9419-483b-9357-1f1125b639c3	20	15985274	15988235	3	-1.2723
f2437da7-9419-483b-9357-1f1125b639c3	20	15988345	16583528	568	0.1441
f2437da7-9419-483b-9357-1f1125b639c3	20	16583565	31411182	6658	0.217
f2437da7-9419-483b-9357-1f1125b639c3	20	31413085	32640916	560	0.1404
f2437da7-9419-483b-9357-1f1125b639c3	20	32649984	32659276	11	0.6787
f2437da7-9419-483b-9357-1f1125b639c3	20	32669016	33665679	577	0.1835
f2437da7-9419-483b-9357-1f1125b639c3	20	33675156	33936250	126	0.7518
f2437da7-9419-483b-9357-1f1125b639c3	20	33938407	34064053	64	0.5123
f2437da7-9419-483b-9357-1f1125b639c3	20	34064843	35697960	719	0.141
f2437da7-9419-483b-9357-1f1125b639c3	20	35704799	35840573	48	0.4253
f2437da7-9419-483b-9357-1f1125b639c3	20	35848114	36066890	121	0.1651
f2437da7-9419-483b-9357-1f1125b639c3	20	36067022	36373117	117	0.4953
f2437da7-9419-483b-9357-1f1125b639c3	20	36378520	40930941	2952	0.1584
f2437da7-9419-483b-9357-1f1125b639c3	20	40932900	41730880	398	0.7066
f2437da7-9419-483b-9357-1f1125b639c3	20	41731384	41731388	5	0.0381
f2437da7-9419-483b-9357-1f1125b639c3	20	41732145	41826204	67	0.7986
f2437da7-9419-483b-9357-1f1125b639c3	20	41830685	47292936	3761	0.4933
f2437da7-9419-483b-9357-1f1125b639c3	20	47293706	47442622	60	0.9495
f2437da7-9419-483b-9357-1f1125b639c3	20	47447652	47601460	88	0.6264
f2437da7-9419-483b-9357-1f1125b639c3	20	47608081	49020484	1045	0.4761
f2437da7-9419-483b-9357-1f1125b639c3	20	49023474	49184620	82	0.7331
f2437da7-9419-483b-9357-1f1125b639c3	20	49184740	49504240	191	0.5094
f2437da7-9419-483b-9357-1f1125b639c3	20	49509483	50069313	159	0.6756
f2437da7-9419-483b-9357-1f1125b639c3	20	50073505	50458993	203	0.4562
f2437da7-9419-483b-9357-1f1125b639c3	20	50460373	50891888	354	0.664
f2437da7-9419-483b-9357-1f1125b639c3	20	50892146	58704798	5710	0.5181
f2437da7-9419-483b-9357-1f1125b639c3	20	58704865	59009053	167	0.7551
f2437da7-9419-483b-9357-1f1125b639c3	20	59009835	61819279	2195	0.5369
f2437da7-9419-483b-9357-1f1125b639c3	20	61823076	62387981	282	0.7678
f2437da7-9419-483b-9357-1f1125b639c3	20	62389008	63285965	328	0.5129
f2437da7-9419-483b-9357-1f1125b639c3	20	63289779	63588502	78	0.7783
f2437da7-9419-483b-9357-1f1125b639c3	21	13974127	25482035	7107	0.2261
f2437da7-9419-483b-9357-1f1125b639c3	21	25482557	25957799	272	0.4293
f2437da7-9419-483b-9357-1f1125b639c3	21	25959655	43833057	12199	0.205
f2437da7-9419-483b-9357-1f1125b639c3	21	43837231	44088591	136	0.4738
f2437da7-9419-483b-9357-1f1125b639c3	21	44088680	46262057	808	0.22
f2437da7-9419-483b-9357-1f1125b639c3	22	16934932	28947614	4359	-1.8464
f2437da7-9419-483b-9357-1f1125b639c3	22	28953318	29062857	90	-4.6539
f2437da7-9419-483b-9357-1f1125b639c3	22	29063646	29095718	25	-2.7089
f2437da7-9419-483b-9357-1f1125b639c3	22	29095792	29717971	341	-0.8115
f2437da7-9419-483b-9357-1f1125b639c3	22	29732405	29749408	9	-0.3836
f2437da7-9419-483b-9357-1f1125b639c3	22	29751049	29762491	9	0.4856
f2437da7-9419-483b-9357-1f1125b639c3	22	29767157	29824820	34	-0.3077
f2437da7-9419-483b-9357-1f1125b639c3	22	29824845	31504373	884	-0.7681
f2437da7-9419-483b-9357-1f1125b639c3	22	31517378	31803523	132	-0.2735
f2437da7-9419-483b-9357-1f1125b639c3	22	31804071	31918603	79	0.1631
f2437da7-9419-483b-9357-1f1125b639c3	22	31919025	32027443	59	-0.288
f2437da7-9419-483b-9357-1f1125b639c3	22	32033883	35538543	2952	-0.7492
f2437da7-9419-483b-9357-1f1125b639c3	22	35543322	35546589	2	-4.0589
f2437da7-9419-483b-9357-1f1125b639c3	22	35546814	36879600	621	-0.8475
f2437da7-9419-483b-9357-1f1125b639c3	22	36885383	39104854	1066	-0.2151
f2437da7-9419-483b-9357-1f1125b639c3	22	39110768	40024541	392	0.1767
f2437da7-9419-483b-9357-1f1125b639c3	22	40025117	40712349	312	-0.2536
f2437da7-9419-483b-9357-1f1125b639c3	22	40716634	40729134	12	0.5435
f2437da7-9419-483b-9357-1f1125b639c3	22	40736198	40876073	68	-0.1974
f2437da7-9419-483b-9357-1f1125b639c3	22	40887906	41191027	295	0.129
f2437da7-9419-483b-9357-1f1125b639c3	22	41191809	41208168	9	0.4839
f2437da7-9419-483b-9357-1f1125b639c3	22	41210026	41266580	22	0.8151
f2437da7-9419-483b-9357-1f1125b639c3	22	41267847	41366447	41	0.4514
f2437da7-9419-483b-9357-1f1125b639c3	22	41366866	41426789	27	0.1533
f2437da7-9419-483b-9357-1f1125b639c3	22	41426948	41596983	60	0.6243
f2437da7-9419-483b-9357-1f1125b639c3	22	41606890	41696982	50	-0.3012
f2437da7-9419-483b-9357-1f1125b639c3	22	41700690	41855723	115	0.1136
f2437da7-9419-483b-9357-1f1125b639c3	22	41856492	43019705	504	-0.2798
f2437da7-9419-483b-9357-1f1125b639c3	22	43025727	45157778	1591	-0.1878
f2437da7-9419-483b-9357-1f1125b639c3	22	45158316	45202125	38	0.1486
f2437da7-9419-483b-9357-1f1125b639c3	22	45208247	48940621	2696	-0.178
f2437da7-9419-483b-9357-1f1125b639c3	X	3236359	29947935	11974	-0.0234
f2437da7-9419-483b-9357-1f1125b639c3	X	29952156	30418844	312	0.4999
f2437da7-9419-483b-9357-1f1125b639c3	X	30423434	30462054	42	-0.0694
f2437da7-9419-483b-9357-1f1125b639c3	X	30462608	30485264	25	0.4184
f2437da7-9419-483b-9357-1f1125b639c3	X	30490684	31167939	172	-0.0346
f2437da7-9419-483b-9357-1f1125b639c3	X	31168190	31232467	63	0.5707
f2437da7-9419-483b-9357-1f1125b639c3	X	31236446	37915055	2781	-0.006
f2437da7-9419-483b-9357-1f1125b639c3	X	37917454	41634237	1930	-0.1043
f2437da7-9419-483b-9357-1f1125b639c3	X	41634652	55720997	5551	-0.012
f2437da7-9419-483b-9357-1f1125b639c3	X	55721518	55722387	2	-1.9132
f2437da7-9419-483b-9357-1f1125b639c3	X	55728094	56806259	390	-0.0279
f2437da7-9419-483b-9357-1f1125b639c3	X	56806274	68805945	2733	0.0389
f2437da7-9419-483b-9357-1f1125b639c3	X	68809024	72521905	1576	-0.0313
f2437da7-9419-483b-9357-1f1125b639c3	X	72525369	96979080	8950	0.0356
f2437da7-9419-483b-9357-1f1125b639c3	X	96979500	147455554	23799	-0.0087
f2437da7-9419-483b-9357-1f1125b639c3	X	147456177	147456239	4	-2.2542
f2437da7-9419-483b-9357-1f1125b639c3	X	147456701	153828391	2901	-0.0214
f2437da7-9419-483b-9357-1f1125b639c3	X	153831995	153974269	62	0.9193
f2437da7-9419-483b-9357-1f1125b639c3	X	153974859	155677414	158	0.4178
