GDC_Aliquot	Chromosome	Start	End	Num_Probes	Segment_Mean
fe311303-e123-4ebb-a729-3a52fa9e7b1e	1	3301765	3302046	2	0.7689
fe311303-e123-4ebb-a729-3a52fa9e7b1e	1	3302359	3628929	141	0.103
fe311303-e123-4ebb-a729-3a52fa9e7b1e	1	3629048	4409205	545	0.396
fe311303-e123-4ebb-a729-3a52fa9e7b1e	1	4410469	4559980	156	-0.754
fe311303-e123-4ebb-a729-3a52fa9e7b1e	1	4560936	5520799	670	-1.7472
fe311303-e123-4ebb-a729-3a52fa9e7b1e	1	5522498	5525799	3	-6.9182
fe311303-e123-4ebb-a729-3a52fa9e7b1e	1	5525843	6724532	650	-1.5666
fe311303-e123-4ebb-a729-3a52fa9e7b1e	1	6732836	8107234	873	-0.0436
fe311303-e123-4ebb-a729-3a52fa9e7b1e	1	8108574	8740741	289	0.3951
fe311303-e123-4ebb-a729-3a52fa9e7b1e	1	8741208	12774437	1936	-1.5736
fe311303-e123-4ebb-a729-3a52fa9e7b1e	1	13468357	16003845	1750	-0.1968
fe311303-e123-4ebb-a729-3a52fa9e7b1e	1	16005414	16018760	11	0.6601
fe311303-e123-4ebb-a729-3a52fa9e7b1e	1	16063907	16086770	7	-0.0704
fe311303-e123-4ebb-a729-3a52fa9e7b1e	1	16090490	16123711	18	0.7546
fe311303-e123-4ebb-a729-3a52fa9e7b1e	1	16127885	23634378	4244	-0.1806
fe311303-e123-4ebb-a729-3a52fa9e7b1e	1	23642429	29149366	2246	-0.7197
fe311303-e123-4ebb-a729-3a52fa9e7b1e	1	29151802	30469734	900	-1.5953
fe311303-e123-4ebb-a729-3a52fa9e7b1e	1	30470055	30485873	18	-3.3679
fe311303-e123-4ebb-a729-3a52fa9e7b1e	1	30489556	30522581	25	-1.5912
fe311303-e123-4ebb-a729-3a52fa9e7b1e	1	30525079	30840905	166	0.0592
fe311303-e123-4ebb-a729-3a52fa9e7b1e	1	30841858	31322019	234	-1.5964
fe311303-e123-4ebb-a729-3a52fa9e7b1e	1	31329941	31493478	91	0.0563
fe311303-e123-4ebb-a729-3a52fa9e7b1e	1	31495473	33329452	744	-1.3986
fe311303-e123-4ebb-a729-3a52fa9e7b1e	1	33329971	33330480	2	-7.4436
fe311303-e123-4ebb-a729-3a52fa9e7b1e	1	33330628	33669412	215	-1.5264
fe311303-e123-4ebb-a729-3a52fa9e7b1e	1	33670674	34402851	589	-0.7291
fe311303-e123-4ebb-a729-3a52fa9e7b1e	1	34404851	35180419	394	-1.4959
fe311303-e123-4ebb-a729-3a52fa9e7b1e	1	35182470	35277190	44	-0.0255
fe311303-e123-4ebb-a729-3a52fa9e7b1e	1	35288036	36624382	601	-1.5049
fe311303-e123-4ebb-a729-3a52fa9e7b1e	1	36641837	36972969	251	0.0947
fe311303-e123-4ebb-a729-3a52fa9e7b1e	1	36973818	37315453	223	-1.4942
fe311303-e123-4ebb-a729-3a52fa9e7b1e	1	37317154	37383192	35	0.1879
fe311303-e123-4ebb-a729-3a52fa9e7b1e	1	37455082	38835526	788	-1.5175
fe311303-e123-4ebb-a729-3a52fa9e7b1e	1	38836685	40856524	953	0.0385
fe311303-e123-4ebb-a729-3a52fa9e7b1e	1	40860129	42027376	734	-1.6117
fe311303-e123-4ebb-a729-3a52fa9e7b1e	1	42030633	42835620	437	-0.0478
fe311303-e123-4ebb-a729-3a52fa9e7b1e	1	42840457	43238352	277	0.4414
fe311303-e123-4ebb-a729-3a52fa9e7b1e	1	43238985	43247648	4	-0.2809
fe311303-e123-4ebb-a729-3a52fa9e7b1e	1	43249876	43715136	273	-1.4505
fe311303-e123-4ebb-a729-3a52fa9e7b1e	1	43715701	45250009	809	-0.0332
fe311303-e123-4ebb-a729-3a52fa9e7b1e	1	45252842	45502653	107	-0.7253
fe311303-e123-4ebb-a729-3a52fa9e7b1e	1	45508256	53319281	3757	-1.5007
fe311303-e123-4ebb-a729-3a52fa9e7b1e	1	53321038	53333626	11	-4.1423
fe311303-e123-4ebb-a729-3a52fa9e7b1e	1	53336243	54573315	749	-1.565
fe311303-e123-4ebb-a729-3a52fa9e7b1e	1	54574132	54577860	7	-5.1486
fe311303-e123-4ebb-a729-3a52fa9e7b1e	1	54577896	55443632	578	-1.649
fe311303-e123-4ebb-a729-3a52fa9e7b1e	1	55443844	55454617	4	-7.3196
fe311303-e123-4ebb-a729-3a52fa9e7b1e	1	55454817	71238847	10684	-1.5633
fe311303-e123-4ebb-a729-3a52fa9e7b1e	1	71239370	71918782	336	-0.0814
fe311303-e123-4ebb-a729-3a52fa9e7b1e	1	71919412	73057247	576	-1.4727
fe311303-e123-4ebb-a729-3a52fa9e7b1e	1	73058931	73062425	2	-6.8884
fe311303-e123-4ebb-a729-3a52fa9e7b1e	1	73062569	73387811	161	-1.6306
fe311303-e123-4ebb-a729-3a52fa9e7b1e	1	73388143	73388601	3	-6.6029
fe311303-e123-4ebb-a729-3a52fa9e7b1e	1	73390283	73542450	76	-1.3236
fe311303-e123-4ebb-a729-3a52fa9e7b1e	1	73542515	76174198	1531	-0.7555
fe311303-e123-4ebb-a729-3a52fa9e7b1e	1	76175413	78158318	1136	-1.5358
fe311303-e123-4ebb-a729-3a52fa9e7b1e	1	78165165	78370628	125	-0.0756
fe311303-e123-4ebb-a729-3a52fa9e7b1e	1	78373665	79206437	365	-0.5172
fe311303-e123-4ebb-a729-3a52fa9e7b1e	1	79206853	80167033	592	-1.5561
fe311303-e123-4ebb-a729-3a52fa9e7b1e	1	80167541	81992486	1138	-0.5604
fe311303-e123-4ebb-a729-3a52fa9e7b1e	1	81992942	84892756	1816	-1.6018
fe311303-e123-4ebb-a729-3a52fa9e7b1e	1	84896438	86352656	958	-0.5712
fe311303-e123-4ebb-a729-3a52fa9e7b1e	1	86361854	90310364	2417	-1.5374
fe311303-e123-4ebb-a729-3a52fa9e7b1e	1	90313360	90510126	169	-0.643
fe311303-e123-4ebb-a729-3a52fa9e7b1e	1	90510953	90858432	225	-1.533
fe311303-e123-4ebb-a729-3a52fa9e7b1e	1	90867031	91089812	110	-0.5323
fe311303-e123-4ebb-a729-3a52fa9e7b1e	1	91091100	92147366	638	-1.5156
fe311303-e123-4ebb-a729-3a52fa9e7b1e	1	92149876	92151153	2	-0.1423
fe311303-e123-4ebb-a729-3a52fa9e7b1e	1	92152029	92184413	14	-1.0583
fe311303-e123-4ebb-a729-3a52fa9e7b1e	1	92190635	92353396	54	-0.4636
fe311303-e123-4ebb-a729-3a52fa9e7b1e	1	92354825	92815231	213	-1.4251
fe311303-e123-4ebb-a729-3a52fa9e7b1e	1	92819652	93748375	466	-0.5842
fe311303-e123-4ebb-a729-3a52fa9e7b1e	1	93751001	95298825	1082	-1.6783
fe311303-e123-4ebb-a729-3a52fa9e7b1e	1	95298898	95317481	26	-0.7899
fe311303-e123-4ebb-a729-3a52fa9e7b1e	1	95321823	95388186	63	-0.0237
fe311303-e123-4ebb-a729-3a52fa9e7b1e	1	95391806	95464562	55	-0.795
fe311303-e123-4ebb-a729-3a52fa9e7b1e	1	95474211	110283073	8012	-1.5238
fe311303-e123-4ebb-a729-3a52fa9e7b1e	1	110283910	110289471	3	-7.2769
fe311303-e123-4ebb-a729-3a52fa9e7b1e	1	110290205	114819322	2840	-1.567
fe311303-e123-4ebb-a729-3a52fa9e7b1e	1	114822194	115480368	479	-0.7339
fe311303-e123-4ebb-a729-3a52fa9e7b1e	1	115480755	115495773	7	1.5993
fe311303-e123-4ebb-a729-3a52fa9e7b1e	1	115501733	119984772	2775	0.7828
fe311303-e123-4ebb-a729-3a52fa9e7b1e	1	146716041	152096107	894	1.3768
fe311303-e123-4ebb-a729-3a52fa9e7b1e	1	152106505	152257240	83	2.0926
fe311303-e123-4ebb-a729-3a52fa9e7b1e	1	152258902	152273343	3	0.6573
fe311303-e123-4ebb-a729-3a52fa9e7b1e	1	152275904	153232945	587	2.1172
fe311303-e123-4ebb-a729-3a52fa9e7b1e	1	153233575	153699771	243	-0.6801
fe311303-e123-4ebb-a729-3a52fa9e7b1e	1	153762893	153771657	3	1.6034
fe311303-e123-4ebb-a729-3a52fa9e7b1e	1	153773946	154340756	230	2.1451
fe311303-e123-4ebb-a729-3a52fa9e7b1e	1	154340921	154780293	253	2.8931
fe311303-e123-4ebb-a729-3a52fa9e7b1e	1	154780991	155109464	166	2.0912
fe311303-e123-4ebb-a729-3a52fa9e7b1e	1	155110980	158075959	1566	-0.7164
fe311303-e123-4ebb-a729-3a52fa9e7b1e	1	158081420	158293864	151	2.261
fe311303-e123-4ebb-a729-3a52fa9e7b1e	1	158293976	158544724	166	1.678
fe311303-e123-4ebb-a729-3a52fa9e7b1e	1	158544739	158545233	8	0.7011
fe311303-e123-4ebb-a729-3a52fa9e7b1e	1	158545295	158997602	267	1.644
fe311303-e123-4ebb-a729-3a52fa9e7b1e	1	159000282	159137154	91	2.6795
fe311303-e123-4ebb-a729-3a52fa9e7b1e	1	159137792	160189366	670	2.3469
fe311303-e123-4ebb-a729-3a52fa9e7b1e	1	160191416	161410557	722	2.5534
fe311303-e123-4ebb-a729-3a52fa9e7b1e	1	161413186	162405063	643	2.1064
fe311303-e123-4ebb-a729-3a52fa9e7b1e	1	162407466	162506591	54	2.4231
fe311303-e123-4ebb-a729-3a52fa9e7b1e	1	162510778	162867668	262	-0.7393
fe311303-e123-4ebb-a729-3a52fa9e7b1e	1	162868003	167274330	3420	0.5854
fe311303-e123-4ebb-a729-3a52fa9e7b1e	1	167283414	177363430	6216	0.1439
fe311303-e123-4ebb-a729-3a52fa9e7b1e	1	177363469	182748181	3580	0.1066
fe311303-e123-4ebb-a729-3a52fa9e7b1e	1	182748222	195717802	7770	0.0377
fe311303-e123-4ebb-a729-3a52fa9e7b1e	1	195717877	196310276	372	0.0942
fe311303-e123-4ebb-a729-3a52fa9e7b1e	1	196312485	199874613	1919	0.2431
fe311303-e123-4ebb-a729-3a52fa9e7b1e	1	199874929	200815678	613	0.1285
fe311303-e123-4ebb-a729-3a52fa9e7b1e	1	200874640	201872332	753	0.2577
fe311303-e123-4ebb-a729-3a52fa9e7b1e	1	201873984	204240863	1412	0.1396
fe311303-e123-4ebb-a729-3a52fa9e7b1e	1	204242665	204332694	85	0.2257
fe311303-e123-4ebb-a729-3a52fa9e7b1e	1	204334410	205188563	689	0.3622
fe311303-e123-4ebb-a729-3a52fa9e7b1e	1	205188631	205575222	236	0.2455
fe311303-e123-4ebb-a729-3a52fa9e7b1e	1	205578197	205832744	151	-0.1801
fe311303-e123-4ebb-a729-3a52fa9e7b1e	1	205834596	206904638	485	-0.4013
fe311303-e123-4ebb-a729-3a52fa9e7b1e	1	206912315	207318144	268	-0.1039
fe311303-e123-4ebb-a729-3a52fa9e7b1e	1	207319993	207608650	166	-0.2848
fe311303-e123-4ebb-a729-3a52fa9e7b1e	1	207608733	207769292	106	0.013
fe311303-e123-4ebb-a729-3a52fa9e7b1e	1	207774962	208402278	525	0.139
fe311303-e123-4ebb-a729-3a52fa9e7b1e	1	208404369	208912649	398	-0.0008
fe311303-e123-4ebb-a729-3a52fa9e7b1e	1	208913252	209070793	108	0.4237
fe311303-e123-4ebb-a729-3a52fa9e7b1e	1	209072514	209774509	568	0.0126
fe311303-e123-4ebb-a729-3a52fa9e7b1e	1	209774540	210738048	706	-0.555
fe311303-e123-4ebb-a729-3a52fa9e7b1e	1	210739125	211341471	353	-0.0464
fe311303-e123-4ebb-a729-3a52fa9e7b1e	1	211342493	211558613	144	-0.5661
fe311303-e123-4ebb-a729-3a52fa9e7b1e	1	211563532	211945753	223	-0.0127
fe311303-e123-4ebb-a729-3a52fa9e7b1e	1	211946530	212336791	224	-0.5947
fe311303-e123-4ebb-a729-3a52fa9e7b1e	1	212339539	213382819	622	-0.3804
fe311303-e123-4ebb-a729-3a52fa9e7b1e	1	213385594	213413331	19	0.3458
fe311303-e123-4ebb-a729-3a52fa9e7b1e	1	213414514	213729975	254	0.1739
fe311303-e123-4ebb-a729-3a52fa9e7b1e	1	213731821	214099943	260	0.4271
fe311303-e123-4ebb-a729-3a52fa9e7b1e	1	214103539	214740597	496	-0.7699
fe311303-e123-4ebb-a729-3a52fa9e7b1e	1	214743198	221405132	4438	0.4227
fe311303-e123-4ebb-a729-3a52fa9e7b1e	1	221406716	221407063	2	-1.7355
fe311303-e123-4ebb-a729-3a52fa9e7b1e	1	221407528	247650984	16452	0.4235
fe311303-e123-4ebb-a729-3a52fa9e7b1e	2	480597	15566362	9514	-0.7108
fe311303-e123-4ebb-a729-3a52fa9e7b1e	2	15569934	15937643	302	1.8991
fe311303-e123-4ebb-a729-3a52fa9e7b1e	2	15949493	16002581	33	2.2265
fe311303-e123-4ebb-a729-3a52fa9e7b1e	2	16002674	16110149	59	2.7004
fe311303-e123-4ebb-a729-3a52fa9e7b1e	2	16177242	16338357	135	2.151
fe311303-e123-4ebb-a729-3a52fa9e7b1e	2	16341492	16604374	209	2.3766
fe311303-e123-4ebb-a729-3a52fa9e7b1e	2	16605218	17378064	557	2.1857
fe311303-e123-4ebb-a729-3a52fa9e7b1e	2	17384250	17766474	215	2.7673
fe311303-e123-4ebb-a729-3a52fa9e7b1e	2	17766660	17933600	133	2.3739
fe311303-e123-4ebb-a729-3a52fa9e7b1e	2	17933974	78756922	34398	-0.6901
fe311303-e123-4ebb-a729-3a52fa9e7b1e	2	79470645	79874863	346	2.6399
fe311303-e123-4ebb-a729-3a52fa9e7b1e	2	79875017	80297159	358	2.4062
fe311303-e123-4ebb-a729-3a52fa9e7b1e	2	80297731	80418630	81	2.6489
fe311303-e123-4ebb-a729-3a52fa9e7b1e	2	80420972	80431441	7	2.1729
fe311303-e123-4ebb-a729-3a52fa9e7b1e	2	80432201	80511031	58	1.5991
fe311303-e123-4ebb-a729-3a52fa9e7b1e	2	80511173	80594378	76	2.3738
fe311303-e123-4ebb-a729-3a52fa9e7b1e	2	80595210	81425835	393	1.818
fe311303-e123-4ebb-a729-3a52fa9e7b1e	2	81426101	81534272	54	2.3422
fe311303-e123-4ebb-a729-3a52fa9e7b1e	2	81534470	81690531	88	2.9102
fe311303-e123-4ebb-a729-3a52fa9e7b1e	2	81691468	82180692	249	2.3126
fe311303-e123-4ebb-a729-3a52fa9e7b1e	2	82183032	82328290	76	1.498
fe311303-e123-4ebb-a729-3a52fa9e7b1e	2	82340940	82545075	124	2.0846
fe311303-e123-4ebb-a729-3a52fa9e7b1e	2	82548177	82660331	53	1.5563
fe311303-e123-4ebb-a729-3a52fa9e7b1e	2	82661654	82835710	92	1.0128
fe311303-e123-4ebb-a729-3a52fa9e7b1e	2	82844813	82897636	29	1.7306
fe311303-e123-4ebb-a729-3a52fa9e7b1e	2	82902052	82995032	47	2.4317
fe311303-e123-4ebb-a729-3a52fa9e7b1e	2	82995087	83200726	111	2.7225
fe311303-e123-4ebb-a729-3a52fa9e7b1e	2	83201164	83809752	341	3.2257
fe311303-e123-4ebb-a729-3a52fa9e7b1e	2	83816636	84067857	152	2.4985
fe311303-e123-4ebb-a729-3a52fa9e7b1e	2	84068587	84081985	3	5.0649
fe311303-e123-4ebb-a729-3a52fa9e7b1e	2	84082654	84192095	62	2.4477
fe311303-e123-4ebb-a729-3a52fa9e7b1e	2	84192608	84376858	123	2.1275
fe311303-e123-4ebb-a729-3a52fa9e7b1e	2	84377901	85442608	592	2.4894
fe311303-e123-4ebb-a729-3a52fa9e7b1e	2	85445207	85749272	168	1.6834
fe311303-e123-4ebb-a729-3a52fa9e7b1e	2	85751282	86046985	192	1.4352
fe311303-e123-4ebb-a729-3a52fa9e7b1e	2	86047577	86881088	288	1.6085
fe311303-e123-4ebb-a729-3a52fa9e7b1e	2	87894092	88508490	263	0.444
fe311303-e123-4ebb-a729-3a52fa9e7b1e	2	88510612	88831554	162	1.0923
fe311303-e123-4ebb-a729-3a52fa9e7b1e	2	94675825	241537572	80764	0.1378
fe311303-e123-4ebb-a729-3a52fa9e7b1e	3	2170634	197812401	106230	-0.2228
fe311303-e123-4ebb-a729-3a52fa9e7b1e	4	1059384	187842528	102605	0.1985
fe311303-e123-4ebb-a729-3a52fa9e7b1e	5	913983	1309352	64	1.3513
fe311303-e123-4ebb-a729-3a52fa9e7b1e	5	1313552	1325688	8	0.799
fe311303-e123-4ebb-a729-3a52fa9e7b1e	5	1340343	1428399	53	-0.2344
fe311303-e123-4ebb-a729-3a52fa9e7b1e	5	1428688	23724183	13593	-0.8368
fe311303-e123-4ebb-a729-3a52fa9e7b1e	5	23726697	24041201	162	-0.1008
fe311303-e123-4ebb-a729-3a52fa9e7b1e	5	24041743	25685871	798	-0.8389
fe311303-e123-4ebb-a729-3a52fa9e7b1e	5	25690284	25812152	84	-0.4376
fe311303-e123-4ebb-a729-3a52fa9e7b1e	5	25824774	25865621	22	-0.1303
fe311303-e123-4ebb-a729-3a52fa9e7b1e	5	25869012	28730353	1507	-0.8174
fe311303-e123-4ebb-a729-3a52fa9e7b1e	5	28732019	30550853	1039	-0.1312
fe311303-e123-4ebb-a729-3a52fa9e7b1e	5	30552306	31124541	416	0.2507
fe311303-e123-4ebb-a729-3a52fa9e7b1e	5	31128845	33451730	1601	-0.8433
fe311303-e123-4ebb-a729-3a52fa9e7b1e	5	33454394	33943487	365	-0.2617
fe311303-e123-4ebb-a729-3a52fa9e7b1e	5	33944112	34890950	93	0.3298
fe311303-e123-4ebb-a729-3a52fa9e7b1e	5	34893082	35742662	542	0.64
fe311303-e123-4ebb-a729-3a52fa9e7b1e	5	35755332	37996750	1268	0.889
fe311303-e123-4ebb-a729-3a52fa9e7b1e	5	37997359	38002773	5	0.3654
fe311303-e123-4ebb-a729-3a52fa9e7b1e	5	38002874	38795232	628	0.1733
fe311303-e123-4ebb-a729-3a52fa9e7b1e	5	38798187	39629976	555	-0.2568
fe311303-e123-4ebb-a729-3a52fa9e7b1e	5	39630467	41224844	1011	0.1517
fe311303-e123-4ebb-a729-3a52fa9e7b1e	5	41226663	42421277	640	-0.26
fe311303-e123-4ebb-a729-3a52fa9e7b1e	5	42422971	43054919	340	0.1529
fe311303-e123-4ebb-a729-3a52fa9e7b1e	5	43060349	45383300	995	-0.253
fe311303-e123-4ebb-a729-3a52fa9e7b1e	5	50828231	77950074	15219	0.559
fe311303-e123-4ebb-a729-3a52fa9e7b1e	5	77951731	80871448	1630	0.353
fe311303-e123-4ebb-a729-3a52fa9e7b1e	5	80872076	81859451	588	0.5425
fe311303-e123-4ebb-a729-3a52fa9e7b1e	5	81859827	112703395	15713	0.336
fe311303-e123-4ebb-a729-3a52fa9e7b1e	5	112703928	121313546	5177	1.0096
fe311303-e123-4ebb-a729-3a52fa9e7b1e	5	121320963	121337662	16	1.8421
fe311303-e123-4ebb-a729-3a52fa9e7b1e	5	121338582	121400439	30	0.9899
fe311303-e123-4ebb-a729-3a52fa9e7b1e	5	121402795	127100170	3377	1.7096
fe311303-e123-4ebb-a729-3a52fa9e7b1e	5	127100616	127128231	21	0.9825
fe311303-e123-4ebb-a729-3a52fa9e7b1e	5	127131175	127133800	6	1.8908
fe311303-e123-4ebb-a729-3a52fa9e7b1e	5	127139866	127256409	58	1.0244
fe311303-e123-4ebb-a729-3a52fa9e7b1e	5	127257493	127287210	19	1.8101
fe311303-e123-4ebb-a729-3a52fa9e7b1e	5	127292183	127314889	22	1.1118
fe311303-e123-4ebb-a729-3a52fa9e7b1e	5	127316249	128023532	437	1.7227
fe311303-e123-4ebb-a729-3a52fa9e7b1e	5	128025108	128583005	306	1.0507
fe311303-e123-4ebb-a729-3a52fa9e7b1e	5	128583072	128787777	134	1.7961
fe311303-e123-4ebb-a729-3a52fa9e7b1e	5	128790691	130782432	1064	1.2588
fe311303-e123-4ebb-a729-3a52fa9e7b1e	5	130789406	130805470	17	0.1377
fe311303-e123-4ebb-a729-3a52fa9e7b1e	5	130809580	130830426	9	1.3452
fe311303-e123-4ebb-a729-3a52fa9e7b1e	5	130832075	132196941	661	0.0158
fe311303-e123-4ebb-a729-3a52fa9e7b1e	5	132200859	132580700	240	0.842
fe311303-e123-4ebb-a729-3a52fa9e7b1e	5	132581917	133325256	404	1.6244
fe311303-e123-4ebb-a729-3a52fa9e7b1e	5	133325485	135228062	1204	0.821
fe311303-e123-4ebb-a729-3a52fa9e7b1e	5	135228127	135428875	156	1.0413
fe311303-e123-4ebb-a729-3a52fa9e7b1e	5	135429300	135486593	52	0.8219
fe311303-e123-4ebb-a729-3a52fa9e7b1e	5	135489795	135489993	2	-0.573
fe311303-e123-4ebb-a729-3a52fa9e7b1e	5	135492523	137269415	1238	0.8247
fe311303-e123-4ebb-a729-3a52fa9e7b1e	5	137269827	137794172	363	0.0515
fe311303-e123-4ebb-a729-3a52fa9e7b1e	5	137801654	138455779	266	0.8144
fe311303-e123-4ebb-a729-3a52fa9e7b1e	5	138457050	138726946	137	0.0253
fe311303-e123-4ebb-a729-3a52fa9e7b1e	5	138727330	139159470	200	0.7824
fe311303-e123-4ebb-a729-3a52fa9e7b1e	5	139163039	139640337	155	0.0142
fe311303-e123-4ebb-a729-3a52fa9e7b1e	5	139642570	140824700	529	0.8092
fe311303-e123-4ebb-a729-3a52fa9e7b1e	5	140874202	142184250	644	0.0585
fe311303-e123-4ebb-a729-3a52fa9e7b1e	5	142187220	143842905	1216	-0.4238
fe311303-e123-4ebb-a729-3a52fa9e7b1e	5	143844183	143844513	2	-2.3989
fe311303-e123-4ebb-a729-3a52fa9e7b1e	5	143847127	156101303	7870	-0.4305
fe311303-e123-4ebb-a729-3a52fa9e7b1e	5	156111165	156118302	5	0.696
fe311303-e123-4ebb-a729-3a52fa9e7b1e	5	156120110	156218572	67	-0.4369
fe311303-e123-4ebb-a729-3a52fa9e7b1e	5	156220785	171555327	10070	0.0323
fe311303-e123-4ebb-a729-3a52fa9e7b1e	5	171558149	171658278	83	-0.4324
fe311303-e123-4ebb-a729-3a52fa9e7b1e	5	171661410	173886504	1396	0.6339
fe311303-e123-4ebb-a729-3a52fa9e7b1e	5	173887361	173897540	2	-0.7659
fe311303-e123-4ebb-a729-3a52fa9e7b1e	5	173897853	180934240	3525	0.6553
fe311303-e123-4ebb-a729-3a52fa9e7b1e	6	1011760	1134059	122	0.1885
fe311303-e123-4ebb-a729-3a52fa9e7b1e	6	1134068	1877724	581	0.3305
fe311303-e123-4ebb-a729-3a52fa9e7b1e	6	1878948	55958495	32441	0.013
fe311303-e123-4ebb-a729-3a52fa9e7b1e	6	55959654	57284353	694	0.3201
fe311303-e123-4ebb-a729-3a52fa9e7b1e	6	57287480	57302322	4	-0.3308
fe311303-e123-4ebb-a729-3a52fa9e7b1e	6	57304508	71169884	5139	0.0619
fe311303-e123-4ebb-a729-3a52fa9e7b1e	6	71170934	102094324	17066	-0.0035
fe311303-e123-4ebb-a729-3a52fa9e7b1e	6	102097766	170596889	40287	0.0627
fe311303-e123-4ebb-a729-3a52fa9e7b1e	7	664936	11520044	4495	0.1969
fe311303-e123-4ebb-a729-3a52fa9e7b1e	7	11520241	11521150	3	-1.2264
fe311303-e123-4ebb-a729-3a52fa9e7b1e	7	11522226	64611131	29096	0.1918
fe311303-e123-4ebb-a729-3a52fa9e7b1e	7	64612648	131422063	33109	0.1718
fe311303-e123-4ebb-a729-3a52fa9e7b1e	7	131422159	158592540	14620	0.1887
fe311303-e123-4ebb-a729-3a52fa9e7b1e	8	667625	26060604	14731	-0.7766
fe311303-e123-4ebb-a729-3a52fa9e7b1e	8	26060637	26061168	2	-5.5722
fe311303-e123-4ebb-a729-3a52fa9e7b1e	8	26061504	40491583	8428	-0.7826
fe311303-e123-4ebb-a729-3a52fa9e7b1e	8	40492684	40825819	229	0.0835
fe311303-e123-4ebb-a729-3a52fa9e7b1e	8	40825876	40934361	70	0.4198
fe311303-e123-4ebb-a729-3a52fa9e7b1e	8	40935820	40938810	3	-0.1664
fe311303-e123-4ebb-a729-3a52fa9e7b1e	8	40941286	41075907	79	0.4628
fe311303-e123-4ebb-a729-3a52fa9e7b1e	8	41076467	41436888	218	1.0625
fe311303-e123-4ebb-a729-3a52fa9e7b1e	8	41436907	43080575	950	0.8527
fe311303-e123-4ebb-a729-3a52fa9e7b1e	8	46547532	78454037	18294	-0.0358
fe311303-e123-4ebb-a729-3a52fa9e7b1e	8	78459703	78460192	2	1.9079
fe311303-e123-4ebb-a729-3a52fa9e7b1e	8	78460488	83304903	2598	-0.0295
fe311303-e123-4ebb-a729-3a52fa9e7b1e	8	83304920	83687628	209	0.1201
fe311303-e123-4ebb-a729-3a52fa9e7b1e	8	83689545	86153319	1231	-0.0254
fe311303-e123-4ebb-a729-3a52fa9e7b1e	8	86155561	87036061	398	0.098
fe311303-e123-4ebb-a729-3a52fa9e7b1e	8	87036183	87918418	422	-0.0032
fe311303-e123-4ebb-a729-3a52fa9e7b1e	8	87918434	88939694	559	0.1291
fe311303-e123-4ebb-a729-3a52fa9e7b1e	8	88949554	89979360	659	0.0014
fe311303-e123-4ebb-a729-3a52fa9e7b1e	8	89980922	110032686	11338	0.1273
fe311303-e123-4ebb-a729-3a52fa9e7b1e	8	110033203	113995166	2049	0.1753
fe311303-e123-4ebb-a729-3a52fa9e7b1e	8	113995754	120896187	4303	0.125
fe311303-e123-4ebb-a729-3a52fa9e7b1e	8	120896498	144182542	14591	-0.0017
fe311303-e123-4ebb-a729-3a52fa9e7b1e	9	789794	138044505	67902	0.1862
fe311303-e123-4ebb-a729-3a52fa9e7b1e	10	366509	45612554	28040	0.1781
fe311303-e123-4ebb-a729-3a52fa9e7b1e	10	45619418	49743213	1424	0.279
fe311303-e123-4ebb-a729-3a52fa9e7b1e	10	49747447	53904245	2226	0.1663
fe311303-e123-4ebb-a729-3a52fa9e7b1e	10	53904266	53905230	2	-1.8819
fe311303-e123-4ebb-a729-3a52fa9e7b1e	10	53914357	133411599	48952	0.1782
fe311303-e123-4ebb-a729-3a52fa9e7b1e	11	456012	134272740	76923	0.115
fe311303-e123-4ebb-a729-3a52fa9e7b1e	12	780472	2000292	341	-0.2252
fe311303-e123-4ebb-a729-3a52fa9e7b1e	12	2011392	10408358	4888	-0.1782
fe311303-e123-4ebb-a729-3a52fa9e7b1e	12	10408564	48625338	19745	-0.214
fe311303-e123-4ebb-a729-3a52fa9e7b1e	12	48626346	48628619	3	-1.9166
fe311303-e123-4ebb-a729-3a52fa9e7b1e	12	48629193	63143632	7988	-0.2073
fe311303-e123-4ebb-a729-3a52fa9e7b1e	12	63144142	63188553	26	-0.8569
fe311303-e123-4ebb-a729-3a52fa9e7b1e	12	63195641	64492171	600	-0.2168
fe311303-e123-4ebb-a729-3a52fa9e7b1e	12	64494879	66073171	901	0.299
fe311303-e123-4ebb-a729-3a52fa9e7b1e	12	66076070	68192247	1560	0.68
fe311303-e123-4ebb-a729-3a52fa9e7b1e	12	68192953	69440421	869	-0.2402
fe311303-e123-4ebb-a729-3a52fa9e7b1e	12	69452537	69580023	80	0.6162
fe311303-e123-4ebb-a729-3a52fa9e7b1e	12	69582420	78661603	5511	-0.2183
fe311303-e123-4ebb-a729-3a52fa9e7b1e	12	78664799	78726166	26	0.716
fe311303-e123-4ebb-a729-3a52fa9e7b1e	12	78726288	78936460	121	0.3144
fe311303-e123-4ebb-a729-3a52fa9e7b1e	12	78938290	79287062	212	0.7125
fe311303-e123-4ebb-a729-3a52fa9e7b1e	12	79288874	80407318	619	0.2831
fe311303-e123-4ebb-a729-3a52fa9e7b1e	12	80410632	85489740	3000	-0.2225
fe311303-e123-4ebb-a729-3a52fa9e7b1e	12	85491080	85975573	304	1.5086
fe311303-e123-4ebb-a729-3a52fa9e7b1e	12	85977891	86364377	195	1.1909
fe311303-e123-4ebb-a729-3a52fa9e7b1e	12	86364863	86369021	2	-0.5519
fe311303-e123-4ebb-a729-3a52fa9e7b1e	12	86370361	87558211	535	1.2287
fe311303-e123-4ebb-a729-3a52fa9e7b1e	12	87562873	103003940	9683	-0.2144
fe311303-e123-4ebb-a729-3a52fa9e7b1e	12	103004798	103057444	18	-0.716
fe311303-e123-4ebb-a729-3a52fa9e7b1e	12	103062007	114460326	6871	-0.2025
fe311303-e123-4ebb-a729-3a52fa9e7b1e	12	114463472	114824978	213	1.3406
fe311303-e123-4ebb-a729-3a52fa9e7b1e	12	114916356	132605822	9375	-0.2059
fe311303-e123-4ebb-a729-3a52fa9e7b1e	13	18874255	114226675	56377	-0.2156
fe311303-e123-4ebb-a729-3a52fa9e7b1e	14	20033191	86353555	38062	0.1911
fe311303-e123-4ebb-a729-3a52fa9e7b1e	14	86355116	86355347	3	-1.4445
fe311303-e123-4ebb-a729-3a52fa9e7b1e	14	86357231	105533894	11291	0.204
fe311303-e123-4ebb-a729-3a52fa9e7b1e	15	23437561	101344124	44418	0.1982
fe311303-e123-4ebb-a729-3a52fa9e7b1e	16	603333	78674912	33862	0.1939
fe311303-e123-4ebb-a729-3a52fa9e7b1e	16	78677693	79095793	255	-0.2221
fe311303-e123-4ebb-a729-3a52fa9e7b1e	16	79096677	89317317	6790	0.2118
fe311303-e123-4ebb-a729-3a52fa9e7b1e	17	1074619	2048845	305	0.0733
fe311303-e123-4ebb-a729-3a52fa9e7b1e	17	2062248	8467902	3182	-0.7394
fe311303-e123-4ebb-a729-3a52fa9e7b1e	17	8470937	59326591	21609	0.0886
fe311303-e123-4ebb-a729-3a52fa9e7b1e	17	59329658	59330834	2	-2.1207
fe311303-e123-4ebb-a729-3a52fa9e7b1e	17	59344800	82959812	11909	0.0808
fe311303-e123-4ebb-a729-3a52fa9e7b1e	18	326691	14661644	8197	-0.0731
fe311303-e123-4ebb-a729-3a52fa9e7b1e	18	21109102	25414962	2466	0.5007
fe311303-e123-4ebb-a729-3a52fa9e7b1e	18	25416010	29020353	2245	0.2982
fe311303-e123-4ebb-a729-3a52fa9e7b1e	18	29023909	29902097	487	0.6835
fe311303-e123-4ebb-a729-3a52fa9e7b1e	18	29908623	31957770	1237	0.274
fe311303-e123-4ebb-a729-3a52fa9e7b1e	18	31963241	32227449	198	-0.2056
fe311303-e123-4ebb-a729-3a52fa9e7b1e	18	32227685	33426533	788	0.2966
fe311303-e123-4ebb-a729-3a52fa9e7b1e	18	33435979	79349796	26952	-0.2109
fe311303-e123-4ebb-a729-3a52fa9e7b1e	19	283868	12491203	4404	0.2985
fe311303-e123-4ebb-a729-3a52fa9e7b1e	19	12491206	12494298	2	-1.7314
fe311303-e123-4ebb-a729-3a52fa9e7b1e	19	12498182	23872082	4616	0.2896
fe311303-e123-4ebb-a729-3a52fa9e7b1e	19	27749470	28974413	931	-0.2032
fe311303-e123-4ebb-a729-3a52fa9e7b1e	19	28979002	29399111	368	0.3289
fe311303-e123-4ebb-a729-3a52fa9e7b1e	19	29400007	29637890	191	-0.1847
fe311303-e123-4ebb-a729-3a52fa9e7b1e	19	29640547	30008500	250	0.2943
fe311303-e123-4ebb-a729-3a52fa9e7b1e	19	30011559	52125358	10605	-0.1998
fe311303-e123-4ebb-a729-3a52fa9e7b1e	19	52127660	54099351	622	0.2804
fe311303-e123-4ebb-a729-3a52fa9e7b1e	19	54100903	58016935	1836	0.6623
fe311303-e123-4ebb-a729-3a52fa9e7b1e	19	58017326	58370362	208	0.2784
fe311303-e123-4ebb-a729-3a52fa9e7b1e	20	472817	63588502	37296	0.1757
fe311303-e123-4ebb-a729-3a52fa9e7b1e	21	13974127	46262057	20430	0.18
fe311303-e123-4ebb-a729-3a52fa9e7b1e	22	16934932	17991962	643	-0.3303
fe311303-e123-4ebb-a729-3a52fa9e7b1e	22	17996616	21742513	121	-0.7446
fe311303-e123-4ebb-a729-3a52fa9e7b1e	22	21744398	26661131	1919	-0.187
fe311303-e123-4ebb-a729-3a52fa9e7b1e	22	26661475	26662561	2	-3.7282
fe311303-e123-4ebb-a729-3a52fa9e7b1e	22	26662688	48940621	14292	-0.1971
fe311303-e123-4ebb-a729-3a52fa9e7b1e	X	3236359	21335624	7313	0.019
fe311303-e123-4ebb-a729-3a52fa9e7b1e	X	21346395	21349511	2	-1.7142
fe311303-e123-4ebb-a729-3a52fa9e7b1e	X	21354790	41573938	9952	0.0113
fe311303-e123-4ebb-a729-3a52fa9e7b1e	X	41577398	41768377	95	-0.4064
fe311303-e123-4ebb-a729-3a52fa9e7b1e	X	41771219	155677414	46098	0.0062
