GDC_Aliquot	Chromosome	Start	End	Num_Probes	Segment_Mean
740ed154-d2e9-41cb-ad4f-db90423f4d6c	1	3301765	8839847	3448	-0.4688
740ed154-d2e9-41cb-ad4f-db90423f4d6c	1	8841892	15900948	3643	-0.003
740ed154-d2e9-41cb-ad4f-db90423f4d6c	1	15907072	16090490	64	0.357
740ed154-d2e9-41cb-ad4f-db90423f4d6c	1	16097604	19635407	2016	0.0079
740ed154-d2e9-41cb-ad4f-db90423f4d6c	1	19636380	19703188	44	0.4551
740ed154-d2e9-41cb-ad4f-db90423f4d6c	1	19706714	21498495	1026	-0.0049
740ed154-d2e9-41cb-ad4f-db90423f4d6c	1	21498543	21612222	68	0.2151
740ed154-d2e9-41cb-ad4f-db90423f4d6c	1	21612277	21639636	23	-0.0857
740ed154-d2e9-41cb-ad4f-db90423f4d6c	1	21640853	23071719	793	-0.1947
740ed154-d2e9-41cb-ad4f-db90423f4d6c	1	23075189	27376554	1910	-0.2634
740ed154-d2e9-41cb-ad4f-db90423f4d6c	1	27378398	29096439	662	-0.1706
740ed154-d2e9-41cb-ad4f-db90423f4d6c	1	29100084	36091325	3850	-0.0979
740ed154-d2e9-41cb-ad4f-db90423f4d6c	1	36092018	47868818	6378	-0.2082
740ed154-d2e9-41cb-ad4f-db90423f4d6c	1	47868980	50466617	1408	-0.1258
740ed154-d2e9-41cb-ad4f-db90423f4d6c	1	50469359	53474056	1397	-0.2066
740ed154-d2e9-41cb-ad4f-db90423f4d6c	1	53474116	55313714	1144	-0.1087
740ed154-d2e9-41cb-ad4f-db90423f4d6c	1	55314811	58044697	2268	-0.0308
740ed154-d2e9-41cb-ad4f-db90423f4d6c	1	58047749	73011960	9766	-0.1503
740ed154-d2e9-41cb-ad4f-db90423f4d6c	1	73015080	73016313	2	-2.2541
740ed154-d2e9-41cb-ad4f-db90423f4d6c	1	73016477	85064473	7235	-0.1221
740ed154-d2e9-41cb-ad4f-db90423f4d6c	1	85064531	101709896	10272	-0.0787
740ed154-d2e9-41cb-ad4f-db90423f4d6c	1	101710863	106675214	2412	0.0214
740ed154-d2e9-41cb-ad4f-db90423f4d6c	1	106676153	112509564	3674	-0.0942
740ed154-d2e9-41cb-ad4f-db90423f4d6c	1	112512314	112512351	2	-1.8195
740ed154-d2e9-41cb-ad4f-db90423f4d6c	1	112512401	117710713	3269	-0.0778
740ed154-d2e9-41cb-ad4f-db90423f4d6c	1	117711015	151691956	1972	0.0067
740ed154-d2e9-41cb-ad4f-db90423f4d6c	1	151693162	153274022	956	0.111
740ed154-d2e9-41cb-ad4f-db90423f4d6c	1	153275182	156753853	1572	0.0457
740ed154-d2e9-41cb-ad4f-db90423f4d6c	1	156755161	162925017	4009	0.0856
740ed154-d2e9-41cb-ad4f-db90423f4d6c	1	162925032	165452003	1957	0.1403
740ed154-d2e9-41cb-ad4f-db90423f4d6c	1	165452021	186270670	13506	0.0972
740ed154-d2e9-41cb-ad4f-db90423f4d6c	1	186271013	197680538	6567	0.1565
740ed154-d2e9-41cb-ad4f-db90423f4d6c	1	197684034	200215218	1581	0.1168
740ed154-d2e9-41cb-ad4f-db90423f4d6c	1	200218376	208257505	5152	0.0601
740ed154-d2e9-41cb-ad4f-db90423f4d6c	1	208262681	210216072	1505	0.1267
740ed154-d2e9-41cb-ad4f-db90423f4d6c	1	210216575	213679735	2232	0.077
740ed154-d2e9-41cb-ad4f-db90423f4d6c	1	213680808	220957846	5015	0.137
740ed154-d2e9-41cb-ad4f-db90423f4d6c	1	220959551	237140439	10278	0.0828
740ed154-d2e9-41cb-ad4f-db90423f4d6c	1	237140619	247650984	6569	0.1278
740ed154-d2e9-41cb-ad4f-db90423f4d6c	2	480597	7630531	4328	0.0884
740ed154-d2e9-41cb-ad4f-db90423f4d6c	2	7633189	11986288	2964	0.0333
740ed154-d2e9-41cb-ad4f-db90423f4d6c	2	11989203	23617167	7862	0.0785
740ed154-d2e9-41cb-ad4f-db90423f4d6c	2	23617231	29425861	2801	0.0016
740ed154-d2e9-41cb-ad4f-db90423f4d6c	2	29426028	41955946	6916	0.0684
740ed154-d2e9-41cb-ad4f-db90423f4d6c	2	41960121	48607301	4276	0.0233
740ed154-d2e9-41cb-ad4f-db90423f4d6c	2	48607957	60502074	6642	0.0889
740ed154-d2e9-41cb-ad4f-db90423f4d6c	2	60504680	62378835	877	-0.0371
740ed154-d2e9-41cb-ad4f-db90423f4d6c	2	62380963	65144935	1390	0.0345
740ed154-d2e9-41cb-ad4f-db90423f4d6c	2	65152824	65156829	4	-1.3597
740ed154-d2e9-41cb-ad4f-db90423f4d6c	2	65163149	67854240	1975	0.0791
740ed154-d2e9-41cb-ad4f-db90423f4d6c	2	67854363	75337060	4170	0.0446
740ed154-d2e9-41cb-ad4f-db90423f4d6c	2	75337786	84841508	5149	0.0949
740ed154-d2e9-41cb-ad4f-db90423f4d6c	2	84842949	97949025	2205	0.0279
740ed154-d2e9-41cb-ad4f-db90423f4d6c	2	97951557	97956380	2	-1.665
740ed154-d2e9-41cb-ad4f-db90423f4d6c	2	97957281	102629772	2822	0.0265
740ed154-d2e9-41cb-ad4f-db90423f4d6c	2	102631684	111911067	4794	0.0687
740ed154-d2e9-41cb-ad4f-db90423f4d6c	2	111911258	112099608	115	0.311
740ed154-d2e9-41cb-ad4f-db90423f4d6c	2	112100065	113985028	979	0.0193
740ed154-d2e9-41cb-ad4f-db90423f4d6c	2	113985440	118528732	2256	0.0998
740ed154-d2e9-41cb-ad4f-db90423f4d6c	2	118529609	120260496	1053	0.0398
740ed154-d2e9-41cb-ad4f-db90423f4d6c	2	120260961	138909202	9148	-0.4131
740ed154-d2e9-41cb-ad4f-db90423f4d6c	2	138913197	229684697	52601	0.0764
740ed154-d2e9-41cb-ad4f-db90423f4d6c	2	229684719	241537572	6778	0.0396
740ed154-d2e9-41cb-ad4f-db90423f4d6c	3	2170634	9339566	4255	0.0919
740ed154-d2e9-41cb-ad4f-db90423f4d6c	3	9339771	16816067	4835	0.0262
740ed154-d2e9-41cb-ad4f-db90423f4d6c	3	16817334	26722584	5421	0.084
740ed154-d2e9-41cb-ad4f-db90423f4d6c	3	26723235	26725186	2	-1.9773
740ed154-d2e9-41cb-ad4f-db90423f4d6c	3	26727327	36091859	5798	0.0776
740ed154-d2e9-41cb-ad4f-db90423f4d6c	3	36092975	36094217	3	1.7984
740ed154-d2e9-41cb-ad4f-db90423f4d6c	3	36094469	36194944	101	0.06
740ed154-d2e9-41cb-ad4f-db90423f4d6c	3	36195677	36199126	2	-1.1712
740ed154-d2e9-41cb-ad4f-db90423f4d6c	3	36199413	37480413	751	0.0965
740ed154-d2e9-41cb-ad4f-db90423f4d6c	3	37480435	52879362	7915	0.0234
740ed154-d2e9-41cb-ad4f-db90423f4d6c	3	52879765	56653776	2718	0.0685
740ed154-d2e9-41cb-ad4f-db90423f4d6c	3	56654852	58412126	970	0.0046
740ed154-d2e9-41cb-ad4f-db90423f4d6c	3	58412739	73603264	10024	0.0732
740ed154-d2e9-41cb-ad4f-db90423f4d6c	3	73604017	99137095	11108	0.1158
740ed154-d2e9-41cb-ad4f-db90423f4d6c	3	99137299	101940101	1429	0.0483
740ed154-d2e9-41cb-ad4f-db90423f4d6c	3	101942309	111712122	5433	0.102
740ed154-d2e9-41cb-ad4f-db90423f4d6c	3	111712505	116467692	2922	0.0632
740ed154-d2e9-41cb-ad4f-db90423f4d6c	3	116470687	118558674	1517	0.1088
740ed154-d2e9-41cb-ad4f-db90423f4d6c	3	118559381	143010538	13672	0.0544
740ed154-d2e9-41cb-ad4f-db90423f4d6c	3	143010741	149405332	3109	0.1162
740ed154-d2e9-41cb-ad4f-db90423f4d6c	3	149407280	157410821	4510	0.0589
740ed154-d2e9-41cb-ad4f-db90423f4d6c	3	157413642	169538768	5943	0.1102
740ed154-d2e9-41cb-ad4f-db90423f4d6c	3	169539343	172794744	1814	0.048
740ed154-d2e9-41cb-ad4f-db90423f4d6c	3	172803927	178468200	2639	0.1126
740ed154-d2e9-41cb-ad4f-db90423f4d6c	3	178468494	188885959	5787	0.0435
740ed154-d2e9-41cb-ad4f-db90423f4d6c	3	188896140	192937071	2582	0.0942
740ed154-d2e9-41cb-ad4f-db90423f4d6c	3	192942134	197812401	1853	0.0285
740ed154-d2e9-41cb-ad4f-db90423f4d6c	4	1059384	1664615	168	-0.4715
740ed154-d2e9-41cb-ad4f-db90423f4d6c	4	1667954	1831001	79	-0.0397
740ed154-d2e9-41cb-ad4f-db90423f4d6c	4	1832695	1894013	20	-0.375
740ed154-d2e9-41cb-ad4f-db90423f4d6c	4	1900182	10130308	4412	-0.4464
740ed154-d2e9-41cb-ad4f-db90423f4d6c	4	10130423	10132824	3	-2.2348
740ed154-d2e9-41cb-ad4f-db90423f4d6c	4	10136846	11202299	878	-0.4306
740ed154-d2e9-41cb-ad4f-db90423f4d6c	4	11202328	24596865	9178	-0.3774
740ed154-d2e9-41cb-ad4f-db90423f4d6c	4	24608319	26449704	1235	-0.452
740ed154-d2e9-41cb-ad4f-db90423f4d6c	4	26454049	27470270	612	-0.4067
740ed154-d2e9-41cb-ad4f-db90423f4d6c	4	27471194	36284855	5151	-0.3342
740ed154-d2e9-41cb-ad4f-db90423f4d6c	4	36290396	37339281	732	-0.3784
740ed154-d2e9-41cb-ad4f-db90423f4d6c	4	37340834	42735848	3309	-0.4302
740ed154-d2e9-41cb-ad4f-db90423f4d6c	4	42735940	47068281	1951	-0.3528
740ed154-d2e9-41cb-ad4f-db90423f4d6c	4	47068677	57748159	4484	-0.398
740ed154-d2e9-41cb-ad4f-db90423f4d6c	4	57748343	73507343	7941	-0.3511
740ed154-d2e9-41cb-ad4f-db90423f4d6c	4	73507692	89443546	9719	-0.3954
740ed154-d2e9-41cb-ad4f-db90423f4d6c	4	89446527	137813535	26085	-0.3562
740ed154-d2e9-41cb-ad4f-db90423f4d6c	4	137813864	154418313	9445	-0.39
740ed154-d2e9-41cb-ad4f-db90423f4d6c	4	154422024	181641160	15032	-0.3589
740ed154-d2e9-41cb-ad4f-db90423f4d6c	4	181648199	182039064	352	-0.8489
740ed154-d2e9-41cb-ad4f-db90423f4d6c	4	182041264	182512158	391	-0.4312
740ed154-d2e9-41cb-ad4f-db90423f4d6c	4	182515979	182614883	58	-1.2515
740ed154-d2e9-41cb-ad4f-db90423f4d6c	4	183286625	187842528	2078	-0.391
740ed154-d2e9-41cb-ad4f-db90423f4d6c	5	913983	1288546	58	0.7598
740ed154-d2e9-41cb-ad4f-db90423f4d6c	5	1288579	1300469	4	1.5714
740ed154-d2e9-41cb-ad4f-db90423f4d6c	5	1308437	2399178	481	0.6725
740ed154-d2e9-41cb-ad4f-db90423f4d6c	5	2399225	3485520	948	-0.4194
740ed154-d2e9-41cb-ad4f-db90423f4d6c	5	3485692	3905557	377	0.4811
740ed154-d2e9-41cb-ad4f-db90423f4d6c	5	3905811	3945626	35	0.752
740ed154-d2e9-41cb-ad4f-db90423f4d6c	5	3949095	4220615	219	0.4051
740ed154-d2e9-41cb-ad4f-db90423f4d6c	5	4294937	10704510	5053	-0.4185
740ed154-d2e9-41cb-ad4f-db90423f4d6c	5	10959194	12142721	879	0.4183
740ed154-d2e9-41cb-ad4f-db90423f4d6c	5	12142831	13391696	434	-0.3447
740ed154-d2e9-41cb-ad4f-db90423f4d6c	5	13392619	13548988	130	0.4862
740ed154-d2e9-41cb-ad4f-db90423f4d6c	5	13550578	14138197	459	0.6708
740ed154-d2e9-41cb-ad4f-db90423f4d6c	5	14138362	15331010	858	1.005
740ed154-d2e9-41cb-ad4f-db90423f4d6c	5	15331022	15332597	10	0.4589
740ed154-d2e9-41cb-ad4f-db90423f4d6c	5	15332903	15353899	18	1.0023
740ed154-d2e9-41cb-ad4f-db90423f4d6c	5	15361869	16191308	87	0.4702
740ed154-d2e9-41cb-ad4f-db90423f4d6c	5	16196738	16439044	178	0.817
740ed154-d2e9-41cb-ad4f-db90423f4d6c	5	16439642	16559506	102	0.4656
740ed154-d2e9-41cb-ad4f-db90423f4d6c	5	16561864	16570220	7	0.9737
740ed154-d2e9-41cb-ad4f-db90423f4d6c	5	16575703	16595178	27	0.3333
740ed154-d2e9-41cb-ad4f-db90423f4d6c	5	16596292	16655520	40	0.9294
740ed154-d2e9-41cb-ad4f-db90423f4d6c	5	16655603	16722153	51	0.4327
740ed154-d2e9-41cb-ad4f-db90423f4d6c	5	16724511	17410175	379	-0.0444
740ed154-d2e9-41cb-ad4f-db90423f4d6c	5	17410343	18198825	320	0.561
740ed154-d2e9-41cb-ad4f-db90423f4d6c	5	18200920	18680205	297	0.675
740ed154-d2e9-41cb-ad4f-db90423f4d6c	5	18681566	20948058	998	0.539
740ed154-d2e9-41cb-ad4f-db90423f4d6c	5	20950527	21339080	243	0.846
740ed154-d2e9-41cb-ad4f-db90423f4d6c	5	21341983	21361673	7	0.0837
740ed154-d2e9-41cb-ad4f-db90423f4d6c	5	21391680	21798119	148	0.9503
740ed154-d2e9-41cb-ad4f-db90423f4d6c	5	21800451	21922308	104	0.5572
740ed154-d2e9-41cb-ad4f-db90423f4d6c	5	21922573	22012192	31	0.3576
740ed154-d2e9-41cb-ad4f-db90423f4d6c	5	22013184	22129647	51	0.5965
740ed154-d2e9-41cb-ad4f-db90423f4d6c	5	22133394	22725897	281	0.1207
740ed154-d2e9-41cb-ad4f-db90423f4d6c	5	22728425	23247695	315	-0.042
740ed154-d2e9-41cb-ad4f-db90423f4d6c	5	23248584	23579688	193	0.0587
740ed154-d2e9-41cb-ad4f-db90423f4d6c	5	23580878	25422585	914	0.1153
740ed154-d2e9-41cb-ad4f-db90423f4d6c	5	25423499	26055227	376	-0.0247
740ed154-d2e9-41cb-ad4f-db90423f4d6c	5	26055677	29682336	1954	0.1255
740ed154-d2e9-41cb-ad4f-db90423f4d6c	5	29684092	29685819	4	-1.104
740ed154-d2e9-41cb-ad4f-db90423f4d6c	5	29687918	31306611	1071	0.118
740ed154-d2e9-41cb-ad4f-db90423f4d6c	5	31307678	31559261	238	0.0664
740ed154-d2e9-41cb-ad4f-db90423f4d6c	5	31559369	31963087	295	-0.0892
740ed154-d2e9-41cb-ad4f-db90423f4d6c	5	31963194	44157109	6899	0.0639
740ed154-d2e9-41cb-ad4f-db90423f4d6c	5	44159701	44500215	169	0.1378
740ed154-d2e9-41cb-ad4f-db90423f4d6c	5	44500798	44504357	2	-1.3479
740ed154-d2e9-41cb-ad4f-db90423f4d6c	5	44504976	52575270	1284	0.1175
740ed154-d2e9-41cb-ad4f-db90423f4d6c	5	52575297	82757118	17118	0.0615
740ed154-d2e9-41cb-ad4f-db90423f4d6c	5	82757236	130940669	26180	0.1112
740ed154-d2e9-41cb-ad4f-db90423f4d6c	5	130944067	135545671	2738	0.0524
740ed154-d2e9-41cb-ad4f-db90423f4d6c	5	135550200	137462752	1376	0.1081
740ed154-d2e9-41cb-ad4f-db90423f4d6c	5	137463061	143173908	2921	0.0305
740ed154-d2e9-41cb-ad4f-db90423f4d6c	5	143174218	161446463	12027	0.0857
740ed154-d2e9-41cb-ad4f-db90423f4d6c	5	161451437	167854273	3950	0.1288
740ed154-d2e9-41cb-ad4f-db90423f4d6c	5	167854811	175490421	5362	0.0822
740ed154-d2e9-41cb-ad4f-db90423f4d6c	5	175493868	180934240	2321	0.0355
740ed154-d2e9-41cb-ad4f-db90423f4d6c	6	1011760	8147239	5303	0.0482
740ed154-d2e9-41cb-ad4f-db90423f4d6c	6	8147295	10082658	1311	0.1178
740ed154-d2e9-41cb-ad4f-db90423f4d6c	6	10085202	17557843	5146	0.0386
740ed154-d2e9-41cb-ad4f-db90423f4d6c	6	17561063	17564840	2	-2.4771
740ed154-d2e9-41cb-ad4f-db90423f4d6c	6	17566053	24341864	4783	0.0762
740ed154-d2e9-41cb-ad4f-db90423f4d6c	6	24342143	38676685	6071	0.0078
740ed154-d2e9-41cb-ad4f-db90423f4d6c	6	38676787	41192678	1930	0.0658
740ed154-d2e9-41cb-ad4f-db90423f4d6c	6	41194780	44549930	1880	0.0095
740ed154-d2e9-41cb-ad4f-db90423f4d6c	6	44550135	61527062	7679	0.089
740ed154-d2e9-41cb-ad4f-db90423f4d6c	6	61530738	63885181	1076	-0.3927
740ed154-d2e9-41cb-ad4f-db90423f4d6c	6	63885678	69090151	2972	-0.3344
740ed154-d2e9-41cb-ad4f-db90423f4d6c	6	69091051	88978198	11227	-0.3854
740ed154-d2e9-41cb-ad4f-db90423f4d6c	6	88982502	90570390	1052	-0.4604
740ed154-d2e9-41cb-ad4f-db90423f4d6c	6	90572546	105563141	7877	-0.3665
740ed154-d2e9-41cb-ad4f-db90423f4d6c	6	105565740	111648423	3687	-0.4407
740ed154-d2e9-41cb-ad4f-db90423f4d6c	6	111648912	112417567	538	-0.028
740ed154-d2e9-41cb-ad4f-db90423f4d6c	6	112419765	130313822	10117	-0.3746
740ed154-d2e9-41cb-ad4f-db90423f4d6c	6	130315393	130328183	14	1.0394
740ed154-d2e9-41cb-ad4f-db90423f4d6c	6	130328459	130373194	29	-0.4638
740ed154-d2e9-41cb-ad4f-db90423f4d6c	6	130375590	130402636	9	1.0982
740ed154-d2e9-41cb-ad4f-db90423f4d6c	6	130402698	130423788	17	0.7881
740ed154-d2e9-41cb-ad4f-db90423f4d6c	6	130427968	130681237	180	1.1839
740ed154-d2e9-41cb-ad4f-db90423f4d6c	6	130683737	130971400	215	0.8259
740ed154-d2e9-41cb-ad4f-db90423f4d6c	6	130975449	131022854	34	0.9785
740ed154-d2e9-41cb-ad4f-db90423f4d6c	6	131023156	131338260	189	1.1228
740ed154-d2e9-41cb-ad4f-db90423f4d6c	6	131342406	131595258	147	0.9536
740ed154-d2e9-41cb-ad4f-db90423f4d6c	6	131600124	133854907	1553	-0.3785
740ed154-d2e9-41cb-ad4f-db90423f4d6c	6	133857359	134876978	674	-0.0565
740ed154-d2e9-41cb-ad4f-db90423f4d6c	6	134877484	135311799	347	0.9542
740ed154-d2e9-41cb-ad4f-db90423f4d6c	6	135316686	136120845	534	-0.0047
740ed154-d2e9-41cb-ad4f-db90423f4d6c	6	136120963	136252318	100	0.9684
740ed154-d2e9-41cb-ad4f-db90423f4d6c	6	136253284	136356715	50	-0.0471
740ed154-d2e9-41cb-ad4f-db90423f4d6c	6	136357346	136706729	231	1.0082
740ed154-d2e9-41cb-ad4f-db90423f4d6c	6	136707020	136926379	59	0.7945
740ed154-d2e9-41cb-ad4f-db90423f4d6c	6	136928833	137040155	105	0.2725
740ed154-d2e9-41cb-ad4f-db90423f4d6c	6	137041295	138435604	957	-0.0524
740ed154-d2e9-41cb-ad4f-db90423f4d6c	6	138435656	138829201	245	-1.1889
740ed154-d2e9-41cb-ad4f-db90423f4d6c	6	138830647	139139860	198	-0.0716
740ed154-d2e9-41cb-ad4f-db90423f4d6c	6	139140028	139145373	4	0.7627
740ed154-d2e9-41cb-ad4f-db90423f4d6c	6	139146919	139159741	9	0.0367
740ed154-d2e9-41cb-ad4f-db90423f4d6c	6	139160899	139235245	47	0.5749
740ed154-d2e9-41cb-ad4f-db90423f4d6c	6	139238729	140260033	585	-0.0389
740ed154-d2e9-41cb-ad4f-db90423f4d6c	6	140264586	140383603	44	-1.0865
740ed154-d2e9-41cb-ad4f-db90423f4d6c	6	140385397	140994452	92	0.5877
740ed154-d2e9-41cb-ad4f-db90423f4d6c	6	140997214	141382012	180	0.8907
740ed154-d2e9-41cb-ad4f-db90423f4d6c	6	141382624	142097512	343	0.552
740ed154-d2e9-41cb-ad4f-db90423f4d6c	6	142102673	142182095	48	0.8736
740ed154-d2e9-41cb-ad4f-db90423f4d6c	6	142182248	143860175	1159	0.4955
740ed154-d2e9-41cb-ad4f-db90423f4d6c	6	143869306	144051118	106	-0.0886
740ed154-d2e9-41cb-ad4f-db90423f4d6c	6	144053755	144069136	15	0.5593
740ed154-d2e9-41cb-ad4f-db90423f4d6c	6	144072508	144428223	212	-0.043
740ed154-d2e9-41cb-ad4f-db90423f4d6c	6	144428781	145892738	862	0.4941
740ed154-d2e9-41cb-ad4f-db90423f4d6c	6	145892888	146087768	111	0.8133
740ed154-d2e9-41cb-ad4f-db90423f4d6c	6	146093556	146744414	405	0.5193
740ed154-d2e9-41cb-ad4f-db90423f4d6c	6	146744501	147519253	472	1.2561
740ed154-d2e9-41cb-ad4f-db90423f4d6c	6	147525025	148105786	481	0.7638
740ed154-d2e9-41cb-ad4f-db90423f4d6c	6	148105866	148488575	274	0.9515
740ed154-d2e9-41cb-ad4f-db90423f4d6c	6	148488795	148601791	76	1.0532
740ed154-d2e9-41cb-ad4f-db90423f4d6c	6	148602653	148681842	59	1.3301
740ed154-d2e9-41cb-ad4f-db90423f4d6c	6	148682648	148905721	170	1.0413
740ed154-d2e9-41cb-ad4f-db90423f4d6c	6	148910544	148970673	58	0.7078
740ed154-d2e9-41cb-ad4f-db90423f4d6c	6	148971599	149018118	50	0.5815
740ed154-d2e9-41cb-ad4f-db90423f4d6c	6	149019168	149912567	518	-0.046
740ed154-d2e9-41cb-ad4f-db90423f4d6c	6	149918194	150260902	224	0.4717
740ed154-d2e9-41cb-ad4f-db90423f4d6c	6	150262314	150389311	97	0.1966
740ed154-d2e9-41cb-ad4f-db90423f4d6c	6	150390028	150450953	61	0.7017
740ed154-d2e9-41cb-ad4f-db90423f4d6c	6	150452322	150585070	97	0.1013
740ed154-d2e9-41cb-ad4f-db90423f4d6c	6	150587477	150593978	5	0.5763
740ed154-d2e9-41cb-ad4f-db90423f4d6c	6	150599090	150926303	241	-0.6034
740ed154-d2e9-41cb-ad4f-db90423f4d6c	6	150926731	150937737	13	0.2759
740ed154-d2e9-41cb-ad4f-db90423f4d6c	6	150940501	150970152	26	-0.6174
740ed154-d2e9-41cb-ad4f-db90423f4d6c	6	150970557	150980937	17	0.2254
740ed154-d2e9-41cb-ad4f-db90423f4d6c	6	150982074	151017753	12	-0.102
740ed154-d2e9-41cb-ad4f-db90423f4d6c	6	151018001	151116672	74	-0.5992
740ed154-d2e9-41cb-ad4f-db90423f4d6c	6	151118562	151365770	164	0.71
740ed154-d2e9-41cb-ad4f-db90423f4d6c	6	151375182	151478789	59	1.0761
740ed154-d2e9-41cb-ad4f-db90423f4d6c	6	151486023	151766195	193	1.3288
740ed154-d2e9-41cb-ad4f-db90423f4d6c	6	151768889	152788702	821	0.9097
740ed154-d2e9-41cb-ad4f-db90423f4d6c	6	152789519	153557966	550	0.0973
740ed154-d2e9-41cb-ad4f-db90423f4d6c	6	153558019	153854651	207	0.2863
740ed154-d2e9-41cb-ad4f-db90423f4d6c	6	153854737	154272365	306	0.0946
740ed154-d2e9-41cb-ad4f-db90423f4d6c	6	154273266	154400349	107	0.37
740ed154-d2e9-41cb-ad4f-db90423f4d6c	6	154400378	154428219	20	0.0322
740ed154-d2e9-41cb-ad4f-db90423f4d6c	6	154428231	154948024	296	0.352
740ed154-d2e9-41cb-ad4f-db90423f4d6c	6	154951826	155017051	35	0.5817
740ed154-d2e9-41cb-ad4f-db90423f4d6c	6	155020766	155054225	16	0.2253
740ed154-d2e9-41cb-ad4f-db90423f4d6c	6	155054762	155071435	16	0.5057
740ed154-d2e9-41cb-ad4f-db90423f4d6c	6	155071449	155138218	23	0.2258
740ed154-d2e9-41cb-ad4f-db90423f4d6c	6	155140224	155221468	67	0.7407
740ed154-d2e9-41cb-ad4f-db90423f4d6c	6	155225287	155362863	93	0.9924
740ed154-d2e9-41cb-ad4f-db90423f4d6c	6	155370406	156051917	516	0.3145
740ed154-d2e9-41cb-ad4f-db90423f4d6c	6	156056222	158298876	1285	0.1116
740ed154-d2e9-41cb-ad4f-db90423f4d6c	6	158300734	158378192	61	0.6122
740ed154-d2e9-41cb-ad4f-db90423f4d6c	6	158387577	158825637	244	0.1068
740ed154-d2e9-41cb-ad4f-db90423f4d6c	6	158825685	158878184	23	0.3563
740ed154-d2e9-41cb-ad4f-db90423f4d6c	6	158890408	158942133	34	0.667
740ed154-d2e9-41cb-ad4f-db90423f4d6c	6	158944927	159404566	326	0.2729
740ed154-d2e9-41cb-ad4f-db90423f4d6c	6	159405108	159497662	83	0.0639
740ed154-d2e9-41cb-ad4f-db90423f4d6c	6	159504327	159533413	26	0.5921
740ed154-d2e9-41cb-ad4f-db90423f4d6c	6	159535666	159844391	205	0.0786
740ed154-d2e9-41cb-ad4f-db90423f4d6c	6	159844895	159940394	57	0.6303
740ed154-d2e9-41cb-ad4f-db90423f4d6c	6	159944746	160280149	246	0.1301
740ed154-d2e9-41cb-ad4f-db90423f4d6c	6	160280392	160413483	109	0.2214
740ed154-d2e9-41cb-ad4f-db90423f4d6c	6	160415374	160485408	53	0.3868
740ed154-d2e9-41cb-ad4f-db90423f4d6c	6	160486102	160555754	40	0.1487
740ed154-d2e9-41cb-ad4f-db90423f4d6c	6	160559298	160577116	6	0.9646
740ed154-d2e9-41cb-ad4f-db90423f4d6c	6	160584100	160727040	106	0.1933
740ed154-d2e9-41cb-ad4f-db90423f4d6c	6	160727398	161614044	632	0.0834
740ed154-d2e9-41cb-ad4f-db90423f4d6c	6	161616209	167931668	3377	-1.2199
740ed154-d2e9-41cb-ad4f-db90423f4d6c	6	168457458	168581259	33	0.4697
740ed154-d2e9-41cb-ad4f-db90423f4d6c	6	168598125	169304771	203	0.2306
740ed154-d2e9-41cb-ad4f-db90423f4d6c	6	169310367	169691843	299	0.5446
740ed154-d2e9-41cb-ad4f-db90423f4d6c	6	169695244	170596889	263	-0.3932
740ed154-d2e9-41cb-ad4f-db90423f4d6c	7	664936	7176544	2352	-0.0064
740ed154-d2e9-41cb-ad4f-db90423f4d6c	7	7178165	21760751	8402	0.0996
740ed154-d2e9-41cb-ad4f-db90423f4d6c	7	21760841	26440470	3358	0.039
740ed154-d2e9-41cb-ad4f-db90423f4d6c	7	26440871	43555467	10850	0.0665
740ed154-d2e9-41cb-ad4f-db90423f4d6c	7	43555654	45053840	684	-0.0094
740ed154-d2e9-41cb-ad4f-db90423f4d6c	7	45063688	55542319	7431	0.0732
740ed154-d2e9-41cb-ad4f-db90423f4d6c	7	55542336	75809445	5245	0.0256
740ed154-d2e9-41cb-ad4f-db90423f4d6c	7	75809462	75810378	2	-2.3468
740ed154-d2e9-41cb-ad4f-db90423f4d6c	7	75812444	78110092	839	0.0024
740ed154-d2e9-41cb-ad4f-db90423f4d6c	7	78110683	98208888	10966	0.0832
740ed154-d2e9-41cb-ad4f-db90423f4d6c	7	98209828	102261163	1546	-0.0429
740ed154-d2e9-41cb-ad4f-db90423f4d6c	7	102261702	104841936	1370	0.0652
740ed154-d2e9-41cb-ad4f-db90423f4d6c	7	104842000	108310130	1928	0.0071
740ed154-d2e9-41cb-ad4f-db90423f4d6c	7	108310361	127406099	10226	0.078
740ed154-d2e9-41cb-ad4f-db90423f4d6c	7	127409614	130878065	1590	-0.0163
740ed154-d2e9-41cb-ad4f-db90423f4d6c	7	130880603	130882608	7	-1.4931
740ed154-d2e9-41cb-ad4f-db90423f4d6c	7	130882916	135858761	3151	0.0307
740ed154-d2e9-41cb-ad4f-db90423f4d6c	7	135860667	137710913	1227	0.0923
740ed154-d2e9-41cb-ad4f-db90423f4d6c	7	137713973	144894476	3440	0.0241
740ed154-d2e9-41cb-ad4f-db90423f4d6c	7	144895659	146960972	1048	0.1111
740ed154-d2e9-41cb-ad4f-db90423f4d6c	7	146963815	150914073	2217	0.0319
740ed154-d2e9-41cb-ad4f-db90423f4d6c	7	150914456	151547072	303	-0.0796
740ed154-d2e9-41cb-ad4f-db90423f4d6c	7	151547360	157081393	2994	0.0363
740ed154-d2e9-41cb-ad4f-db90423f4d6c	7	157082056	157086981	2	-1.5491
740ed154-d2e9-41cb-ad4f-db90423f4d6c	7	157087704	158592540	713	0.0162
740ed154-d2e9-41cb-ad4f-db90423f4d6c	8	667625	6519912	2815	-0.0367
740ed154-d2e9-41cb-ad4f-db90423f4d6c	8	6520058	13124109	2791	-0.0947
740ed154-d2e9-41cb-ad4f-db90423f4d6c	8	13124164	13485831	291	-0.0436
740ed154-d2e9-41cb-ad4f-db90423f4d6c	8	13487361	19021743	4178	-0.0141
740ed154-d2e9-41cb-ad4f-db90423f4d6c	8	19021977	19162748	130	0.2378
740ed154-d2e9-41cb-ad4f-db90423f4d6c	8	19162844	19186743	24	-0.0137
740ed154-d2e9-41cb-ad4f-db90423f4d6c	8	19187030	30978019	8002	-0.0811
740ed154-d2e9-41cb-ad4f-db90423f4d6c	8	30978454	41031772	5645	-0.0378
740ed154-d2e9-41cb-ad4f-db90423f4d6c	8	41034710	42923415	1133	0.0261
740ed154-d2e9-41cb-ad4f-db90423f4d6c	8	42928532	73630980	15814	0.0851
740ed154-d2e9-41cb-ad4f-db90423f4d6c	8	73633315	74116429	244	-0.0066
740ed154-d2e9-41cb-ad4f-db90423f4d6c	8	74117128	90167578	8680	0.1162
740ed154-d2e9-41cb-ad4f-db90423f4d6c	8	90171183	90470097	214	0.018
740ed154-d2e9-41cb-ad4f-db90423f4d6c	8	90470128	93398542	1616	0.1021
740ed154-d2e9-41cb-ad4f-db90423f4d6c	8	93399653	103737506	6147	0.0413
740ed154-d2e9-41cb-ad4f-db90423f4d6c	8	103737549	113846649	5325	0.1103
740ed154-d2e9-41cb-ad4f-db90423f4d6c	8	113849346	113851117	2	-1.5692
740ed154-d2e9-41cb-ad4f-db90423f4d6c	8	113851597	115258545	646	0.1114
740ed154-d2e9-41cb-ad4f-db90423f4d6c	8	115259346	119733435	3057	0.0822
740ed154-d2e9-41cb-ad4f-db90423f4d6c	8	119737136	130641161	7264	0.0514
740ed154-d2e9-41cb-ad4f-db90423f4d6c	8	130641754	132999840	1757	0.0997
740ed154-d2e9-41cb-ad4f-db90423f4d6c	8	133001497	134103596	973	0.0252
740ed154-d2e9-41cb-ad4f-db90423f4d6c	8	134103747	140194060	4610	0.091
740ed154-d2e9-41cb-ad4f-db90423f4d6c	8	140200004	143610108	680	-0.0041
740ed154-d2e9-41cb-ad4f-db90423f4d6c	8	143610163	143680108	20	0.3279
740ed154-d2e9-41cb-ad4f-db90423f4d6c	8	143734812	144017679	57	-0.0447
740ed154-d2e9-41cb-ad4f-db90423f4d6c	8	144044224	144182542	42	0.2949
740ed154-d2e9-41cb-ad4f-db90423f4d6c	9	789794	9874215	5644	-0.4058
740ed154-d2e9-41cb-ad4f-db90423f4d6c	9	9874677	10217683	161	-1.0876
740ed154-d2e9-41cb-ad4f-db90423f4d6c	9	10346862	18418802	5121	-0.3838
740ed154-d2e9-41cb-ad4f-db90423f4d6c	9	18418999	18425937	5	-1.8877
740ed154-d2e9-41cb-ad4f-db90423f4d6c	9	18425999	32165675	8588	-0.3711
740ed154-d2e9-41cb-ad4f-db90423f4d6c	9	32166139	37033162	2887	-0.4563
740ed154-d2e9-41cb-ad4f-db90423f4d6c	9	37033364	37034620	2	-3.257
740ed154-d2e9-41cb-ad4f-db90423f4d6c	9	37034672	38428340	871	-0.4487
740ed154-d2e9-41cb-ad4f-db90423f4d6c	9	38430112	38752071	271	-0.3844
740ed154-d2e9-41cb-ad4f-db90423f4d6c	9	68423153	87685009	13527	0.5009
740ed154-d2e9-41cb-ad4f-db90423f4d6c	9	87687557	98565216	6833	0.4551
740ed154-d2e9-41cb-ad4f-db90423f4d6c	9	98567185	99583945	737	0.4952
740ed154-d2e9-41cb-ad4f-db90423f4d6c	9	99589038	99711709	65	0.8171
740ed154-d2e9-41cb-ad4f-db90423f4d6c	9	99712747	101235706	873	0.4784
740ed154-d2e9-41cb-ad4f-db90423f4d6c	9	101238916	104614556	1874	0.5446
740ed154-d2e9-41cb-ad4f-db90423f4d6c	9	104614673	115114285	7472	0.4961
740ed154-d2e9-41cb-ad4f-db90423f4d6c	9	115115459	120554426	4130	0.5277
740ed154-d2e9-41cb-ad4f-db90423f4d6c	9	120554937	127684214	4269	0.4725
740ed154-d2e9-41cb-ad4f-db90423f4d6c	9	127693412	134673486	3903	0.4218
740ed154-d2e9-41cb-ad4f-db90423f4d6c	9	134673527	138044505	1184	0.462
740ed154-d2e9-41cb-ad4f-db90423f4d6c	10	366509	47093468	28271	0.3922
740ed154-d2e9-41cb-ad4f-db90423f4d6c	10	47093923	61273873	8080	0.4419
740ed154-d2e9-41cb-ad4f-db90423f4d6c	10	61275484	64140861	1795	0.3879
740ed154-d2e9-41cb-ad4f-db90423f4d6c	10	64141228	67259778	1627	0.4453
740ed154-d2e9-41cb-ad4f-db90423f4d6c	10	67260286	75671960	4695	0.3486
740ed154-d2e9-41cb-ad4f-db90423f4d6c	10	75675862	81226630	3655	0.3877
740ed154-d2e9-41cb-ad4f-db90423f4d6c	10	81226776	86017512	3472	0.4358
740ed154-d2e9-41cb-ad4f-db90423f4d6c	10	86019557	95246348	5324	0.3902
740ed154-d2e9-41cb-ad4f-db90423f4d6c	10	95246861	102768011	4329	0.3513
740ed154-d2e9-41cb-ad4f-db90423f4d6c	10	102769911	102879989	73	0.6431
740ed154-d2e9-41cb-ad4f-db90423f4d6c	10	102882240	102931193	23	0.3332
740ed154-d2e9-41cb-ad4f-db90423f4d6c	10	102931735	104748037	1035	0.014
740ed154-d2e9-41cb-ad4f-db90423f4d6c	10	104749863	109727288	3312	0.0871
740ed154-d2e9-41cb-ad4f-db90423f4d6c	10	109728255	114869051	3591	0.0394
740ed154-d2e9-41cb-ad4f-db90423f4d6c	10	114874202	115006577	69	0.4506
740ed154-d2e9-41cb-ad4f-db90423f4d6c	10	115006675	124446331	6775	0.0514
740ed154-d2e9-41cb-ad4f-db90423f4d6c	10	124456270	124600971	109	0.35
740ed154-d2e9-41cb-ad4f-db90423f4d6c	10	124601501	125955336	796	0.0185
740ed154-d2e9-41cb-ad4f-db90423f4d6c	10	125957214	131290827	3676	0.0763
740ed154-d2e9-41cb-ad4f-db90423f4d6c	10	131296576	133411599	535	-0.0053
740ed154-d2e9-41cb-ad4f-db90423f4d6c	11	456012	2457965	568	-0.0316
740ed154-d2e9-41cb-ad4f-db90423f4d6c	11	2487244	21044198	12755	0.0524
740ed154-d2e9-41cb-ad4f-db90423f4d6c	11	21046614	21056745	13	-0.1604
740ed154-d2e9-41cb-ad4f-db90423f4d6c	11	21056940	31491842	6517	0.0906
740ed154-d2e9-41cb-ad4f-db90423f4d6c	11	31495126	31750239	130	-0.2108
740ed154-d2e9-41cb-ad4f-db90423f4d6c	11	31751629	36134028	3143	0.0341
740ed154-d2e9-41cb-ad4f-db90423f4d6c	11	36134167	43175737	4109	0.0986
740ed154-d2e9-41cb-ad4f-db90423f4d6c	11	43176203	45558869	1697	0.0344
740ed154-d2e9-41cb-ad4f-db90423f4d6c	11	45560151	48084934	1086	-0.0209
740ed154-d2e9-41cb-ad4f-db90423f4d6c	11	48086582	61265772	3468	0.0576
740ed154-d2e9-41cb-ad4f-db90423f4d6c	11	61267357	61403030	54	0.3292
740ed154-d2e9-41cb-ad4f-db90423f4d6c	11	61412256	61488580	40	-0.006
740ed154-d2e9-41cb-ad4f-db90423f4d6c	11	61491914	61575370	39	0.3345
740ed154-d2e9-41cb-ad4f-db90423f4d6c	11	61577600	61620202	14	0.0314
740ed154-d2e9-41cb-ad4f-db90423f4d6c	11	61621843	78090189	7293	-0.003
740ed154-d2e9-41cb-ad4f-db90423f4d6c	11	78091879	78216990	70	0.3828
740ed154-d2e9-41cb-ad4f-db90423f4d6c	11	78217064	111567204	20812	0.0768
740ed154-d2e9-41cb-ad4f-db90423f4d6c	11	111569700	118076493	4503	0.0358
740ed154-d2e9-41cb-ad4f-db90423f4d6c	11	118076718	119330968	795	-0.0559
740ed154-d2e9-41cb-ad4f-db90423f4d6c	11	119330989	131039130	8311	0.0428
740ed154-d2e9-41cb-ad4f-db90423f4d6c	11	131039392	134272740	2079	0.0852
740ed154-d2e9-41cb-ad4f-db90423f4d6c	12	780472	12889321	6764	0.3727
740ed154-d2e9-41cb-ad4f-db90423f4d6c	12	12890185	30828354	11432	0.4212
740ed154-d2e9-41cb-ad4f-db90423f4d6c	12	30828510	30960676	139	0.3664
740ed154-d2e9-41cb-ad4f-db90423f4d6c	12	30962191	30962783	6	-0.5136
740ed154-d2e9-41cb-ad4f-db90423f4d6c	12	30965058	32906807	1115	0.3522
740ed154-d2e9-41cb-ad4f-db90423f4d6c	12	32907545	45862777	4135	0.429
740ed154-d2e9-41cb-ad4f-db90423f4d6c	12	45864379	57615500	6154	0.3426
740ed154-d2e9-41cb-ad4f-db90423f4d6c	12	57615589	57890772	121	0.6191
740ed154-d2e9-41cb-ad4f-db90423f4d6c	12	57892578	63519520	3626	0.4299
740ed154-d2e9-41cb-ad4f-db90423f4d6c	12	63520650	70253645	4295	0.3914
740ed154-d2e9-41cb-ad4f-db90423f4d6c	12	70253702	91780804	12627	0.4388
740ed154-d2e9-41cb-ad4f-db90423f4d6c	12	91781399	110342338	12050	0.3896
740ed154-d2e9-41cb-ad4f-db90423f4d6c	12	110346962	112637284	1082	0.3
740ed154-d2e9-41cb-ad4f-db90423f4d6c	12	112642063	119791867	4786	0.383
740ed154-d2e9-41cb-ad4f-db90423f4d6c	12	119791877	123484171	1604	0.298
740ed154-d2e9-41cb-ad4f-db90423f4d6c	12	123492517	132605822	4383	0.3981
740ed154-d2e9-41cb-ad4f-db90423f4d6c	13	18874255	53801315	21109	-0.4253
740ed154-d2e9-41cb-ad4f-db90423f4d6c	13	53801811	72607340	9426	-0.357
740ed154-d2e9-41cb-ad4f-db90423f4d6c	13	72607742	80587828	5310	-0.4089
740ed154-d2e9-41cb-ad4f-db90423f4d6c	13	80588337	93753205	7693	-0.3576
740ed154-d2e9-41cb-ad4f-db90423f4d6c	13	93753285	100870513	4428	-0.4279
740ed154-d2e9-41cb-ad4f-db90423f4d6c	13	100870716	110293509	6889	-0.3897
740ed154-d2e9-41cb-ad4f-db90423f4d6c	13	110293628	114226675	2013	-0.4621
740ed154-d2e9-41cb-ad4f-db90423f4d6c	14	20033191	24602769	1775	0.0155
740ed154-d2e9-41cb-ad4f-db90423f4d6c	14	24602801	30184595	3267	0.1107
740ed154-d2e9-41cb-ad4f-db90423f4d6c	14	30188146	39574429	5721	0.068
740ed154-d2e9-41cb-ad4f-db90423f4d6c	14	39576952	49176461	4215	0.1052
740ed154-d2e9-41cb-ad4f-db90423f4d6c	14	49184584	50281283	610	0.0144
740ed154-d2e9-41cb-ad4f-db90423f4d6c	14	50286114	63513984	8530	0.0544
740ed154-d2e9-41cb-ad4f-db90423f4d6c	14	63514013	78231526	8956	0.0168
740ed154-d2e9-41cb-ad4f-db90423f4d6c	14	78237728	88156212	6377	0.0977
740ed154-d2e9-41cb-ad4f-db90423f4d6c	14	88157969	93057764	2890	0.0127
740ed154-d2e9-41cb-ad4f-db90423f4d6c	14	93060307	99222561	4529	0.0498
740ed154-d2e9-41cb-ad4f-db90423f4d6c	14	99223873	105533894	2868	0.0012
740ed154-d2e9-41cb-ad4f-db90423f4d6c	15	23437561	23456938	11	-0.2187
740ed154-d2e9-41cb-ad4f-db90423f4d6c	15	23457305	26645706	1859	0.0693
740ed154-d2e9-41cb-ad4f-db90423f4d6c	15	26646517	39828179	6408	-0.0349
740ed154-d2e9-41cb-ad4f-db90423f4d6c	15	39830902	45916829	2748	-0.1038
740ed154-d2e9-41cb-ad4f-db90423f4d6c	15	45917646	50245009	2776	-0.0249
740ed154-d2e9-41cb-ad4f-db90423f4d6c	15	50247288	52481997	1267	-0.0897
740ed154-d2e9-41cb-ad4f-db90423f4d6c	15	52482071	55197717	2035	-0.0177
740ed154-d2e9-41cb-ad4f-db90423f4d6c	15	55201935	89293908	20276	-0.0722
740ed154-d2e9-41cb-ad4f-db90423f4d6c	15	89295089	89412430	71	0.249
740ed154-d2e9-41cb-ad4f-db90423f4d6c	15	89414049	93749255	2575	-0.0766
740ed154-d2e9-41cb-ad4f-db90423f4d6c	15	93751243	101344124	4731	-0.0237
740ed154-d2e9-41cb-ad4f-db90423f4d6c	16	603333	1840099	307	-0.0498
740ed154-d2e9-41cb-ad4f-db90423f4d6c	16	1841898	4170461	943	-0.0088
740ed154-d2e9-41cb-ad4f-db90423f4d6c	16	4204915	4231942	14	0.4144
740ed154-d2e9-41cb-ad4f-db90423f4d6c	16	4233828	4982087	364	-0.0239
740ed154-d2e9-41cb-ad4f-db90423f4d6c	16	4982297	10115056	3344	0.0522
740ed154-d2e9-41cb-ad4f-db90423f4d6c	16	10115066	10696010	460	-0.0097
740ed154-d2e9-41cb-ad4f-db90423f4d6c	16	10698040	10700824	2	-1.7488
740ed154-d2e9-41cb-ad4f-db90423f4d6c	16	10701258	59160803	16889	0.0272
740ed154-d2e9-41cb-ad4f-db90423f4d6c	16	59162426	65878665	4381	0.1047
740ed154-d2e9-41cb-ad4f-db90423f4d6c	16	65879428	71968040	2752	0.0098
740ed154-d2e9-41cb-ad4f-db90423f4d6c	16	71970500	72140424	78	0.2548
740ed154-d2e9-41cb-ad4f-db90423f4d6c	16	72141483	75978732	2175	-0.1197
740ed154-d2e9-41cb-ad4f-db90423f4d6c	16	75978816	77238833	966	-0.0384
740ed154-d2e9-41cb-ad4f-db90423f4d6c	16	77243108	88394706	8431	-0.1174
740ed154-d2e9-41cb-ad4f-db90423f4d6c	16	88394774	88398893	2	-2.4504
740ed154-d2e9-41cb-ad4f-db90423f4d6c	16	88399007	89317317	63	-0.1674
740ed154-d2e9-41cb-ad4f-db90423f4d6c	17	1074619	1701286	207	-0.5002
740ed154-d2e9-41cb-ad4f-db90423f4d6c	17	1706901	1777024	19	0.2507
740ed154-d2e9-41cb-ad4f-db90423f4d6c	17	1779990	1810639	30	-0.095
740ed154-d2e9-41cb-ad4f-db90423f4d6c	17	1921252	34653440	12841	-0.4631
740ed154-d2e9-41cb-ad4f-db90423f4d6c	17	34660497	34695193	25	0.0535
740ed154-d2e9-41cb-ad4f-db90423f4d6c	17	34696688	39999677	2346	-0.4805
740ed154-d2e9-41cb-ad4f-db90423f4d6c	17	40010626	40181572	71	-0.0178
740ed154-d2e9-41cb-ad4f-db90423f4d6c	17	40185351	42264082	1042	-0.4696
740ed154-d2e9-41cb-ad4f-db90423f4d6c	17	42267066	42291348	13	0.1756
740ed154-d2e9-41cb-ad4f-db90423f4d6c	17	42294404	44227964	885	-0.4777
740ed154-d2e9-41cb-ad4f-db90423f4d6c	17	44231196	51233881	2761	-0.0199
740ed154-d2e9-41cb-ad4f-db90423f4d6c	17	51242201	56649047	3416	0.0707
740ed154-d2e9-41cb-ad4f-db90423f4d6c	17	56649116	68615073	6303	0.0061
740ed154-d2e9-41cb-ad4f-db90423f4d6c	17	68619858	72786024	3098	0.0665
740ed154-d2e9-41cb-ad4f-db90423f4d6c	17	72787179	82950625	4170	-0.0215
740ed154-d2e9-41cb-ad4f-db90423f4d6c	17	82951210	82959812	6	-0.3552
740ed154-d2e9-41cb-ad4f-db90423f4d6c	18	326691	8294018	4247	-0.4032
740ed154-d2e9-41cb-ad4f-db90423f4d6c	18	8296249	24692383	6007	-0.4363
740ed154-d2e9-41cb-ad4f-db90423f4d6c	18	24692430	37428860	7860	-0.3866
740ed154-d2e9-41cb-ad4f-db90423f4d6c	18	37431154	37434083	2	-2.8475
740ed154-d2e9-41cb-ad4f-db90423f4d6c	18	37435223	37775048	255	-0.4346
740ed154-d2e9-41cb-ad4f-db90423f4d6c	18	37775550	44572502	3939	-0.3635
740ed154-d2e9-41cb-ad4f-db90423f4d6c	18	44576635	63908773	12849	-0.4142
740ed154-d2e9-41cb-ad4f-db90423f4d6c	18	63909141	71343961	3962	-0.3577
740ed154-d2e9-41cb-ad4f-db90423f4d6c	18	71349950	79349796	3768	-0.4198
740ed154-d2e9-41cb-ad4f-db90423f4d6c	19	283868	21534501	7973	0.1657
740ed154-d2e9-41cb-ad4f-db90423f4d6c	19	21538872	27881970	1146	0.2676
740ed154-d2e9-41cb-ad4f-db90423f4d6c	19	27882042	34046258	4415	0.3746
740ed154-d2e9-41cb-ad4f-db90423f4d6c	19	34046602	46386965	5662	0.3071
740ed154-d2e9-41cb-ad4f-db90423f4d6c	19	46400109	46517307	58	0.6575
740ed154-d2e9-41cb-ad4f-db90423f4d6c	19	46520153	58370362	4897	0.3203
740ed154-d2e9-41cb-ad4f-db90423f4d6c	20	472817	6401100	3596	0.0101
740ed154-d2e9-41cb-ad4f-db90423f4d6c	20	6406433	25234823	12997	0.0644
740ed154-d2e9-41cb-ad4f-db90423f4d6c	20	25235073	34246594	1843	0.0003
740ed154-d2e9-41cb-ad4f-db90423f4d6c	20	34249470	34410795	60	0.2574
740ed154-d2e9-41cb-ad4f-db90423f4d6c	20	34410848	36347834	871	-0.0203
740ed154-d2e9-41cb-ad4f-db90423f4d6c	20	36347989	36530253	77	0.2493
740ed154-d2e9-41cb-ad4f-db90423f4d6c	20	36531763	39560777	1863	0.0093
740ed154-d2e9-41cb-ad4f-db90423f4d6c	20	39563147	43604186	2827	0.0619
740ed154-d2e9-41cb-ad4f-db90423f4d6c	20	43612090	54288738	7017	0.0148
740ed154-d2e9-41cb-ad4f-db90423f4d6c	20	54289298	55978061	1282	0.0949
740ed154-d2e9-41cb-ad4f-db90423f4d6c	20	55980697	63588502	5108	0.0374
740ed154-d2e9-41cb-ad4f-db90423f4d6c	21	13974127	18121702	2552	0.0782
740ed154-d2e9-41cb-ad4f-db90423f4d6c	21	18122775	24030635	3531	0.1282
740ed154-d2e9-41cb-ad4f-db90423f4d6c	21	24031152	31072127	4845	0.0764
740ed154-d2e9-41cb-ad4f-db90423f4d6c	21	31072166	46262057	9643	0.0336
740ed154-d2e9-41cb-ad4f-db90423f4d6c	22	16934932	17799942	513	0.102
740ed154-d2e9-41cb-ad4f-db90423f4d6c	22	17803624	18086778	205	-0.3247
740ed154-d2e9-41cb-ad4f-db90423f4d6c	22	18087409	18130970	48	-1.2001
740ed154-d2e9-41cb-ad4f-db90423f4d6c	22	18131162	25186409	895	-0.2248
740ed154-d2e9-41cb-ad4f-db90423f4d6c	22	25186998	25799514	201	-1.183
740ed154-d2e9-41cb-ad4f-db90423f4d6c	22	25799730	26413353	627	-0.1805
740ed154-d2e9-41cb-ad4f-db90423f4d6c	22	26416666	26681021	214	-1.2576
740ed154-d2e9-41cb-ad4f-db90423f4d6c	22	26686380	26733784	43	-0.1823
740ed154-d2e9-41cb-ad4f-db90423f4d6c	22	26734342	31588093	3100	-1.221
740ed154-d2e9-41cb-ad4f-db90423f4d6c	22	31595519	43165331	6909	-0.2115
740ed154-d2e9-41cb-ad4f-db90423f4d6c	22	43165669	45052088	1424	-0.1203
740ed154-d2e9-41cb-ad4f-db90423f4d6c	22	45052304	45052889	2	-2.0098
740ed154-d2e9-41cb-ad4f-db90423f4d6c	22	45053229	47064787	1279	-0.1121
740ed154-d2e9-41cb-ad4f-db90423f4d6c	22	47068009	47310752	185	0.1475
740ed154-d2e9-41cb-ad4f-db90423f4d6c	22	47310891	47725893	292	-1.295
740ed154-d2e9-41cb-ad4f-db90423f4d6c	22	47728114	48940621	1064	0.0346
740ed154-d2e9-41cb-ad4f-db90423f4d6c	X	3236359	25694538	9608	-0.0071
740ed154-d2e9-41cb-ad4f-db90423f4d6c	X	25695248	28427030	1593	0.0558
740ed154-d2e9-41cb-ad4f-db90423f4d6c	X	28428920	39506091	5133	0.0116
740ed154-d2e9-41cb-ad4f-db90423f4d6c	X	39506793	79479779	13602	-0.0176
740ed154-d2e9-41cb-ad4f-db90423f4d6c	X	79480457	155677414	33982	0.0125
