GDC_Aliquot	Chromosome	Start	End	Num_Probes	Segment_Mean
8aa24da8-071b-4cd2-a1d8-480ee049c863	1	3301765	4134652	456	0.269
8aa24da8-071b-4cd2-a1d8-480ee049c863	1	4137358	5929921	1393	-1.1932
8aa24da8-071b-4cd2-a1d8-480ee049c863	1	5930444	6408568	190	-0.2027
8aa24da8-071b-4cd2-a1d8-480ee049c863	1	6415626	12083236	2866	-1.0875
8aa24da8-071b-4cd2-a1d8-480ee049c863	1	12084377	16433121	2307	-0.1992
8aa24da8-071b-4cd2-a1d8-480ee049c863	1	16434707	16470247	21	0.2956
8aa24da8-071b-4cd2-a1d8-480ee049c863	1	16471261	20504007	2436	-0.2056
8aa24da8-071b-4cd2-a1d8-480ee049c863	1	20509501	20539210	17	0.3281
8aa24da8-071b-4cd2-a1d8-480ee049c863	1	20539386	21199228	360	-0.2388
8aa24da8-071b-4cd2-a1d8-480ee049c863	1	21201666	21358952	73	0.3376
8aa24da8-071b-4cd2-a1d8-480ee049c863	1	21361264	21538057	56	0.7067
8aa24da8-071b-4cd2-a1d8-480ee049c863	1	21540071	21554105	12	0.2553
8aa24da8-071b-4cd2-a1d8-480ee049c863	1	21556327	21776342	140	-0.236
8aa24da8-071b-4cd2-a1d8-480ee049c863	1	21780507	21837671	20	0.2178
8aa24da8-071b-4cd2-a1d8-480ee049c863	1	21838233	21944210	62	-0.1695
8aa24da8-071b-4cd2-a1d8-480ee049c863	1	21944482	21967332	13	0.4205
8aa24da8-071b-4cd2-a1d8-480ee049c863	1	21969814	22464455	227	-0.2103
8aa24da8-071b-4cd2-a1d8-480ee049c863	1	22466159	22651390	95	-1.0959
8aa24da8-071b-4cd2-a1d8-480ee049c863	1	22654121	22654193	2	-6.9381
8aa24da8-071b-4cd2-a1d8-480ee049c863	1	22654271	23151649	325	-1.0676
8aa24da8-071b-4cd2-a1d8-480ee049c863	1	23154091	25152361	1054	-0.2387
8aa24da8-071b-4cd2-a1d8-480ee049c863	1	25153245	25371978	27	-0.8375
8aa24da8-071b-4cd2-a1d8-480ee049c863	1	25373504	25568362	25	-0.1722
8aa24da8-071b-4cd2-a1d8-480ee049c863	1	25570265	26522133	484	-1.1126
8aa24da8-071b-4cd2-a1d8-480ee049c863	1	26523804	39328434	6612	-0.2263
8aa24da8-071b-4cd2-a1d8-480ee049c863	1	39339630	39638789	136	0.289
8aa24da8-071b-4cd2-a1d8-480ee049c863	1	39702915	41412940	880	-0.2184
8aa24da8-071b-4cd2-a1d8-480ee049c863	1	41413008	41437636	12	0.4186
8aa24da8-071b-4cd2-a1d8-480ee049c863	1	41438350	42915394	945	-0.2254
8aa24da8-071b-4cd2-a1d8-480ee049c863	1	42921631	43008874	73	0.3432
8aa24da8-071b-4cd2-a1d8-480ee049c863	1	43011286	54017091	5648	-0.2198
8aa24da8-071b-4cd2-a1d8-480ee049c863	1	54019912	54311889	184	0.3277
8aa24da8-071b-4cd2-a1d8-480ee049c863	1	54318188	73075772	12668	-0.2405
8aa24da8-071b-4cd2-a1d8-480ee049c863	1	73079229	73250091	98	0.2486
8aa24da8-071b-4cd2-a1d8-480ee049c863	1	73250100	73379280	57	0.5659
8aa24da8-071b-4cd2-a1d8-480ee049c863	1	73381662	73449192	45	0.2678
8aa24da8-071b-4cd2-a1d8-480ee049c863	1	73453840	74642183	660	-0.319
8aa24da8-071b-4cd2-a1d8-480ee049c863	1	74644454	77650269	1895	0.2499
8aa24da8-071b-4cd2-a1d8-480ee049c863	1	77652851	83439640	3299	0.2158
8aa24da8-071b-4cd2-a1d8-480ee049c863	1	83439684	87980017	3096	0.2732
8aa24da8-071b-4cd2-a1d8-480ee049c863	1	87981643	98077442	6035	-0.2591
8aa24da8-071b-4cd2-a1d8-480ee049c863	1	98078251	101458770	2119	0.24
8aa24da8-071b-4cd2-a1d8-480ee049c863	1	101459443	104170045	1302	0.2001
8aa24da8-071b-4cd2-a1d8-480ee049c863	1	104176222	104199028	19	-0.3029
8aa24da8-071b-4cd2-a1d8-480ee049c863	1	104204629	107377582	1753	0.197
8aa24da8-071b-4cd2-a1d8-480ee049c863	1	107377597	150377292	7949	0.2665
8aa24da8-071b-4cd2-a1d8-480ee049c863	1	150494291	169765336	12208	-0.2393
8aa24da8-071b-4cd2-a1d8-480ee049c863	1	169769555	169775811	8	-1.4934
8aa24da8-071b-4cd2-a1d8-480ee049c863	1	169778242	169879189	95	-0.1974
8aa24da8-071b-4cd2-a1d8-480ee049c863	1	169886435	169991408	91	-1.1351
8aa24da8-071b-4cd2-a1d8-480ee049c863	1	169995965	177112185	4055	-0.2407
8aa24da8-071b-4cd2-a1d8-480ee049c863	1	177112540	177215587	78	0.2369
8aa24da8-071b-4cd2-a1d8-480ee049c863	1	177215954	184900322	5110	-0.2191
8aa24da8-071b-4cd2-a1d8-480ee049c863	1	184900809	193139074	4813	-0.2891
8aa24da8-071b-4cd2-a1d8-480ee049c863	1	193144163	193186325	71	-0.9177
8aa24da8-071b-4cd2-a1d8-480ee049c863	1	193191928	194379763	864	-0.255
8aa24da8-071b-4cd2-a1d8-480ee049c863	1	194384786	194454817	56	-1.1486
8aa24da8-071b-4cd2-a1d8-480ee049c863	1	194495592	195547662	510	-0.2803
8aa24da8-071b-4cd2-a1d8-480ee049c863	1	195548377	196287368	464	-1.1168
8aa24da8-071b-4cd2-a1d8-480ee049c863	1	196300118	199869919	1939	-0.2873
8aa24da8-071b-4cd2-a1d8-480ee049c863	1	199869936	206975033	4504	-0.2257
8aa24da8-071b-4cd2-a1d8-480ee049c863	1	206975114	213319964	4356	-0.2878
8aa24da8-071b-4cd2-a1d8-480ee049c863	1	213324124	213550902	176	-1.1266
8aa24da8-071b-4cd2-a1d8-480ee049c863	1	213550982	219777765	4377	-0.3039
8aa24da8-071b-4cd2-a1d8-480ee049c863	1	219778611	220344073	350	0.6219
8aa24da8-071b-4cd2-a1d8-480ee049c863	1	220345101	220357837	11	0.1552
8aa24da8-071b-4cd2-a1d8-480ee049c863	1	220358450	220366094	6	0.5136
8aa24da8-071b-4cd2-a1d8-480ee049c863	1	220369631	235178081	9305	-0.2376
8aa24da8-071b-4cd2-a1d8-480ee049c863	1	235184493	235272215	40	-1.0604
8aa24da8-071b-4cd2-a1d8-480ee049c863	1	235272638	241036749	4302	-0.2614
8aa24da8-071b-4cd2-a1d8-480ee049c863	1	241047168	241243135	155	-1.0783
8aa24da8-071b-4cd2-a1d8-480ee049c863	1	241246902	243979136	1716	-0.2411
8aa24da8-071b-4cd2-a1d8-480ee049c863	1	243983478	245705061	965	0.6656
8aa24da8-071b-4cd2-a1d8-480ee049c863	1	245710534	245830185	88	0.3092
8aa24da8-071b-4cd2-a1d8-480ee049c863	1	245831140	247650984	608	0.6235
8aa24da8-071b-4cd2-a1d8-480ee049c863	2	480597	15317411	9506	-0.2093
8aa24da8-071b-4cd2-a1d8-480ee049c863	2	15326987	15530249	117	-1.0566
8aa24da8-071b-4cd2-a1d8-480ee049c863	2	15535967	26736380	6964	-0.2176
8aa24da8-071b-4cd2-a1d8-480ee049c863	2	26740379	26750135	13	0.4603
8aa24da8-071b-4cd2-a1d8-480ee049c863	2	26755939	33187468	3294	-0.2048
8aa24da8-071b-4cd2-a1d8-480ee049c863	2	33187980	33373150	116	-1.0522
8aa24da8-071b-4cd2-a1d8-480ee049c863	2	33373325	48981505	9327	-0.2331
8aa24da8-071b-4cd2-a1d8-480ee049c863	2	48981895	53130504	2195	-0.3054
8aa24da8-071b-4cd2-a1d8-480ee049c863	2	53131067	54538037	609	-0.2266
8aa24da8-071b-4cd2-a1d8-480ee049c863	2	54605125	54984658	298	0.2956
8aa24da8-071b-4cd2-a1d8-480ee049c863	2	54984748	59572502	2619	-0.2571
8aa24da8-071b-4cd2-a1d8-480ee049c863	2	59573143	68790692	5384	-0.2226
8aa24da8-071b-4cd2-a1d8-480ee049c863	2	68790772	68790888	2	-1.8949
8aa24da8-071b-4cd2-a1d8-480ee049c863	2	68791655	75806863	4007	-0.2296
8aa24da8-071b-4cd2-a1d8-480ee049c863	2	75807973	81883401	3243	-0.2839
8aa24da8-071b-4cd2-a1d8-480ee049c863	2	81883535	81884390	2	-2.0693
8aa24da8-071b-4cd2-a1d8-480ee049c863	2	81886769	83620444	875	-0.2991
8aa24da8-071b-4cd2-a1d8-480ee049c863	2	83622573	85721808	1193	0.2426
8aa24da8-071b-4cd2-a1d8-480ee049c863	2	85722273	85987977	190	0.465
8aa24da8-071b-4cd2-a1d8-480ee049c863	2	85988537	100195184	2771	0.2664
8aa24da8-071b-4cd2-a1d8-480ee049c863	2	100195441	100392923	156	0.9909
8aa24da8-071b-4cd2-a1d8-480ee049c863	2	100395836	114420900	7622	0.2796
8aa24da8-071b-4cd2-a1d8-480ee049c863	2	114420979	114422030	2	-1.1959
8aa24da8-071b-4cd2-a1d8-480ee049c863	2	114422336	114827788	235	0.2865
8aa24da8-071b-4cd2-a1d8-480ee049c863	2	114828127	118248314	1535	0.2293
8aa24da8-071b-4cd2-a1d8-480ee049c863	2	118249242	122260263	2454	0.31
8aa24da8-071b-4cd2-a1d8-480ee049c863	2	122260444	126421023	1758	0.2206
8aa24da8-071b-4cd2-a1d8-480ee049c863	2	126424198	137199071	5609	0.2856
8aa24da8-071b-4cd2-a1d8-480ee049c863	2	137201063	140317995	1366	0.2161
8aa24da8-071b-4cd2-a1d8-480ee049c863	2	140322289	141171380	540	-0.271
8aa24da8-071b-4cd2-a1d8-480ee049c863	2	141174229	153383285	7256	0.2467
8aa24da8-071b-4cd2-a1d8-480ee049c863	2	153383795	153471406	45	-0.3687
8aa24da8-071b-4cd2-a1d8-480ee049c863	2	153472158	157661726	2229	0.2106
8aa24da8-071b-4cd2-a1d8-480ee049c863	2	157661972	160576433	1800	0.293
8aa24da8-071b-4cd2-a1d8-480ee049c863	2	160580567	161623767	642	0.2344
8aa24da8-071b-4cd2-a1d8-480ee049c863	2	161625925	161844571	88	-0.0259
8aa24da8-071b-4cd2-a1d8-480ee049c863	2	161864698	167068281	2906	0.2468
8aa24da8-071b-4cd2-a1d8-480ee049c863	2	167069849	169558931	1654	0.2838
8aa24da8-071b-4cd2-a1d8-480ee049c863	2	169564805	169595584	17	-0.2049
8aa24da8-071b-4cd2-a1d8-480ee049c863	2	169599707	180099481	6580	0.2845
8aa24da8-071b-4cd2-a1d8-480ee049c863	2	180100312	194851060	7190	0.2397
8aa24da8-071b-4cd2-a1d8-480ee049c863	2	194854741	196519665	729	-0.2214
8aa24da8-071b-4cd2-a1d8-480ee049c863	2	196521248	200036971	1931	0.2557
8aa24da8-071b-4cd2-a1d8-480ee049c863	2	200040437	208382659	4837	-0.2075
8aa24da8-071b-4cd2-a1d8-480ee049c863	2	208383008	214602685	3667	-0.2727
8aa24da8-071b-4cd2-a1d8-480ee049c863	2	214604270	229465891	9553	-0.2117
8aa24da8-071b-4cd2-a1d8-480ee049c863	2	229471343	232139725	1212	-1.0773
8aa24da8-071b-4cd2-a1d8-480ee049c863	2	232141633	232141640	2	-6.5078
8aa24da8-071b-4cd2-a1d8-480ee049c863	2	232142392	233324589	574	-1.1208
8aa24da8-071b-4cd2-a1d8-480ee049c863	2	233326182	233326656	3	-4.7601
8aa24da8-071b-4cd2-a1d8-480ee049c863	2	233327174	237664712	2955	-1.0816
8aa24da8-071b-4cd2-a1d8-480ee049c863	2	237664758	237665428	2	-6.5123
8aa24da8-071b-4cd2-a1d8-480ee049c863	2	237665783	238562828	484	-1.0795
8aa24da8-071b-4cd2-a1d8-480ee049c863	2	238563458	238582762	18	-4.7003
8aa24da8-071b-4cd2-a1d8-480ee049c863	2	238584241	241537572	1556	-1.1415
8aa24da8-071b-4cd2-a1d8-480ee049c863	3	2170634	11612533	5562	-0.2375
8aa24da8-071b-4cd2-a1d8-480ee049c863	3	11612938	11614614	2	-2.2286
8aa24da8-071b-4cd2-a1d8-480ee049c863	3	11618938	13234107	1127	-0.2598
8aa24da8-071b-4cd2-a1d8-480ee049c863	3	13234548	13239950	4	-1.7485
8aa24da8-071b-4cd2-a1d8-480ee049c863	3	13240856	16049666	1780	-0.2304
8aa24da8-071b-4cd2-a1d8-480ee049c863	3	16051065	16123626	52	0.1859
8aa24da8-071b-4cd2-a1d8-480ee049c863	3	16123911	16827414	558	-0.2387
8aa24da8-071b-4cd2-a1d8-480ee049c863	3	16828652	16932270	60	0.2499
8aa24da8-071b-4cd2-a1d8-480ee049c863	3	16934154	17239872	179	-0.3186
8aa24da8-071b-4cd2-a1d8-480ee049c863	3	17244223	17377255	80	-1.1249
8aa24da8-071b-4cd2-a1d8-480ee049c863	3	17377499	25939090	4882	-0.2759
8aa24da8-071b-4cd2-a1d8-480ee049c863	3	26419435	26737517	219	-1.0852
8aa24da8-071b-4cd2-a1d8-480ee049c863	3	26737846	31646029	3197	-0.2641
8aa24da8-071b-4cd2-a1d8-480ee049c863	3	31652418	31684568	20	-1.0008
8aa24da8-071b-4cd2-a1d8-480ee049c863	3	31685111	37474715	3409	-0.2619
8aa24da8-071b-4cd2-a1d8-480ee049c863	3	37475538	37518154	34	-0.952
8aa24da8-071b-4cd2-a1d8-480ee049c863	3	37518252	37523352	10	-3.2693
8aa24da8-071b-4cd2-a1d8-480ee049c863	3	37528908	37620770	82	-1.133
8aa24da8-071b-4cd2-a1d8-480ee049c863	3	37621347	52153466	7480	-0.2344
8aa24da8-071b-4cd2-a1d8-480ee049c863	3	52155842	52264970	40	0.2957
8aa24da8-071b-4cd2-a1d8-480ee049c863	3	52269846	52891989	280	-0.2587
8aa24da8-071b-4cd2-a1d8-480ee049c863	3	52892671	52977203	45	0.5495
8aa24da8-071b-4cd2-a1d8-480ee049c863	3	52977737	53179109	113	0.9311
8aa24da8-071b-4cd2-a1d8-480ee049c863	3	53179641	53298986	69	0.6291
8aa24da8-071b-4cd2-a1d8-480ee049c863	3	53301715	62165421	5114	-0.2326
8aa24da8-071b-4cd2-a1d8-480ee049c863	3	62166781	73891104	8607	0.2813
8aa24da8-071b-4cd2-a1d8-480ee049c863	3	73891461	76934273	1441	0.2068
8aa24da8-071b-4cd2-a1d8-480ee049c863	3	76934314	78712418	1011	0.2502
8aa24da8-071b-4cd2-a1d8-480ee049c863	3	78719225	78941385	130	-0.2932
8aa24da8-071b-4cd2-a1d8-480ee049c863	3	78945890	82887415	2149	0.2406
8aa24da8-071b-4cd2-a1d8-480ee049c863	3	82890602	94638749	3768	0.1908
8aa24da8-071b-4cd2-a1d8-480ee049c863	3	94647157	94708195	25	-0.3918
8aa24da8-071b-4cd2-a1d8-480ee049c863	3	94715687	102880752	4234	0.2257
8aa24da8-071b-4cd2-a1d8-480ee049c863	3	102882265	102911202	19	-0.3352
8aa24da8-071b-4cd2-a1d8-480ee049c863	3	102913823	105908525	1815	0.2053
8aa24da8-071b-4cd2-a1d8-480ee049c863	3	105909248	109417599	1882	0.2542
8aa24da8-071b-4cd2-a1d8-480ee049c863	3	109418858	114519822	2949	0.1914
8aa24da8-071b-4cd2-a1d8-480ee049c863	3	114521297	115267585	394	-0.2772
8aa24da8-071b-4cd2-a1d8-480ee049c863	3	115269533	118620485	2375	0.154
8aa24da8-071b-4cd2-a1d8-480ee049c863	3	118620499	139293139	11452	0.214
8aa24da8-071b-4cd2-a1d8-480ee049c863	3	139297068	139402879	82	0.5119
8aa24da8-071b-4cd2-a1d8-480ee049c863	3	139402917	143874533	2541	0.2137
8aa24da8-071b-4cd2-a1d8-480ee049c863	3	143878084	148849733	2322	0.1595
8aa24da8-071b-4cd2-a1d8-480ee049c863	3	148854166	150223183	836	0.2424
8aa24da8-071b-4cd2-a1d8-480ee049c863	3	150229026	150331993	61	0.6398
8aa24da8-071b-4cd2-a1d8-480ee049c863	3	150333803	157596419	4085	0.1918
8aa24da8-071b-4cd2-a1d8-480ee049c863	3	157597124	162122116	2441	0.1776
8aa24da8-071b-4cd2-a1d8-480ee049c863	3	162122797	167555514	2188	0.1125
8aa24da8-071b-4cd2-a1d8-480ee049c863	3	167556544	180963006	7083	0.172
8aa24da8-071b-4cd2-a1d8-480ee049c863	3	180971435	181108003	70	-0.4658
8aa24da8-071b-4cd2-a1d8-480ee049c863	3	181121010	184179380	1250	0.1796
8aa24da8-071b-4cd2-a1d8-480ee049c863	3	184180057	184239929	29	0.5494
8aa24da8-071b-4cd2-a1d8-480ee049c863	3	184240129	188167648	2493	0.2071
8aa24da8-071b-4cd2-a1d8-480ee049c863	3	188168612	188610350	310	-0.3407
8aa24da8-071b-4cd2-a1d8-480ee049c863	3	188614715	197812401	4627	0.2171
8aa24da8-071b-4cd2-a1d8-480ee049c863	4	1059384	3174783	828	0.2174
8aa24da8-071b-4cd2-a1d8-480ee049c863	4	3177808	3418113	139	-0.3053
8aa24da8-071b-4cd2-a1d8-480ee049c863	4	3427347	4496867	388	0.2418
8aa24da8-071b-4cd2-a1d8-480ee049c863	4	4497222	4670335	122	-0.1627
8aa24da8-071b-4cd2-a1d8-480ee049c863	4	4672114	9898009	2985	0.2698
8aa24da8-071b-4cd2-a1d8-480ee049c863	4	9898231	12937171	2349	0.213
8aa24da8-071b-4cd2-a1d8-480ee049c863	4	12937467	20734992	5342	0.2586
8aa24da8-071b-4cd2-a1d8-480ee049c863	4	20737839	24653992	2632	0.1984
8aa24da8-071b-4cd2-a1d8-480ee049c863	4	24658421	26648491	1329	0.2565
8aa24da8-071b-4cd2-a1d8-480ee049c863	4	26650020	26699747	15	-0.3168
8aa24da8-071b-4cd2-a1d8-480ee049c863	4	26709493	27635806	597	0.2216
8aa24da8-071b-4cd2-a1d8-480ee049c863	4	27639617	35620668	4647	0.1724
8aa24da8-071b-4cd2-a1d8-480ee049c863	4	35620797	38795256	2217	0.2422
8aa24da8-071b-4cd2-a1d8-480ee049c863	4	38796195	38922737	85	0.5892
8aa24da8-071b-4cd2-a1d8-480ee049c863	4	38923104	42621998	2053	0.2648
8aa24da8-071b-4cd2-a1d8-480ee049c863	4	42623082	42679282	36	-0.2992
8aa24da8-071b-4cd2-a1d8-480ee049c863	4	42680179	44631399	823	0.2092
8aa24da8-071b-4cd2-a1d8-480ee049c863	4	44631849	44697585	35	0.1505
8aa24da8-071b-4cd2-a1d8-480ee049c863	4	44699949	44743053	20	-0.2696
8aa24da8-071b-4cd2-a1d8-480ee049c863	4	44743327	46947753	1054	0.1659
8aa24da8-071b-4cd2-a1d8-480ee049c863	4	46948600	57617274	4397	0.254
8aa24da8-071b-4cd2-a1d8-480ee049c863	4	57619997	70134553	6288	0.208
8aa24da8-071b-4cd2-a1d8-480ee049c863	4	70136067	70158523	15	-0.3876
8aa24da8-071b-4cd2-a1d8-480ee049c863	4	70159831	72911616	1499	0.2228
8aa24da8-071b-4cd2-a1d8-480ee049c863	4	72914878	85811504	7851	0.2484
8aa24da8-071b-4cd2-a1d8-480ee049c863	4	85814461	85959667	83	-0.2919
8aa24da8-071b-4cd2-a1d8-480ee049c863	4	85961583	89689860	2229	0.2571
8aa24da8-071b-4cd2-a1d8-480ee049c863	4	89694415	94208195	2264	0.1965
8aa24da8-071b-4cd2-a1d8-480ee049c863	4	94222515	94290459	38	-0.2502
8aa24da8-071b-4cd2-a1d8-480ee049c863	4	94291662	95619840	860	0.26
8aa24da8-071b-4cd2-a1d8-480ee049c863	4	95619893	98116508	1326	0.1866
8aa24da8-071b-4cd2-a1d8-480ee049c863	4	98116528	102706811	2649	0.2422
8aa24da8-071b-4cd2-a1d8-480ee049c863	4	102710722	102746198	20	-0.2213
8aa24da8-071b-4cd2-a1d8-480ee049c863	4	102747891	120091591	9782	0.2373
8aa24da8-071b-4cd2-a1d8-480ee049c863	4	120096105	125881059	3301	-0.2612
8aa24da8-071b-4cd2-a1d8-480ee049c863	4	125883546	126042458	98	0.2226
8aa24da8-071b-4cd2-a1d8-480ee049c863	4	126061908	129862373	1934	-0.2687
8aa24da8-071b-4cd2-a1d8-480ee049c863	4	129862422	136721193	3043	-0.3101
8aa24da8-071b-4cd2-a1d8-480ee049c863	4	136722113	150609611	8020	-0.2531
8aa24da8-071b-4cd2-a1d8-480ee049c863	4	150614255	150735437	26	-0.8399
8aa24da8-071b-4cd2-a1d8-480ee049c863	4	150743286	157862170	4183	-0.2427
8aa24da8-071b-4cd2-a1d8-480ee049c863	4	157865831	158230304	209	0.2484
8aa24da8-071b-4cd2-a1d8-480ee049c863	4	158233483	159377392	627	-0.273
8aa24da8-071b-4cd2-a1d8-480ee049c863	4	159391778	160611302	767	0.18
8aa24da8-071b-4cd2-a1d8-480ee049c863	4	160613077	160716334	56	-0.3115
8aa24da8-071b-4cd2-a1d8-480ee049c863	4	160718798	162475306	1025	0.1866
8aa24da8-071b-4cd2-a1d8-480ee049c863	4	162487620	175110200	6810	-0.3198
8aa24da8-071b-4cd2-a1d8-480ee049c863	4	175114042	175152429	13	-1.3462
8aa24da8-071b-4cd2-a1d8-480ee049c863	4	175159831	181163736	3047	-0.3074
8aa24da8-071b-4cd2-a1d8-480ee049c863	4	181168526	181408851	213	-1.2978
8aa24da8-071b-4cd2-a1d8-480ee049c863	4	181440238	182010923	468	-0.2856
8aa24da8-071b-4cd2-a1d8-480ee049c863	4	182015282	182384133	313	-1.2076
8aa24da8-071b-4cd2-a1d8-480ee049c863	4	182392200	187842528	2235	-0.2725
8aa24da8-071b-4cd2-a1d8-480ee049c863	5	913983	918244	4	-0.1668
8aa24da8-071b-4cd2-a1d8-480ee049c863	5	918408	11891955	7935	0.2818
8aa24da8-071b-4cd2-a1d8-480ee049c863	5	11892366	13777305	856	0.1954
8aa24da8-071b-4cd2-a1d8-480ee049c863	5	13779634	17358160	2022	0.2833
8aa24da8-071b-4cd2-a1d8-480ee049c863	5	17359087	23614217	3045	0.2058
8aa24da8-071b-4cd2-a1d8-480ee049c863	5	23618658	26154935	1323	0.565
8aa24da8-071b-4cd2-a1d8-480ee049c863	5	26155189	31062939	2752	0.1778
8aa24da8-071b-4cd2-a1d8-480ee049c863	5	31064766	40302465	5630	0.2688
8aa24da8-071b-4cd2-a1d8-480ee049c863	5	40303619	40682448	202	0.1814
8aa24da8-071b-4cd2-a1d8-480ee049c863	5	40685887	40842737	79	-0.3099
8aa24da8-071b-4cd2-a1d8-480ee049c863	5	40846564	52690841	3290	0.2157
8aa24da8-071b-4cd2-a1d8-480ee049c863	5	52691404	52724462	29	0.7006
8aa24da8-071b-4cd2-a1d8-480ee049c863	5	52726879	59748943	4692	0.2474
8aa24da8-071b-4cd2-a1d8-480ee049c863	5	59750343	59800436	30	-0.1763
8aa24da8-071b-4cd2-a1d8-480ee049c863	5	59800907	59864743	50	0.2744
8aa24da8-071b-4cd2-a1d8-480ee049c863	5	59868000	60064793	116	-0.3044
8aa24da8-071b-4cd2-a1d8-480ee049c863	5	60067421	60251134	74	0.2684
8aa24da8-071b-4cd2-a1d8-480ee049c863	5	60253509	60625127	170	-0.2969
8aa24da8-071b-4cd2-a1d8-480ee049c863	5	60625883	74843933	7277	0.2196
8aa24da8-071b-4cd2-a1d8-480ee049c863	5	74845204	74968059	64	0.8875
8aa24da8-071b-4cd2-a1d8-480ee049c863	5	74970895	75641899	256	0.2075
8aa24da8-071b-4cd2-a1d8-480ee049c863	5	75650693	75677428	32	0.6123
8aa24da8-071b-4cd2-a1d8-480ee049c863	5	75677580	82789103	4256	0.2301
8aa24da8-071b-4cd2-a1d8-480ee049c863	5	82791892	93521466	5561	0.176
8aa24da8-071b-4cd2-a1d8-480ee049c863	5	93521822	94355235	358	-0.2787
8aa24da8-071b-4cd2-a1d8-480ee049c863	5	94355574	96790082	1461	0.2198
8aa24da8-071b-4cd2-a1d8-480ee049c863	5	96790494	103573235	2659	0.1679
8aa24da8-071b-4cd2-a1d8-480ee049c863	5	103574172	103574235	2	-1.4464
8aa24da8-071b-4cd2-a1d8-480ee049c863	5	103578184	107275111	1826	0.1487
8aa24da8-071b-4cd2-a1d8-480ee049c863	5	107275423	115135373	5142	0.2092
8aa24da8-071b-4cd2-a1d8-480ee049c863	5	115144667	115194604	38	-0.3309
8aa24da8-071b-4cd2-a1d8-480ee049c863	5	115198135	128624049	7861	0.1932
8aa24da8-071b-4cd2-a1d8-480ee049c863	5	128625905	128632593	7	-1.0316
8aa24da8-071b-4cd2-a1d8-480ee049c863	5	128635874	132700875	2192	0.1833
8aa24da8-071b-4cd2-a1d8-480ee049c863	5	132704682	140054053	4326	0.2433
8aa24da8-071b-4cd2-a1d8-480ee049c863	5	140054245	140570553	213	0.5864
8aa24da8-071b-4cd2-a1d8-480ee049c863	5	140590116	144353327	2344	0.2175
8aa24da8-071b-4cd2-a1d8-480ee049c863	5	144354349	145621455	712	0.1258
8aa24da8-071b-4cd2-a1d8-480ee049c863	5	145621839	146222035	356	0.2101
8aa24da8-071b-4cd2-a1d8-480ee049c863	5	146222306	146222335	2	-1.2091
8aa24da8-071b-4cd2-a1d8-480ee049c863	5	146225474	160761142	9667	0.2219
8aa24da8-071b-4cd2-a1d8-480ee049c863	5	160761907	164291687	2125	0.164
8aa24da8-071b-4cd2-a1d8-480ee049c863	5	164298409	164343110	25	-0.3531
8aa24da8-071b-4cd2-a1d8-480ee049c863	5	164343957	167842408	2287	0.1815
8aa24da8-071b-4cd2-a1d8-480ee049c863	5	167843004	180934240	7690	0.2498
8aa24da8-071b-4cd2-a1d8-480ee049c863	6	1011760	1015515	3	-0.1893
8aa24da8-071b-4cd2-a1d8-480ee049c863	6	1016749	8066181	5236	0.3699
8aa24da8-071b-4cd2-a1d8-480ee049c863	6	8067341	10014328	1325	0.3101
8aa24da8-071b-4cd2-a1d8-480ee049c863	6	10014562	11458635	833	0.0043
8aa24da8-071b-4cd2-a1d8-480ee049c863	6	11458964	11875554	370	0.3495
8aa24da8-071b-4cd2-a1d8-480ee049c863	6	11877132	30713139	11375	-0.0013
8aa24da8-071b-4cd2-a1d8-480ee049c863	6	30716909	31230932	228	0.4646
8aa24da8-071b-4cd2-a1d8-480ee049c863	6	31237840	37834942	2713	0.6292
8aa24da8-071b-4cd2-a1d8-480ee049c863	6	37837334	38283004	266	0.25
8aa24da8-071b-4cd2-a1d8-480ee049c863	6	38283991	38681018	275	0.6019
8aa24da8-071b-4cd2-a1d8-480ee049c863	6	38681365	47357767	5534	0.652
8aa24da8-071b-4cd2-a1d8-480ee049c863	6	47357875	51873749	2537	0.5857
8aa24da8-071b-4cd2-a1d8-480ee049c863	6	51874184	54060406	1500	0.65
8aa24da8-071b-4cd2-a1d8-480ee049c863	6	54070993	56479873	1513	0.5897
8aa24da8-071b-4cd2-a1d8-480ee049c863	6	56482063	56737420	126	0.2914
8aa24da8-071b-4cd2-a1d8-480ee049c863	6	56738282	67937578	3598	0.5743
8aa24da8-071b-4cd2-a1d8-480ee049c863	6	67938067	75309853	4405	0.2275
8aa24da8-071b-4cd2-a1d8-480ee049c863	6	75311835	76627766	689	0.576
8aa24da8-071b-4cd2-a1d8-480ee049c863	6	76642347	76706116	57	1.0836
8aa24da8-071b-4cd2-a1d8-480ee049c863	6	76759379	85585028	4957	0.589
8aa24da8-071b-4cd2-a1d8-480ee049c863	6	85595729	85730046	58	-0.2868
8aa24da8-071b-4cd2-a1d8-480ee049c863	6	85737150	87714480	1015	0.5902
8aa24da8-071b-4cd2-a1d8-480ee049c863	6	87714791	92577881	3020	1.1339
8aa24da8-071b-4cd2-a1d8-480ee049c863	6	92578145	92676891	54	0.4161
8aa24da8-071b-4cd2-a1d8-480ee049c863	6	92677637	92902167	165	1.0631
8aa24da8-071b-4cd2-a1d8-480ee049c863	6	92902624	92930901	14	0.512
8aa24da8-071b-4cd2-a1d8-480ee049c863	6	92931186	93261921	256	1.0646
8aa24da8-071b-4cd2-a1d8-480ee049c863	6	93262641	93442168	126	0.5691
8aa24da8-071b-4cd2-a1d8-480ee049c863	6	93446953	105089240	5768	-0.2875
8aa24da8-071b-4cd2-a1d8-480ee049c863	6	105090198	112559892	4600	-0.2444
8aa24da8-071b-4cd2-a1d8-480ee049c863	6	112559905	121025351	4561	-0.2818
8aa24da8-071b-4cd2-a1d8-480ee049c863	6	121029048	121037553	7	-1.5121
8aa24da8-071b-4cd2-a1d8-480ee049c863	6	121038767	125789243	2773	-0.2661
8aa24da8-071b-4cd2-a1d8-480ee049c863	6	125790283	125793422	5	0.2494
8aa24da8-071b-4cd2-a1d8-480ee049c863	6	125797530	126029596	127	0.6815
8aa24da8-071b-4cd2-a1d8-480ee049c863	6	126038086	126168829	74	0.2743
8aa24da8-071b-4cd2-a1d8-480ee049c863	6	126168959	132316588	3798	-0.2541
8aa24da8-071b-4cd2-a1d8-480ee049c863	6	132318891	132468776	82	-1.0999
8aa24da8-071b-4cd2-a1d8-480ee049c863	6	132472046	170596889	23001	-0.2435
8aa24da8-071b-4cd2-a1d8-480ee049c863	7	664936	4437393	1454	-0.1803
8aa24da8-071b-4cd2-a1d8-480ee049c863	7	4437956	4439758	3	-2.9466
8aa24da8-071b-4cd2-a1d8-480ee049c863	7	4520589	11384776	2955	-0.2046
8aa24da8-071b-4cd2-a1d8-480ee049c863	7	11394454	78334244	34891	-0.268
8aa24da8-071b-4cd2-a1d8-480ee049c863	7	78335157	78465205	150	-1.1404
8aa24da8-071b-4cd2-a1d8-480ee049c863	7	78465242	78466210	4	-2.8636
8aa24da8-071b-4cd2-a1d8-480ee049c863	7	78466265	78466555	2	-7.0883
8aa24da8-071b-4cd2-a1d8-480ee049c863	7	78467162	78978581	340	-1.1074
8aa24da8-071b-4cd2-a1d8-480ee049c863	7	78980614	95519781	8707	-0.2944
8aa24da8-071b-4cd2-a1d8-480ee049c863	7	95522359	95640069	84	0.2125
8aa24da8-071b-4cd2-a1d8-480ee049c863	7	95640114	95726972	58	0.914
8aa24da8-071b-4cd2-a1d8-480ee049c863	7	95728756	95778975	28	0.229
8aa24da8-071b-4cd2-a1d8-480ee049c863	7	95779435	95792911	15	-0.2244
8aa24da8-071b-4cd2-a1d8-480ee049c863	7	95795029	98258697	1398	-1.0867
8aa24da8-071b-4cd2-a1d8-480ee049c863	7	98258773	98293563	12	-3.3959
8aa24da8-071b-4cd2-a1d8-480ee049c863	7	98294667	145537727	24562	-1.0946
8aa24da8-071b-4cd2-a1d8-480ee049c863	7	145539397	145555124	16	-4.194
8aa24da8-071b-4cd2-a1d8-480ee049c863	7	145555628	155051863	4772	-1.1315
8aa24da8-071b-4cd2-a1d8-480ee049c863	7	155053002	155054081	2	-6.704
8aa24da8-071b-4cd2-a1d8-480ee049c863	7	155054817	158592540	2006	-1.1324
8aa24da8-071b-4cd2-a1d8-480ee049c863	8	667625	6968014	3232	-0.2642
8aa24da8-071b-4cd2-a1d8-480ee049c863	8	8398802	13840541	2807	0.2844
8aa24da8-071b-4cd2-a1d8-480ee049c863	8	13840560	16567899	2081	0.1973
8aa24da8-071b-4cd2-a1d8-480ee049c863	8	16568226	20850824	3467	0.2717
8aa24da8-071b-4cd2-a1d8-480ee049c863	8	20851490	30708367	6511	0.6384
8aa24da8-071b-4cd2-a1d8-480ee049c863	8	30716682	36820944	3448	0.5875
8aa24da8-071b-4cd2-a1d8-480ee049c863	8	36822295	47767137	3980	0.6216
8aa24da8-071b-4cd2-a1d8-480ee049c863	8	47772179	47884821	53	0.2174
8aa24da8-071b-4cd2-a1d8-480ee049c863	8	47887226	48190621	122	0.5775
8aa24da8-071b-4cd2-a1d8-480ee049c863	8	48202394	48977573	429	0.705
8aa24da8-071b-4cd2-a1d8-480ee049c863	8	48980929	54025271	2830	0.605
8aa24da8-071b-4cd2-a1d8-480ee049c863	8	54026168	54143806	41	0.21
8aa24da8-071b-4cd2-a1d8-480ee049c863	8	54145931	69659918	9275	0.5964
8aa24da8-071b-4cd2-a1d8-480ee049c863	8	69661081	81164146	6721	0.875
8aa24da8-071b-4cd2-a1d8-480ee049c863	8	81171057	89321506	4307	0.5697
8aa24da8-071b-4cd2-a1d8-480ee049c863	8	89321628	89321705	2	-1.0629
8aa24da8-071b-4cd2-a1d8-480ee049c863	8	89321732	93550015	2351	0.5735
8aa24da8-071b-4cd2-a1d8-480ee049c863	8	93554190	94532888	604	0.6538
8aa24da8-071b-4cd2-a1d8-480ee049c863	8	94533268	94567558	31	0.3705
8aa24da8-071b-4cd2-a1d8-480ee049c863	8	94573579	94905643	169	0.625
8aa24da8-071b-4cd2-a1d8-480ee049c863	8	94910482	107019349	6902	0.2502
8aa24da8-071b-4cd2-a1d8-480ee049c863	8	107021854	107029808	4	1.3039
8aa24da8-071b-4cd2-a1d8-480ee049c863	8	107034678	109769994	1598	0.2359
8aa24da8-071b-4cd2-a1d8-480ee049c863	8	109770061	112221860	1219	0.1621
8aa24da8-071b-4cd2-a1d8-480ee049c863	8	112222327	112270608	30	-0.422
8aa24da8-071b-4cd2-a1d8-480ee049c863	8	112270985	115456588	1608	0.1667
8aa24da8-071b-4cd2-a1d8-480ee049c863	8	115458243	115472967	10	-0.1266
8aa24da8-071b-4cd2-a1d8-480ee049c863	8	115473088	115508072	17	0.2443
8aa24da8-071b-4cd2-a1d8-480ee049c863	8	115517846	118017632	1590	-0.3336
8aa24da8-071b-4cd2-a1d8-480ee049c863	8	118018038	136001219	12765	-0.2876
8aa24da8-071b-4cd2-a1d8-480ee049c863	8	136001345	137857476	1226	-0.3321
8aa24da8-071b-4cd2-a1d8-480ee049c863	8	137858162	140449762	2061	-0.239
8aa24da8-071b-4cd2-a1d8-480ee049c863	8	140449870	143413727	484	-0.2963
8aa24da8-071b-4cd2-a1d8-480ee049c863	8	143424267	143604922	50	0.2324
8aa24da8-071b-4cd2-a1d8-480ee049c863	8	143610108	144084619	91	-0.3308
8aa24da8-071b-4cd2-a1d8-480ee049c863	8	144090023	144182542	29	0.4275
8aa24da8-071b-4cd2-a1d8-480ee049c863	9	789794	4970715	3040	0.2592
8aa24da8-071b-4cd2-a1d8-480ee049c863	9	4970844	7818997	1291	0.2009
8aa24da8-071b-4cd2-a1d8-480ee049c863	9	7819715	15555460	4336	0.5776
8aa24da8-071b-4cd2-a1d8-480ee049c863	9	15556115	15603515	26	0.1749
8aa24da8-071b-4cd2-a1d8-480ee049c863	9	15603889	20666640	4069	0.5942
8aa24da8-071b-4cd2-a1d8-480ee049c863	9	20666772	20760058	73	0.2742
8aa24da8-071b-4cd2-a1d8-480ee049c863	9	20760072	32247147	6781	0.542
8aa24da8-071b-4cd2-a1d8-480ee049c863	9	32247352	68423153	3974	0.5996
8aa24da8-071b-4cd2-a1d8-480ee049c863	9	68424128	68541718	93	0.905
8aa24da8-071b-4cd2-a1d8-480ee049c863	9	68544586	68610288	62	0.5923
8aa24da8-071b-4cd2-a1d8-480ee049c863	9	68611081	70774003	1603	0.2611
8aa24da8-071b-4cd2-a1d8-480ee049c863	9	70774448	84075123	9135	0.2247
8aa24da8-071b-4cd2-a1d8-480ee049c863	9	84078555	89095891	3528	0.2617
8aa24da8-071b-4cd2-a1d8-480ee049c863	9	89099533	94820623	3515	0.9233
8aa24da8-071b-4cd2-a1d8-480ee049c863	9	94821214	95533751	576	0.5876
8aa24da8-071b-4cd2-a1d8-480ee049c863	9	95534121	99527720	2550	0.6821
8aa24da8-071b-4cd2-a1d8-480ee049c863	9	99530238	100008211	221	0.5787
8aa24da8-071b-4cd2-a1d8-480ee049c863	9	100011933	100238729	111	0.2903
8aa24da8-071b-4cd2-a1d8-480ee049c863	9	100239320	103445402	1791	0.6244
8aa24da8-071b-4cd2-a1d8-480ee049c863	9	103449759	105231360	1253	0.8971
8aa24da8-071b-4cd2-a1d8-480ee049c863	9	105231513	105231705	5	-0.0179
8aa24da8-071b-4cd2-a1d8-480ee049c863	9	105231884	105773544	316	0.9174
8aa24da8-071b-4cd2-a1d8-480ee049c863	9	105777318	105887212	8	0.2263
8aa24da8-071b-4cd2-a1d8-480ee049c863	9	105888737	111610201	4362	0.912
8aa24da8-071b-4cd2-a1d8-480ee049c863	9	111610370	112052619	303	1.2976
8aa24da8-071b-4cd2-a1d8-480ee049c863	9	112055545	117294578	3558	0.9124
8aa24da8-071b-4cd2-a1d8-480ee049c863	9	117295225	119229646	1378	0.8481
8aa24da8-071b-4cd2-a1d8-480ee049c863	9	119230271	119696981	466	0.9174
8aa24da8-071b-4cd2-a1d8-480ee049c863	9	119697940	119998633	246	0.6168
8aa24da8-071b-4cd2-a1d8-480ee049c863	9	119998944	120544651	420	0.4447
8aa24da8-071b-4cd2-a1d8-480ee049c863	9	120544677	121821554	732	0.6133
8aa24da8-071b-4cd2-a1d8-480ee049c863	9	121828141	122054345	172	0.3027
8aa24da8-071b-4cd2-a1d8-480ee049c863	9	122054719	123430569	820	0.6139
8aa24da8-071b-4cd2-a1d8-480ee049c863	9	123431067	123929248	295	0.2793
8aa24da8-071b-4cd2-a1d8-480ee049c863	9	123933491	124384648	368	0.6408
8aa24da8-071b-4cd2-a1d8-480ee049c863	9	124390377	124472034	45	1.1476
8aa24da8-071b-4cd2-a1d8-480ee049c863	9	124481221	127973658	1972	0.6194
8aa24da8-071b-4cd2-a1d8-480ee049c863	9	127974598	128022291	31	1.1425
8aa24da8-071b-4cd2-a1d8-480ee049c863	9	128023222	128159167	80	0.9113
8aa24da8-071b-4cd2-a1d8-480ee049c863	9	128161960	128885613	266	0.5468
8aa24da8-071b-4cd2-a1d8-480ee049c863	9	128886835	129251692	153	0.8824
8aa24da8-071b-4cd2-a1d8-480ee049c863	9	129257126	132920063	2348	0.6725
8aa24da8-071b-4cd2-a1d8-480ee049c863	9	132920079	137633679	1892	0.9677
8aa24da8-071b-4cd2-a1d8-480ee049c863	9	137638926	137798584	98	0.7457
8aa24da8-071b-4cd2-a1d8-480ee049c863	9	137798729	138044505	89	0.8988
8aa24da8-071b-4cd2-a1d8-480ee049c863	10	366509	15262880	10684	-1.1221
8aa24da8-071b-4cd2-a1d8-480ee049c863	10	15263085	15263219	2	-6.6511
8aa24da8-071b-4cd2-a1d8-480ee049c863	10	15263659	16641274	983	-1.085
8aa24da8-071b-4cd2-a1d8-480ee049c863	10	16641656	16644172	3	-6.1597
8aa24da8-071b-4cd2-a1d8-480ee049c863	10	16644200	29318045	8419	-1.113
8aa24da8-071b-4cd2-a1d8-480ee049c863	10	29320342	37677063	5427	-0.257
8aa24da8-071b-4cd2-a1d8-480ee049c863	10	37679350	44493543	1835	0.2457
8aa24da8-071b-4cd2-a1d8-480ee049c863	10	44496107	44700093	158	-0.2848
8aa24da8-071b-4cd2-a1d8-480ee049c863	10	44700404	45622525	429	0.2534
8aa24da8-071b-4cd2-a1d8-480ee049c863	10	46013136	46037162	12	-0.4321
8aa24da8-071b-4cd2-a1d8-480ee049c863	10	46038800	47283243	154	-0.1961
8aa24da8-071b-4cd2-a1d8-480ee049c863	10	47304942	47327025	33	0.3773
8aa24da8-071b-4cd2-a1d8-480ee049c863	10	48188464	51046287	1447	-0.2085
8aa24da8-071b-4cd2-a1d8-480ee049c863	10	51047031	55020704	2773	-0.3138
8aa24da8-071b-4cd2-a1d8-480ee049c863	10	55023595	55131758	73	0.2145
8aa24da8-071b-4cd2-a1d8-480ee049c863	10	55136883	56479903	329	-0.3367
8aa24da8-071b-4cd2-a1d8-480ee049c863	10	56494849	56741258	124	0.177
8aa24da8-071b-4cd2-a1d8-480ee049c863	10	56747640	69435858	7744	-0.2731
8aa24da8-071b-4cd2-a1d8-480ee049c863	10	69437219	69439138	2	-2.3213
8aa24da8-071b-4cd2-a1d8-480ee049c863	10	69439238	77189006	4623	-0.2417
8aa24da8-071b-4cd2-a1d8-480ee049c863	10	77196642	77588977	372	-1.1569
8aa24da8-071b-4cd2-a1d8-480ee049c863	10	77589474	77730512	101	-0.2415
8aa24da8-071b-4cd2-a1d8-480ee049c863	10	77733069	77865649	105	-1.116
8aa24da8-071b-4cd2-a1d8-480ee049c863	10	77868893	96871959	11839	-0.2556
8aa24da8-071b-4cd2-a1d8-480ee049c863	10	96874556	97005579	55	-1.0172
8aa24da8-071b-4cd2-a1d8-480ee049c863	10	97006833	102539892	3056	-0.243
8aa24da8-071b-4cd2-a1d8-480ee049c863	10	102541755	102786426	117	0.2538
8aa24da8-071b-4cd2-a1d8-480ee049c863	10	102786868	103805078	479	-0.2272
8aa24da8-071b-4cd2-a1d8-480ee049c863	10	103810464	104175677	242	0.2718
8aa24da8-071b-4cd2-a1d8-480ee049c863	10	104179912	105194236	781	-0.264
8aa24da8-071b-4cd2-a1d8-480ee049c863	10	105196800	106182652	600	0.2056
8aa24da8-071b-4cd2-a1d8-480ee049c863	10	106184510	107240677	764	-0.262
8aa24da8-071b-4cd2-a1d8-480ee049c863	10	107243636	107698840	370	0.2461
8aa24da8-071b-4cd2-a1d8-480ee049c863	10	107699288	107852340	157	-0.3264
8aa24da8-071b-4cd2-a1d8-480ee049c863	10	107855043	110247953	1319	0.2262
8aa24da8-071b-4cd2-a1d8-480ee049c863	10	110251072	113815279	2584	0.2926
8aa24da8-071b-4cd2-a1d8-480ee049c863	10	113819921	114492896	434	-0.2508
8aa24da8-071b-4cd2-a1d8-480ee049c863	10	114494899	124334534	7064	0.2946
8aa24da8-071b-4cd2-a1d8-480ee049c863	10	124336581	124819500	294	0.6875
8aa24da8-071b-4cd2-a1d8-480ee049c863	10	124823679	131116646	4198	0.313
8aa24da8-071b-4cd2-a1d8-480ee049c863	10	131116939	132471899	465	-0.2708
8aa24da8-071b-4cd2-a1d8-480ee049c863	10	132473426	132473842	2	-3.0722
8aa24da8-071b-4cd2-a1d8-480ee049c863	10	132477040	133411599	230	-0.2604
8aa24da8-071b-4cd2-a1d8-480ee049c863	11	456012	2689592	625	-0.2732
8aa24da8-071b-4cd2-a1d8-480ee049c863	11	2694069	3118870	254	0.2777
8aa24da8-071b-4cd2-a1d8-480ee049c863	11	3118966	3929967	306	-0.2532
8aa24da8-071b-4cd2-a1d8-480ee049c863	11	3933881	4431219	254	-1.0864
8aa24da8-071b-4cd2-a1d8-480ee049c863	11	4431242	4434755	6	-4.2475
8aa24da8-071b-4cd2-a1d8-480ee049c863	11	4439031	12007535	5245	-1.0974
8aa24da8-071b-4cd2-a1d8-480ee049c863	11	12007924	19919832	5529	-0.2362
8aa24da8-071b-4cd2-a1d8-480ee049c863	11	19925922	20800077	767	0.2889
8aa24da8-071b-4cd2-a1d8-480ee049c863	11	20810054	20862105	49	-0.2357
8aa24da8-071b-4cd2-a1d8-480ee049c863	11	20864353	23125710	1572	0.2157
8aa24da8-071b-4cd2-a1d8-480ee049c863	11	23127255	23402403	214	-0.302
8aa24da8-071b-4cd2-a1d8-480ee049c863	11	23407525	29996582	4046	0.2127
8aa24da8-071b-4cd2-a1d8-480ee049c863	11	30000061	34948948	3192	0.2694
8aa24da8-071b-4cd2-a1d8-480ee049c863	11	34953520	35215152	219	0.5861
8aa24da8-071b-4cd2-a1d8-480ee049c863	11	35215203	37646484	1334	0.6536
8aa24da8-071b-4cd2-a1d8-480ee049c863	11	37646530	40164575	1457	0.5759
8aa24da8-071b-4cd2-a1d8-480ee049c863	11	40165198	40263725	81	0.2167
8aa24da8-071b-4cd2-a1d8-480ee049c863	11	40272695	40687009	285	0.5853
8aa24da8-071b-4cd2-a1d8-480ee049c863	11	40688713	40921402	149	0.2271
8aa24da8-071b-4cd2-a1d8-480ee049c863	11	40922527	41019307	79	0.6122
8aa24da8-071b-4cd2-a1d8-480ee049c863	11	41022275	41102762	69	0.1938
8aa24da8-071b-4cd2-a1d8-480ee049c863	11	41106735	41225494	87	-0.2457
8aa24da8-071b-4cd2-a1d8-480ee049c863	11	41226592	41369838	102	0.1599
8aa24da8-071b-4cd2-a1d8-480ee049c863	11	41372168	43886680	1673	0.589
8aa24da8-071b-4cd2-a1d8-480ee049c863	11	43887249	46374929	1666	0.6837
8aa24da8-071b-4cd2-a1d8-480ee049c863	11	46385307	46476901	40	0.2085
8aa24da8-071b-4cd2-a1d8-480ee049c863	11	46477644	46505731	11	0.4914
8aa24da8-071b-4cd2-a1d8-480ee049c863	11	46514251	46707279	79	0.9059
8aa24da8-071b-4cd2-a1d8-480ee049c863	11	46707515	46906794	87	0.6668
8aa24da8-071b-4cd2-a1d8-480ee049c863	11	46912603	48276113	602	0.6007
8aa24da8-071b-4cd2-a1d8-480ee049c863	11	48279841	56737221	753	0.5174
8aa24da8-071b-4cd2-a1d8-480ee049c863	11	56737824	61254760	2570	0.626
8aa24da8-071b-4cd2-a1d8-480ee049c863	11	61255033	62209149	475	0.8881
8aa24da8-071b-4cd2-a1d8-480ee049c863	11	62210120	62237473	21	1.3234
8aa24da8-071b-4cd2-a1d8-480ee049c863	11	62238650	62611641	180	0.909
8aa24da8-071b-4cd2-a1d8-480ee049c863	11	62614179	64828200	948	0.5911
8aa24da8-071b-4cd2-a1d8-480ee049c863	11	65902628	77041201	5320	-0.2414
8aa24da8-071b-4cd2-a1d8-480ee049c863	11	77044079	77088638	24	0.3152
8aa24da8-071b-4cd2-a1d8-480ee049c863	11	77094731	77904567	388	-0.2393
8aa24da8-071b-4cd2-a1d8-480ee049c863	11	77908887	78145131	123	0.2701
8aa24da8-071b-4cd2-a1d8-480ee049c863	11	78152522	90504281	7582	-0.25
8aa24da8-071b-4cd2-a1d8-480ee049c863	11	90504403	92592957	1329	-0.3249
8aa24da8-071b-4cd2-a1d8-480ee049c863	11	92593742	94092434	776	-0.2417
8aa24da8-071b-4cd2-a1d8-480ee049c863	11	94093347	94093942	2	-2.1913
8aa24da8-071b-4cd2-a1d8-480ee049c863	11	94100280	96596331	1749	-0.2287
8aa24da8-071b-4cd2-a1d8-480ee049c863	11	96597138	100673691	2703	-0.2885
8aa24da8-071b-4cd2-a1d8-480ee049c863	11	100675282	100968800	241	-0.2146
8aa24da8-071b-4cd2-a1d8-480ee049c863	11	100977744	101039961	72	-1.0836
8aa24da8-071b-4cd2-a1d8-480ee049c863	11	101041591	103053786	1342	-0.2403
8aa24da8-071b-4cd2-a1d8-480ee049c863	11	103054129	107243334	2419	-0.2782
8aa24da8-071b-4cd2-a1d8-480ee049c863	11	107243473	134272740	18290	-0.2179
8aa24da8-071b-4cd2-a1d8-480ee049c863	12	780472	1173267	197	0.551
8aa24da8-071b-4cd2-a1d8-480ee049c863	12	1174716	1197489	11	0.1485
8aa24da8-071b-4cd2-a1d8-480ee049c863	12	1752621	1755698	4	0.5763
8aa24da8-071b-4cd2-a1d8-480ee049c863	12	1757038	6355643	3343	0.6385
8aa24da8-071b-4cd2-a1d8-480ee049c863	12	6356689	12675116	3073	0.5738
8aa24da8-071b-4cd2-a1d8-480ee049c863	12	12675372	14313892	1084	0.2432
8aa24da8-071b-4cd2-a1d8-480ee049c863	12	14318853	25229379	6665	0.2036
8aa24da8-071b-4cd2-a1d8-480ee049c863	12	25229415	32600285	4901	0.2544
8aa24da8-071b-4cd2-a1d8-480ee049c863	12	32611250	45755194	4265	0.5776
8aa24da8-071b-4cd2-a1d8-480ee049c863	12	45755606	45862777	45	0.1656
8aa24da8-071b-4cd2-a1d8-480ee049c863	12	45864379	52160635	3276	0.5867
8aa24da8-071b-4cd2-a1d8-480ee049c863	12	52160684	52881483	518	0.6805
8aa24da8-071b-4cd2-a1d8-480ee049c863	12	52881550	53360937	189	0.5422
8aa24da8-071b-4cd2-a1d8-480ee049c863	12	53365012	62353465	5086	0.2076
8aa24da8-071b-4cd2-a1d8-480ee049c863	12	62354330	64220394	1093	0.873
8aa24da8-071b-4cd2-a1d8-480ee049c863	12	64224484	64936986	399	0.5724
8aa24da8-071b-4cd2-a1d8-480ee049c863	12	64937691	65273286	177	0.8492
8aa24da8-071b-4cd2-a1d8-480ee049c863	12	65275254	65353824	47	0.6186
8aa24da8-071b-4cd2-a1d8-480ee049c863	12	65355252	65476153	58	0.8896
8aa24da8-071b-4cd2-a1d8-480ee049c863	12	65476521	65762318	184	0.6115
8aa24da8-071b-4cd2-a1d8-480ee049c863	12	65762934	72135722	4276	0.8816
8aa24da8-071b-4cd2-a1d8-480ee049c863	12	72139503	72621137	296	1.0508
8aa24da8-071b-4cd2-a1d8-480ee049c863	12	72621882	73846048	588	0.7938
8aa24da8-071b-4cd2-a1d8-480ee049c863	12	73847973	74419257	223	1.0989
8aa24da8-071b-4cd2-a1d8-480ee049c863	12	74419316	75853763	985	0.8432
8aa24da8-071b-4cd2-a1d8-480ee049c863	12	75854387	76546242	401	0.5902
8aa24da8-071b-4cd2-a1d8-480ee049c863	12	76554524	77224987	423	0.8675
8aa24da8-071b-4cd2-a1d8-480ee049c863	12	77225461	77937645	582	1.0877
8aa24da8-071b-4cd2-a1d8-480ee049c863	12	77939006	78410727	363	0.8269
8aa24da8-071b-4cd2-a1d8-480ee049c863	12	78410794	79448813	598	1.0739
8aa24da8-071b-4cd2-a1d8-480ee049c863	12	79451848	86017863	3880	0.8328
8aa24da8-071b-4cd2-a1d8-480ee049c863	12	86018263	86832997	349	0.5475
8aa24da8-071b-4cd2-a1d8-480ee049c863	12	86833121	87921793	535	0.8222
8aa24da8-071b-4cd2-a1d8-480ee049c863	12	87923581	88510285	326	0.5772
8aa24da8-071b-4cd2-a1d8-480ee049c863	12	88510786	88753810	152	0.8755
8aa24da8-071b-4cd2-a1d8-480ee049c863	12	88753906	89369709	376	0.5878
8aa24da8-071b-4cd2-a1d8-480ee049c863	12	89372423	90628422	720	0.8339
8aa24da8-071b-4cd2-a1d8-480ee049c863	12	90634384	97794169	4943	0.235
8aa24da8-071b-4cd2-a1d8-480ee049c863	12	97794671	98372734	403	0.8668
8aa24da8-071b-4cd2-a1d8-480ee049c863	12	98374392	99447104	631	0.248
8aa24da8-071b-4cd2-a1d8-480ee049c863	12	99451180	99788154	128	0.5202
8aa24da8-071b-4cd2-a1d8-480ee049c863	12	99791447	113135432	8142	-0.2455
8aa24da8-071b-4cd2-a1d8-480ee049c863	12	113140398	113301830	60	0.2942
8aa24da8-071b-4cd2-a1d8-480ee049c863	12	113302166	114738822	813	-0.2198
8aa24da8-071b-4cd2-a1d8-480ee049c863	12	114747507	114824045	44	0.574
8aa24da8-071b-4cd2-a1d8-480ee049c863	12	114824978	122994180	4890	-0.2437
8aa24da8-071b-4cd2-a1d8-480ee049c863	12	123007565	123445495	161	0.5863
8aa24da8-071b-4cd2-a1d8-480ee049c863	12	123445675	123456739	3	-0.0537
8aa24da8-071b-4cd2-a1d8-480ee049c863	12	123458038	123499479	14	0.544
8aa24da8-071b-4cd2-a1d8-480ee049c863	12	123500418	123565138	22	1.0756
8aa24da8-071b-4cd2-a1d8-480ee049c863	12	123571569	124734394	663	-0.2464
8aa24da8-071b-4cd2-a1d8-480ee049c863	12	124734575	124977171	166	-1.1501
8aa24da8-071b-4cd2-a1d8-480ee049c863	12	124978264	126887121	1272	-0.5549
8aa24da8-071b-4cd2-a1d8-480ee049c863	12	126889117	126889193	2	-2.6735
8aa24da8-071b-4cd2-a1d8-480ee049c863	12	126890667	132605822	2226	-0.5562
8aa24da8-071b-4cd2-a1d8-480ee049c863	13	18874255	33202369	8769	-0.2552
8aa24da8-071b-4cd2-a1d8-480ee049c863	13	33202689	38909725	3854	-0.2955
8aa24da8-071b-4cd2-a1d8-480ee049c863	13	38909756	43573324	2963	-0.2474
8aa24da8-071b-4cd2-a1d8-480ee049c863	13	43576399	43630417	50	-1.0218
8aa24da8-071b-4cd2-a1d8-480ee049c863	13	43631484	47321130	2412	-0.2469
8aa24da8-071b-4cd2-a1d8-480ee049c863	13	47324058	47325901	2	-1.9982
8aa24da8-071b-4cd2-a1d8-480ee049c863	13	47325914	48004422	435	-0.2536
8aa24da8-071b-4cd2-a1d8-480ee049c863	13	48004601	48302456	158	-1.0775
8aa24da8-071b-4cd2-a1d8-480ee049c863	13	48305525	52835259	1829	-0.2532
8aa24da8-071b-4cd2-a1d8-480ee049c863	13	52835339	61548961	4505	-0.2883
8aa24da8-071b-4cd2-a1d8-480ee049c863	13	61549545	70291439	4058	-0.3152
8aa24da8-071b-4cd2-a1d8-480ee049c863	13	70291761	80103879	6541	-0.2679
8aa24da8-071b-4cd2-a1d8-480ee049c863	13	80107459	80110840	2	-2.2855
8aa24da8-071b-4cd2-a1d8-480ee049c863	13	80112537	94138418	8195	-0.2933
8aa24da8-071b-4cd2-a1d8-480ee049c863	13	94138472	110401612	11200	-0.2562
8aa24da8-071b-4cd2-a1d8-480ee049c863	13	110401667	110740033	278	0.3341
8aa24da8-071b-4cd2-a1d8-480ee049c863	13	110742782	114226675	1617	-0.2315
8aa24da8-071b-4cd2-a1d8-480ee049c863	14	20033191	25714246	2603	0.2651
8aa24da8-071b-4cd2-a1d8-480ee049c863	14	25722339	29158909	1859	0.2043
8aa24da8-071b-4cd2-a1d8-480ee049c863	14	29159007	31892405	1471	0.2646
8aa24da8-071b-4cd2-a1d8-480ee049c863	14	31912768	32584595	483	0.6395
8aa24da8-071b-4cd2-a1d8-480ee049c863	14	32587495	37267150	3127	0.2592
8aa24da8-071b-4cd2-a1d8-480ee049c863	14	37267696	38836581	816	0.5595
8aa24da8-071b-4cd2-a1d8-480ee049c863	14	38838950	41792916	1528	0.2153
8aa24da8-071b-4cd2-a1d8-480ee049c863	14	41793982	42472205	386	0.5554
8aa24da8-071b-4cd2-a1d8-480ee049c863	14	42475018	44833878	677	0.2066
8aa24da8-071b-4cd2-a1d8-480ee049c863	14	44834587	45074715	106	0.0536
8aa24da8-071b-4cd2-a1d8-480ee049c863	14	45078572	45089181	5	-0.8773
8aa24da8-071b-4cd2-a1d8-480ee049c863	14	45093897	45164655	33	-0.5964
8aa24da8-071b-4cd2-a1d8-480ee049c863	14	45167304	45203659	11	-0.1641
8aa24da8-071b-4cd2-a1d8-480ee049c863	14	45204376	45593536	64	0.2102
8aa24da8-071b-4cd2-a1d8-480ee049c863	14	45600770	53576844	4629	-0.2671
8aa24da8-071b-4cd2-a1d8-480ee049c863	14	53577995	74986754	13073	0.2557
8aa24da8-071b-4cd2-a1d8-480ee049c863	14	74987264	75013518	15	0.928
8aa24da8-071b-4cd2-a1d8-480ee049c863	14	75017800	75054455	16	1.5298
8aa24da8-071b-4cd2-a1d8-480ee049c863	14	75060715	75094085	20	1.0329
8aa24da8-071b-4cd2-a1d8-480ee049c863	14	75103494	76631718	984	0.2872
8aa24da8-071b-4cd2-a1d8-480ee049c863	14	76635013	76741812	84	0.964
8aa24da8-071b-4cd2-a1d8-480ee049c863	14	76742276	76859258	83	0.2162
8aa24da8-071b-4cd2-a1d8-480ee049c863	14	76862640	76890095	30	0.9262
8aa24da8-071b-4cd2-a1d8-480ee049c863	14	76893028	78744551	1355	0.2872
8aa24da8-071b-4cd2-a1d8-480ee049c863	14	78744959	87519627	5626	0.2266
8aa24da8-071b-4cd2-a1d8-480ee049c863	14	87521725	92957086	3209	0.273
8aa24da8-071b-4cd2-a1d8-480ee049c863	14	92957884	92957886	2	-1.631
8aa24da8-071b-4cd2-a1d8-480ee049c863	14	92960466	105533894	7449	0.2875
8aa24da8-071b-4cd2-a1d8-480ee049c863	15	23437561	36941978	6264	-0.2646
8aa24da8-071b-4cd2-a1d8-480ee049c863	15	36944141	37035948	64	-1.0939
8aa24da8-071b-4cd2-a1d8-480ee049c863	15	37036343	64016170	16731	-0.2531
8aa24da8-071b-4cd2-a1d8-480ee049c863	15	64016751	64071375	47	0.2931
8aa24da8-071b-4cd2-a1d8-480ee049c863	15	64074795	68169414	2274	-0.2497
8aa24da8-071b-4cd2-a1d8-480ee049c863	15	68169593	68172836	2	-2.9865
8aa24da8-071b-4cd2-a1d8-480ee049c863	15	68174818	71238030	1947	-0.2497
8aa24da8-071b-4cd2-a1d8-480ee049c863	15	71238101	71374424	88	-1.1995
8aa24da8-071b-4cd2-a1d8-480ee049c863	15	71379761	74211231	1680	-0.2241
8aa24da8-071b-4cd2-a1d8-480ee049c863	15	74218677	74523574	150	0.2917
8aa24da8-071b-4cd2-a1d8-480ee049c863	15	74527523	86029497	5806	-0.2413
8aa24da8-071b-4cd2-a1d8-480ee049c863	15	86029733	86029944	2	-2.5221
8aa24da8-071b-4cd2-a1d8-480ee049c863	15	86032330	90507039	2937	-0.2513
8aa24da8-071b-4cd2-a1d8-480ee049c863	15	90509306	97009251	4253	-0.1774
8aa24da8-071b-4cd2-a1d8-480ee049c863	15	97010204	98561103	1068	-0.254
8aa24da8-071b-4cd2-a1d8-480ee049c863	15	98562778	101344124	1393	-0.1623
8aa24da8-071b-4cd2-a1d8-480ee049c863	16	603333	627854	11	-0.2237
8aa24da8-071b-4cd2-a1d8-480ee049c863	16	661905	704083	11	0.3551
8aa24da8-071b-4cd2-a1d8-480ee049c863	16	711767	1802206	262	-0.3142
8aa24da8-071b-4cd2-a1d8-480ee049c863	16	1802774	2206818	127	0.2542
8aa24da8-071b-4cd2-a1d8-480ee049c863	16	2213515	5698933	1648	-0.2614
8aa24da8-071b-4cd2-a1d8-480ee049c863	16	5701126	5709268	24	-1.1836
8aa24da8-071b-4cd2-a1d8-480ee049c863	16	5709754	6400462	481	-0.2464
8aa24da8-071b-4cd2-a1d8-480ee049c863	16	6400748	11195078	3214	0.2616
8aa24da8-071b-4cd2-a1d8-480ee049c863	16	11199854	11437873	182	0.6485
8aa24da8-071b-4cd2-a1d8-480ee049c863	16	11439768	11595035	72	0.261
8aa24da8-071b-4cd2-a1d8-480ee049c863	16	11595071	31841585	7975	-0.2473
8aa24da8-071b-4cd2-a1d8-480ee049c863	16	46470502	52910832	4030	0.2461
8aa24da8-071b-4cd2-a1d8-480ee049c863	16	52911254	53498663	445	0.1605
8aa24da8-071b-4cd2-a1d8-480ee049c863	16	53499004	56456637	2207	0.2734
8aa24da8-071b-4cd2-a1d8-480ee049c863	16	56459024	56477506	11	-0.1377
8aa24da8-071b-4cd2-a1d8-480ee049c863	16	56477824	56496549	6	-0.5696
8aa24da8-071b-4cd2-a1d8-480ee049c863	16	56502794	58712625	1303	0.252
8aa24da8-071b-4cd2-a1d8-480ee049c863	16	58713755	65006151	4006	0.2004
8aa24da8-071b-4cd2-a1d8-480ee049c863	16	65008503	69212933	2360	0.2529
8aa24da8-071b-4cd2-a1d8-480ee049c863	16	69213066	69650500	204	1.0869
8aa24da8-071b-4cd2-a1d8-480ee049c863	16	69655331	70252647	170	0.2931
8aa24da8-071b-4cd2-a1d8-480ee049c863	16	70253274	70420340	63	0.5735
8aa24da8-071b-4cd2-a1d8-480ee049c863	16	70424297	73040113	1168	0.2638
8aa24da8-071b-4cd2-a1d8-480ee049c863	16	73043675	73043716	2	-2.258
8aa24da8-071b-4cd2-a1d8-480ee049c863	16	73045313	74291454	917	0.2932
8aa24da8-071b-4cd2-a1d8-480ee049c863	16	74291845	75191124	427	-0.2481
8aa24da8-071b-4cd2-a1d8-480ee049c863	16	75194071	75194085	2	1.5308
8aa24da8-071b-4cd2-a1d8-480ee049c863	16	75195731	78096009	2094	-0.2506
8aa24da8-071b-4cd2-a1d8-480ee049c863	16	78100558	78149716	31	0.218
8aa24da8-071b-4cd2-a1d8-480ee049c863	16	78149847	78896319	635	-0.245
8aa24da8-071b-4cd2-a1d8-480ee049c863	16	78896496	78917866	24	-1.2062
8aa24da8-071b-4cd2-a1d8-480ee049c863	16	78920036	78926426	3	-5.6199
8aa24da8-071b-4cd2-a1d8-480ee049c863	16	78927209	89317317	7016	-0.2344
8aa24da8-071b-4cd2-a1d8-480ee049c863	17	1074619	1262192	23	0.6226
8aa24da8-071b-4cd2-a1d8-480ee049c863	17	1276729	9955419	4578	0.0124
8aa24da8-071b-4cd2-a1d8-480ee049c863	17	9955624	9986825	28	-1.1667
8aa24da8-071b-4cd2-a1d8-480ee049c863	17	9989686	17434025	3669	0.0286
8aa24da8-071b-4cd2-a1d8-480ee049c863	17	17434047	17896089	236	0.4573
8aa24da8-071b-4cd2-a1d8-480ee049c863	17	17899142	18062740	86	-0.2531
8aa24da8-071b-4cd2-a1d8-480ee049c863	17	18064676	18372533	176	0.1963
8aa24da8-071b-4cd2-a1d8-480ee049c863	17	18375175	28219464	1554	-0.2404
8aa24da8-071b-4cd2-a1d8-480ee049c863	17	28222690	28263287	18	0.5627
8aa24da8-071b-4cd2-a1d8-480ee049c863	17	28277950	28764805	179	-0.2383
8aa24da8-071b-4cd2-a1d8-480ee049c863	17	28766524	28944821	72	0.194
8aa24da8-071b-4cd2-a1d8-480ee049c863	17	28954648	39167089	4472	-0.2411
8aa24da8-071b-4cd2-a1d8-480ee049c863	17	39173757	39236920	21	0.1138
8aa24da8-071b-4cd2-a1d8-480ee049c863	17	39240055	42105145	1391	-1.0393
8aa24da8-071b-4cd2-a1d8-480ee049c863	17	42110454	44191724	940	-0.1896
8aa24da8-071b-4cd2-a1d8-480ee049c863	17	44192048	44342194	59	0.2372
8aa24da8-071b-4cd2-a1d8-480ee049c863	17	44346297	44906346	248	-0.2036
8aa24da8-071b-4cd2-a1d8-480ee049c863	17	44910114	44920429	11	0.9319
8aa24da8-071b-4cd2-a1d8-480ee049c863	17	44930583	50307153	2009	-0.1905
8aa24da8-071b-4cd2-a1d8-480ee049c863	17	50308951	50753188	233	0.3099
8aa24da8-071b-4cd2-a1d8-480ee049c863	17	50758710	68433370	9833	-0.198
8aa24da8-071b-4cd2-a1d8-480ee049c863	17	68434748	68606158	91	-1.1022
8aa24da8-071b-4cd2-a1d8-480ee049c863	17	68606895	68678788	66	-0.2221
8aa24da8-071b-4cd2-a1d8-480ee049c863	17	68679528	68679579	2	-2.832
8aa24da8-071b-4cd2-a1d8-480ee049c863	17	68682159	82959812	7203	-0.254
8aa24da8-071b-4cd2-a1d8-480ee049c863	18	326691	2378778	728	-0.2638
8aa24da8-071b-4cd2-a1d8-480ee049c863	18	2383387	27214100	11204	-0.2252
8aa24da8-071b-4cd2-a1d8-480ee049c863	18	27214182	42004467	9047	-0.279
8aa24da8-071b-4cd2-a1d8-480ee049c863	18	42009158	42511704	223	-1.0782
8aa24da8-071b-4cd2-a1d8-480ee049c863	18	42514517	64237128	14226	-0.2474
8aa24da8-071b-4cd2-a1d8-480ee049c863	18	64240575	70623143	3259	-0.2895
8aa24da8-071b-4cd2-a1d8-480ee049c863	18	70624576	79349796	4222	-0.233
8aa24da8-071b-4cd2-a1d8-480ee049c863	19	283868	5260018	1220	0.5689
8aa24da8-071b-4cd2-a1d8-480ee049c863	19	5263257	5921341	266	0.2186
8aa24da8-071b-4cd2-a1d8-480ee049c863	19	5923889	9952388	1839	0.5724
8aa24da8-071b-4cd2-a1d8-480ee049c863	19	9955329	10055699	50	1.178
8aa24da8-071b-4cd2-a1d8-480ee049c863	19	10064792	17298480	3337	0.5649
8aa24da8-071b-4cd2-a1d8-480ee049c863	19	17301590	23870190	2343	0.2041
8aa24da8-071b-4cd2-a1d8-480ee049c863	19	23872082	29581549	1459	0.6163
8aa24da8-071b-4cd2-a1d8-480ee049c863	19	29590781	29629282	33	1.085
8aa24da8-071b-4cd2-a1d8-480ee049c863	19	29634087	30057288	288	1.4929
8aa24da8-071b-4cd2-a1d8-480ee049c863	19	30059606	35355649	3517	0.6281
8aa24da8-071b-4cd2-a1d8-480ee049c863	19	35355903	47898072	5445	0.561
8aa24da8-071b-4cd2-a1d8-480ee049c863	19	47898164	49411439	658	0.6076
8aa24da8-071b-4cd2-a1d8-480ee049c863	19	49411454	49838854	142	0.8432
8aa24da8-071b-4cd2-a1d8-480ee049c863	19	49841830	58370362	3553	0.5908
8aa24da8-071b-4cd2-a1d8-480ee049c863	20	472817	11975784	7385	0.2406
8aa24da8-071b-4cd2-a1d8-480ee049c863	20	11978204	12145345	104	-0.2684
8aa24da8-071b-4cd2-a1d8-480ee049c863	20	12145424	15856701	2174	0.2302
8aa24da8-071b-4cd2-a1d8-480ee049c863	20	15857832	16014713	158	0.3954
8aa24da8-071b-4cd2-a1d8-480ee049c863	20	16019604	24433422	6340	0.249
8aa24da8-071b-4cd2-a1d8-480ee049c863	20	24434641	36409462	3238	0.623
8aa24da8-071b-4cd2-a1d8-480ee049c863	20	36429730	36916270	194	0.8509
8aa24da8-071b-4cd2-a1d8-480ee049c863	20	36921032	37078624	142	0.5716
8aa24da8-071b-4cd2-a1d8-480ee049c863	20	37083754	37170697	66	0.2498
8aa24da8-071b-4cd2-a1d8-480ee049c863	20	37171650	37531291	192	0.6085
8aa24da8-071b-4cd2-a1d8-480ee049c863	20	37537859	38161220	407	0.271
8aa24da8-071b-4cd2-a1d8-480ee049c863	20	38163094	38174624	8	1.2253
8aa24da8-071b-4cd2-a1d8-480ee049c863	20	38175290	39410348	786	0.2826
8aa24da8-071b-4cd2-a1d8-480ee049c863	20	39410926	40375244	723	0.6285
8aa24da8-071b-4cd2-a1d8-480ee049c863	20	40375903	41092190	518	0.9364
8aa24da8-071b-4cd2-a1d8-480ee049c863	20	41102743	42134917	664	0.6347
8aa24da8-071b-4cd2-a1d8-480ee049c863	20	42140033	42722388	407	0.9302
8aa24da8-071b-4cd2-a1d8-480ee049c863	20	42722494	44005722	885	0.6503
8aa24da8-071b-4cd2-a1d8-480ee049c863	20	44006202	44328282	236	0.9442
8aa24da8-071b-4cd2-a1d8-480ee049c863	20	44334051	48685602	2921	0.6751
8aa24da8-071b-4cd2-a1d8-480ee049c863	20	48687768	48769919	61	0.9325
8aa24da8-071b-4cd2-a1d8-480ee049c863	20	48769984	48798685	18	0.6515
8aa24da8-071b-4cd2-a1d8-480ee049c863	20	48804143	48882818	49	0.2313
8aa24da8-071b-4cd2-a1d8-480ee049c863	20	48886292	49297921	241	0.6514
8aa24da8-071b-4cd2-a1d8-480ee049c863	20	49300443	49440385	86	0.2615
8aa24da8-071b-4cd2-a1d8-480ee049c863	20	49443609	49882722	145	0.6971
8aa24da8-071b-4cd2-a1d8-480ee049c863	20	49890897	50017199	45	0.4328
8aa24da8-071b-4cd2-a1d8-480ee049c863	20	50018240	50374923	174	0.3135
8aa24da8-071b-4cd2-a1d8-480ee049c863	20	50375443	50404983	14	0.7948
8aa24da8-071b-4cd2-a1d8-480ee049c863	20	50408288	52565982	1525	0.2664
8aa24da8-071b-4cd2-a1d8-480ee049c863	20	52567706	53121481	409	0.483
8aa24da8-071b-4cd2-a1d8-480ee049c863	20	53121810	57032728	2884	0.4206
8aa24da8-071b-4cd2-a1d8-480ee049c863	20	57032779	58401711	1026	0.4795
8aa24da8-071b-4cd2-a1d8-480ee049c863	20	58402778	58429747	23	-0.2928
8aa24da8-071b-4cd2-a1d8-480ee049c863	20	58430347	63588502	3296	0.4684
8aa24da8-071b-4cd2-a1d8-480ee049c863	21	13974127	16147034	1309	-0.256
8aa24da8-071b-4cd2-a1d8-480ee049c863	21	16147476	16174470	16	0.278
8aa24da8-071b-4cd2-a1d8-480ee049c863	21	16175566	21264867	3347	-0.2767
8aa24da8-071b-4cd2-a1d8-480ee049c863	21	21267055	21402705	96	-1.1349
8aa24da8-071b-4cd2-a1d8-480ee049c863	21	21412418	29385174	5104	-0.2657
8aa24da8-071b-4cd2-a1d8-480ee049c863	21	29385465	29404247	11	-1.0147
8aa24da8-071b-4cd2-a1d8-480ee049c863	21	29415645	39977832	7110	-0.2435
8aa24da8-071b-4cd2-a1d8-480ee049c863	21	39979196	40000517	37	0.3742
8aa24da8-071b-4cd2-a1d8-480ee049c863	21	40002797	46116266	3461	-0.2404
8aa24da8-071b-4cd2-a1d8-480ee049c863	21	46122306	46262057	65	-0.7791
8aa24da8-071b-4cd2-a1d8-480ee049c863	22	16934932	17963686	624	-0.2228
8aa24da8-071b-4cd2-a1d8-480ee049c863	22	17964914	18044091	61	0.3168
8aa24da8-071b-4cd2-a1d8-480ee049c863	22	18046695	24047722	400	-0.2378
8aa24da8-071b-4cd2-a1d8-480ee049c863	22	24048120	24054572	9	0.4844
8aa24da8-071b-4cd2-a1d8-480ee049c863	22	24063450	24173545	77	0.2323
8aa24da8-071b-4cd2-a1d8-480ee049c863	22	24173852	24198793	7	0.5424
8aa24da8-071b-4cd2-a1d8-480ee049c863	22	24204470	24222363	9	1.1421
8aa24da8-071b-4cd2-a1d8-480ee049c863	22	24225421	24265998	12	0.4213
8aa24da8-071b-4cd2-a1d8-480ee049c863	22	24266203	24518483	60	0.969
8aa24da8-071b-4cd2-a1d8-480ee049c863	22	24522278	24809984	113	0.6007
8aa24da8-071b-4cd2-a1d8-480ee049c863	22	24812389	30190861	3770	-0.2347
8aa24da8-071b-4cd2-a1d8-480ee049c863	22	30196080	30237208	46	0.2829
8aa24da8-071b-4cd2-a1d8-480ee049c863	22	30253202	34737001	3269	-0.24
8aa24da8-071b-4cd2-a1d8-480ee049c863	22	34739960	42380962	4009	0.2332
8aa24da8-071b-4cd2-a1d8-480ee049c863	22	42385617	42734392	80	0.5473
8aa24da8-071b-4cd2-a1d8-480ee049c863	22	42736716	42889417	76	-0.287
8aa24da8-071b-4cd2-a1d8-480ee049c863	22	42889799	43181618	204	0.2671
8aa24da8-071b-4cd2-a1d8-480ee049c863	22	43188275	45893256	1989	-0.2415
8aa24da8-071b-4cd2-a1d8-480ee049c863	22	45898709	46048572	28	0.5705
8aa24da8-071b-4cd2-a1d8-480ee049c863	22	46051217	46075601	13	0.2464
8aa24da8-071b-4cd2-a1d8-480ee049c863	22	46076187	47590015	1068	-0.3089
8aa24da8-071b-4cd2-a1d8-480ee049c863	22	47592182	47593465	2	-1.9141
8aa24da8-071b-4cd2-a1d8-480ee049c863	22	47593511	48940621	1130	-0.296
8aa24da8-071b-4cd2-a1d8-480ee049c863	X	3236359	11363496	2282	0.2619
8aa24da8-071b-4cd2-a1d8-480ee049c863	X	11364448	25975797	7513	0.2311
8aa24da8-071b-4cd2-a1d8-480ee049c863	X	25975968	29842344	2200	0.1788
8aa24da8-071b-4cd2-a1d8-480ee049c863	X	29842572	37551922	3278	0.2205
8aa24da8-071b-4cd2-a1d8-480ee049c863	X	37564476	38406524	409	0.2763
8aa24da8-071b-4cd2-a1d8-480ee049c863	X	38407934	38486270	41	0.6292
8aa24da8-071b-4cd2-a1d8-480ee049c863	X	38506774	44913736	3059	0.279
8aa24da8-071b-4cd2-a1d8-480ee049c863	X	44914027	44981270	40	-0.3095
8aa24da8-071b-4cd2-a1d8-480ee049c863	X	44990988	70734931	8227	0.2484
8aa24da8-071b-4cd2-a1d8-480ee049c863	X	70739384	76812987	1936	-0.2535
8aa24da8-071b-4cd2-a1d8-480ee049c863	X	76813240	79398947	890	0.2015
8aa24da8-071b-4cd2-a1d8-480ee049c863	X	79399113	79462184	56	-0.3391
8aa24da8-071b-4cd2-a1d8-480ee049c863	X	79462253	83549534	1914	0.1948
8aa24da8-071b-4cd2-a1d8-480ee049c863	X	83549568	83765627	53	-0.2978
8aa24da8-071b-4cd2-a1d8-480ee049c863	X	83772914	84669637	464	0.1659
8aa24da8-071b-4cd2-a1d8-480ee049c863	X	84669716	86563784	810	0.5715
8aa24da8-071b-4cd2-a1d8-480ee049c863	X	86565225	86586510	21	0.1145
8aa24da8-071b-4cd2-a1d8-480ee049c863	X	86589976	86821666	155	-0.2583
8aa24da8-071b-4cd2-a1d8-480ee049c863	X	86823529	89147567	1268	-0.3309
8aa24da8-071b-4cd2-a1d8-480ee049c863	X	89148325	106881569	6946	-0.2575
8aa24da8-071b-4cd2-a1d8-480ee049c863	X	106882221	109990400	1333	-0.1478
8aa24da8-071b-4cd2-a1d8-480ee049c863	X	109991713	110029024	27	0.3532
8aa24da8-071b-4cd2-a1d8-480ee049c863	X	110029330	112687416	1402	-0.1417
8aa24da8-071b-4cd2-a1d8-480ee049c863	X	112698312	116524636	1718	-0.0753
8aa24da8-071b-4cd2-a1d8-480ee049c863	X	116526239	121270925	2406	-0.1745
8aa24da8-071b-4cd2-a1d8-480ee049c863	X	121270926	128640349	3399	-0.2455
8aa24da8-071b-4cd2-a1d8-480ee049c863	X	128642048	128702618	31	-0.9439
8aa24da8-071b-4cd2-a1d8-480ee049c863	X	128705301	129275165	351	-0.2438
8aa24da8-071b-4cd2-a1d8-480ee049c863	X	129279768	137929460	3758	-0.1854
8aa24da8-071b-4cd2-a1d8-480ee049c863	X	137935408	139256387	797	-0.2262
8aa24da8-071b-4cd2-a1d8-480ee049c863	X	139260864	147933545	4275	-0.2876
8aa24da8-071b-4cd2-a1d8-480ee049c863	X	147935156	155677414	2845	-0.2379
