GDC_Aliquot	Chromosome	Start	End	Num_Probes	Segment_Mean
d42d916b-0232-44e0-8fb8-97d3da177be7	1	3301765	247650984	128527	-0.4516
d42d916b-0232-44e0-8fb8-97d3da177be7	2	480597	65621350	37989	-0.4265
d42d916b-0232-44e0-8fb8-97d3da177be7	2	65622289	65623752	2	-2.9296
d42d916b-0232-44e0-8fb8-97d3da177be7	2	65624178	81884390	9319	-0.4196
d42d916b-0232-44e0-8fb8-97d3da177be7	2	81886769	81969821	47	-2.5236
d42d916b-0232-44e0-8fb8-97d3da177be7	2	82090732	241537572	83582	-0.4219
d42d916b-0232-44e0-8fb8-97d3da177be7	3	2170634	91462299	50804	-0.4809
d42d916b-0232-44e0-8fb8-97d3da177be7	3	94015345	115867214	11907	0.4318
d42d916b-0232-44e0-8fb8-97d3da177be7	3	115870648	115873919	7	-0.745
d42d916b-0232-44e0-8fb8-97d3da177be7	3	115877397	115886749	9	0.3684
d42d916b-0232-44e0-8fb8-97d3da177be7	3	115891529	116107926	132	-0.4257
d42d916b-0232-44e0-8fb8-97d3da177be7	3	116114328	117085211	777	0.422
d42d916b-0232-44e0-8fb8-97d3da177be7	3	117092325	117532545	329	-0.4812
d42d916b-0232-44e0-8fb8-97d3da177be7	3	117534643	122755693	2811	0.4314
d42d916b-0232-44e0-8fb8-97d3da177be7	3	122758948	123217572	311	1.0135
d42d916b-0232-44e0-8fb8-97d3da177be7	3	123218022	197812401	39187	0.432
d42d916b-0232-44e0-8fb8-97d3da177be7	4	1059384	6643190	3004	0.4534
d42d916b-0232-44e0-8fb8-97d3da177be7	4	6644493	7059492	245	1.0534
d42d916b-0232-44e0-8fb8-97d3da177be7	4	7065059	40580743	21040	0.4198
d42d916b-0232-44e0-8fb8-97d3da177be7	4	40584333	40640258	45	-0.5636
d42d916b-0232-44e0-8fb8-97d3da177be7	4	40645294	60461594	9194	0.4153
d42d916b-0232-44e0-8fb8-97d3da177be7	4	60464276	60465899	2	2.8211
d42d916b-0232-44e0-8fb8-97d3da177be7	4	60469846	79263719	10007	0.4156
d42d916b-0232-44e0-8fb8-97d3da177be7	4	79266901	79276363	7	-0.5685
d42d916b-0232-44e0-8fb8-97d3da177be7	4	79278729	83224058	2235	0.416
d42d916b-0232-44e0-8fb8-97d3da177be7	4	83225843	83240797	26	0.9679
d42d916b-0232-44e0-8fb8-97d3da177be7	4	83242900	165129407	45130	0.4084
d42d916b-0232-44e0-8fb8-97d3da177be7	4	165129470	165130114	2	-4.7474
d42d916b-0232-44e0-8fb8-97d3da177be7	4	165130234	181161221	8489	0.4103
d42d916b-0232-44e0-8fb8-97d3da177be7	4	181161703	181408851	213	-0.6501
d42d916b-0232-44e0-8fb8-97d3da177be7	4	181440238	181955740	419	0.3376
d42d916b-0232-44e0-8fb8-97d3da177be7	4	181957325	183286625	512	0.1441
d42d916b-0232-44e0-8fb8-97d3da177be7	4	183288582	187842528	2068	0.4471
d42d916b-0232-44e0-8fb8-97d3da177be7	5	913983	16555962	10268	0.4361
d42d916b-0232-44e0-8fb8-97d3da177be7	5	16556454	33598804	9361	0.4083
d42d916b-0232-44e0-8fb8-97d3da177be7	5	33602786	45383300	6314	0.434
d42d916b-0232-44e0-8fb8-97d3da177be7	5	50828231	140244876	49203	0.9957
d42d916b-0232-44e0-8fb8-97d3da177be7	5	140245261	140635324	156	1.3763
d42d916b-0232-44e0-8fb8-97d3da177be7	5	140635623	149243654	5392	0.9927
d42d916b-0232-44e0-8fb8-97d3da177be7	5	149244647	149425083	127	1.3308
d42d916b-0232-44e0-8fb8-97d3da177be7	5	149427300	155752854	4113	0.9916
d42d916b-0232-44e0-8fb8-97d3da177be7	5	155753687	155818838	41	0.3997
d42d916b-0232-44e0-8fb8-97d3da177be7	5	155820893	180934240	15349	0.9967
d42d916b-0232-44e0-8fb8-97d3da177be7	6	1011760	2471385	1069	-0.4944
d42d916b-0232-44e0-8fb8-97d3da177be7	6	2472379	2472677	2	-4.6785
d42d916b-0232-44e0-8fb8-97d3da177be7	6	2473520	33622694	18468	-0.4691
d42d916b-0232-44e0-8fb8-97d3da177be7	6	33627622	34087648	329	0.443
d42d916b-0232-44e0-8fb8-97d3da177be7	6	34088988	145272080	61342	-0.4787
d42d916b-0232-44e0-8fb8-97d3da177be7	6	145272316	145272811	2	-7.5751
d42d916b-0232-44e0-8fb8-97d3da177be7	6	145273437	170596889	14966	-0.4887
d42d916b-0232-44e0-8fb8-97d3da177be7	7	664936	23990370	12204	0.4203
d42d916b-0232-44e0-8fb8-97d3da177be7	7	23991130	37682156	9127	0.4515
d42d916b-0232-44e0-8fb8-97d3da177be7	7	37684329	55603563	11574	0.4286
d42d916b-0232-44e0-8fb8-97d3da177be7	7	55608282	77171272	5432	0.3662
d42d916b-0232-44e0-8fb8-97d3da177be7	7	77174714	146468205	36580	0.4216
d42d916b-0232-44e0-8fb8-97d3da177be7	7	146473826	146602942	51	-0.4577
d42d916b-0232-44e0-8fb8-97d3da177be7	7	146608083	158592540	6392	0.4288
d42d916b-0232-44e0-8fb8-97d3da177be7	8	667625	56939652	30432	-0.4814
d42d916b-0232-44e0-8fb8-97d3da177be7	8	56940475	56940584	2	-2.9815
d42d916b-0232-44e0-8fb8-97d3da177be7	8	56940651	118628367	34901	-0.4752
d42d916b-0232-44e0-8fb8-97d3da177be7	8	118629015	118630064	2	-3.1074
d42d916b-0232-44e0-8fb8-97d3da177be7	8	118634408	144182542	16085	-0.468
d42d916b-0232-44e0-8fb8-97d3da177be7	9	789794	117306327	56147	0.4235
d42d916b-0232-44e0-8fb8-97d3da177be7	9	117307156	117326684	13	-0.4869
d42d916b-0232-44e0-8fb8-97d3da177be7	9	117330938	117349728	23	0.4603
d42d916b-0232-44e0-8fb8-97d3da177be7	9	117350669	117398678	33	-0.4819
d42d916b-0232-44e0-8fb8-97d3da177be7	9	117399085	127405942	6522	0.4448
d42d916b-0232-44e0-8fb8-97d3da177be7	9	127406047	127699766	126	0.9545
d42d916b-0232-44e0-8fb8-97d3da177be7	9	127700919	138044505	5063	0.444
d42d916b-0232-44e0-8fb8-97d3da177be7	10	366509	17035456	12160	0.4456
d42d916b-0232-44e0-8fb8-97d3da177be7	10	17036133	21615109	3190	0.3846
d42d916b-0232-44e0-8fb8-97d3da177be7	10	21617481	34840287	8686	0.4188
d42d916b-0232-44e0-8fb8-97d3da177be7	10	34844705	43779058	2846	0.3783
d42d916b-0232-44e0-8fb8-97d3da177be7	10	43782638	49407760	2372	0.457
d42d916b-0232-44e0-8fb8-97d3da177be7	10	49408718	68333315	10802	0.4133
d42d916b-0232-44e0-8fb8-97d3da177be7	10	68345867	68348078	2	-2.0155
d42d916b-0232-44e0-8fb8-97d3da177be7	10	68374922	68809328	222	0.3369
d42d916b-0232-44e0-8fb8-97d3da177be7	10	68811794	82457667	8425	0.4358
d42d916b-0232-44e0-8fb8-97d3da177be7	10	82503700	82833204	197	0.2794
d42d916b-0232-44e0-8fb8-97d3da177be7	10	82834479	82925834	101	-0.431
d42d916b-0232-44e0-8fb8-97d3da177be7	10	82928972	133411599	31691	0.4279
d42d916b-0232-44e0-8fb8-97d3da177be7	11	456012	46673786	29199	-0.4571
d42d916b-0232-44e0-8fb8-97d3da177be7	11	46677574	46710112	11	0.6279
d42d916b-0232-44e0-8fb8-97d3da177be7	11	46710593	90502955	18931	-0.4474
d42d916b-0232-44e0-8fb8-97d3da177be7	11	90504267	90504281	2	-3.274
d42d916b-0232-44e0-8fb8-97d3da177be7	11	90504403	134272740	28650	-0.4564
d42d916b-0232-44e0-8fb8-97d3da177be7	12	780472	14280831	7642	0.4458
d42d916b-0232-44e0-8fb8-97d3da177be7	12	14282590	14344675	26	1.0011
d42d916b-0232-44e0-8fb8-97d3da177be7	12	14348116	125726208	63141	0.4148
d42d916b-0232-44e0-8fb8-97d3da177be7	12	125726375	125726479	2	-1.7503
d42d916b-0232-44e0-8fb8-97d3da177be7	12	125726548	132605822	2971	0.4103
d42d916b-0232-44e0-8fb8-97d3da177be7	13	18874255	26798771	4193	-0.4741
d42d916b-0232-44e0-8fb8-97d3da177be7	13	26800592	26801387	2	-5.6663
d42d916b-0232-44e0-8fb8-97d3da177be7	13	26802486	114226675	52146	-0.4687
d42d916b-0232-44e0-8fb8-97d3da177be7	14	20033191	22965556	976	0.4449
d42d916b-0232-44e0-8fb8-97d3da177be7	14	22974092	23158781	92	1.0185
d42d916b-0232-44e0-8fb8-97d3da177be7	14	23161498	38177627	8842	0.4415
d42d916b-0232-44e0-8fb8-97d3da177be7	14	38178362	49202506	4953	0.3925
d42d916b-0232-44e0-8fb8-97d3da177be7	14	49202541	78430585	18100	0.4223
d42d916b-0232-44e0-8fb8-97d3da177be7	14	78431972	92312213	8546	0.3957
d42d916b-0232-44e0-8fb8-97d3da177be7	14	92318690	105533894	7874	0.4397
d42d916b-0232-44e0-8fb8-97d3da177be7	15	23437561	43452357	9923	-0.4642
d42d916b-0232-44e0-8fb8-97d3da177be7	15	43456106	43458878	2	-2.7321
d42d916b-0232-44e0-8fb8-97d3da177be7	15	43467365	43931949	131	-0.3944
d42d916b-0232-44e0-8fb8-97d3da177be7	15	43932257	43933758	3	-2.9027
d42d916b-0232-44e0-8fb8-97d3da177be7	15	43934531	62624332	11865	-0.4524
d42d916b-0232-44e0-8fb8-97d3da177be7	15	62624473	62624537	2	-3.3339
d42d916b-0232-44e0-8fb8-97d3da177be7	15	62625815	101344124	22409	-0.4495
d42d916b-0232-44e0-8fb8-97d3da177be7	16	603333	7583591	3048	0.4162
d42d916b-0232-44e0-8fb8-97d3da177be7	16	7586369	7591098	10	-0.7253
d42d916b-0232-44e0-8fb8-97d3da177be7	16	7593245	57725946	18270	0.4231
d42d916b-0232-44e0-8fb8-97d3da177be7	16	57726241	63524304	3525	0.384
d42d916b-0232-44e0-8fb8-97d3da177be7	16	63524377	69213066	3367	0.4153
d42d916b-0232-44e0-8fb8-97d3da177be7	16	69215658	69602641	181	0.9553
d42d916b-0232-44e0-8fb8-97d3da177be7	16	69604606	70413837	252	0.4048
d42d916b-0232-44e0-8fb8-97d3da177be7	16	70420228	70780455	166	0.9025
d42d916b-0232-44e0-8fb8-97d3da177be7	16	70780884	85490251	10005	0.438
d42d916b-0232-44e0-8fb8-97d3da177be7	16	85492958	85494946	2	-1.2352
d42d916b-0232-44e0-8fb8-97d3da177be7	16	85498174	89317317	2096	0.4662
d42d916b-0232-44e0-8fb8-97d3da177be7	17	1074619	17606063	8346	-0.46
d42d916b-0232-44e0-8fb8-97d3da177be7	17	17607982	17826782	84	-2.3856
d42d916b-0232-44e0-8fb8-97d3da177be7	17	17831195	60772570	17310	-0.4337
d42d916b-0232-44e0-8fb8-97d3da177be7	17	60774970	61078859	156	-2.5044
d42d916b-0232-44e0-8fb8-97d3da177be7	17	61082719	81356362	10568	-0.4582
d42d916b-0232-44e0-8fb8-97d3da177be7	17	81357748	81421889	22	0.3521
d42d916b-0232-44e0-8fb8-97d3da177be7	17	81457300	82959812	485	-0.4448
d42d916b-0232-44e0-8fb8-97d3da177be7	18	326691	36142300	17055	-0.4586
d42d916b-0232-44e0-8fb8-97d3da177be7	18	36145094	36389980	172	0.4389
d42d916b-0232-44e0-8fb8-97d3da177be7	18	36390384	50924271	9208	-0.4583
d42d916b-0232-44e0-8fb8-97d3da177be7	18	50930533	51025399	52	-3.1788
d42d916b-0232-44e0-8fb8-97d3da177be7	18	51026083	51103575	131	-1.7303
d42d916b-0232-44e0-8fb8-97d3da177be7	18	51106502	79349796	15916	-0.4574
d42d916b-0232-44e0-8fb8-97d3da177be7	19	283868	2743904	516	-0.4429
d42d916b-0232-44e0-8fb8-97d3da177be7	19	2748357	3134701	155	0.3793
d42d916b-0232-44e0-8fb8-97d3da177be7	19	3143285	3527112	121	0.9548
d42d916b-0232-44e0-8fb8-97d3da177be7	19	3533408	3542985	4	0.3378
d42d916b-0232-44e0-8fb8-97d3da177be7	19	3554785	4406163	200	-0.4878
d42d916b-0232-44e0-8fb8-97d3da177be7	19	4673369	5352608	256	0.3831
d42d916b-0232-44e0-8fb8-97d3da177be7	19	5354579	5434638	40	-0.3288
d42d916b-0232-44e0-8fb8-97d3da177be7	19	5439538	6080471	272	0.4487
d42d916b-0232-44e0-8fb8-97d3da177be7	19	6084981	6293183	120	0.9672
d42d916b-0232-44e0-8fb8-97d3da177be7	19	6295223	6320952	13	0.386
d42d916b-0232-44e0-8fb8-97d3da177be7	19	6327183	7112112	241	-0.4123
d42d916b-0232-44e0-8fb8-97d3da177be7	19	7112165	9001627	894	0.932
d42d916b-0232-44e0-8fb8-97d3da177be7	19	9006176	9767552	388	0.3844
d42d916b-0232-44e0-8fb8-97d3da177be7	19	9768019	9820302	24	1.0027
d42d916b-0232-44e0-8fb8-97d3da177be7	19	9824077	10509520	274	0.386
d42d916b-0232-44e0-8fb8-97d3da177be7	19	10510389	11693055	527	0.9241
d42d916b-0232-44e0-8fb8-97d3da177be7	19	11696225	11721150	20	0.394
d42d916b-0232-44e0-8fb8-97d3da177be7	19	11722424	11735655	11	1.0612
d42d916b-0232-44e0-8fb8-97d3da177be7	19	11737611	12491203	322	0.4108
d42d916b-0232-44e0-8fb8-97d3da177be7	19	12491206	13480985	394	0.8818
d42d916b-0232-44e0-8fb8-97d3da177be7	19	13482045	14012303	233	1.2735
d42d916b-0232-44e0-8fb8-97d3da177be7	19	14012755	14439434	109	0.8447
d42d916b-0232-44e0-8fb8-97d3da177be7	19	14439594	14443635	2	-0.4176
d42d916b-0232-44e0-8fb8-97d3da177be7	19	14444366	15182944	468	0.9705
d42d916b-0232-44e0-8fb8-97d3da177be7	19	15182988	15183190	8	-0.1163
d42d916b-0232-44e0-8fb8-97d3da177be7	19	15185496	17888312	1307	0.933
d42d916b-0232-44e0-8fb8-97d3da177be7	19	17891759	18119828	94	-0.388
d42d916b-0232-44e0-8fb8-97d3da177be7	19	18120458	21984919	1152	0.9342
d42d916b-0232-44e0-8fb8-97d3da177be7	19	21993130	34038840	5300	0.4053
d42d916b-0232-44e0-8fb8-97d3da177be7	19	34039181	34153081	79	0.1822
d42d916b-0232-44e0-8fb8-97d3da177be7	19	34155707	34433670	152	-0.4576
d42d916b-0232-44e0-8fb8-97d3da177be7	19	34434010	58370362	10342	0.4098
d42d916b-0232-44e0-8fb8-97d3da177be7	20	472817	3822799	2128	-0.4288
d42d916b-0232-44e0-8fb8-97d3da177be7	20	3823017	4299584	125	0.9999
d42d916b-0232-44e0-8fb8-97d3da177be7	20	4299869	4626121	287	0.5006
d42d916b-0232-44e0-8fb8-97d3da177be7	20	4626503	4663937	31	0.9412
d42d916b-0232-44e0-8fb8-97d3da177be7	20	4665344	5183370	342	1.3884
d42d916b-0232-44e0-8fb8-97d3da177be7	20	5188601	5996966	361	0.4517
d42d916b-0232-44e0-8fb8-97d3da177be7	20	5998408	6527689	404	0.9702
d42d916b-0232-44e0-8fb8-97d3da177be7	20	6529233	6720486	164	1.4329
d42d916b-0232-44e0-8fb8-97d3da177be7	20	6721909	8605879	863	0.4274
d42d916b-0232-44e0-8fb8-97d3da177be7	20	8606650	8651857	40	1.0353
d42d916b-0232-44e0-8fb8-97d3da177be7	20	8653086	8783990	112	0.4124
d42d916b-0232-44e0-8fb8-97d3da177be7	20	8784632	8786305	9	-0.4519
d42d916b-0232-44e0-8fb8-97d3da177be7	20	8786739	8821073	36	0.6677
d42d916b-0232-44e0-8fb8-97d3da177be7	20	8823593	8830835	10	-0.0723
d42d916b-0232-44e0-8fb8-97d3da177be7	20	8830879	9283507	310	0.3623
d42d916b-0232-44e0-8fb8-97d3da177be7	20	9285621	10156286	719	-0.4531
d42d916b-0232-44e0-8fb8-97d3da177be7	20	10167006	10235699	57	0.4982
d42d916b-0232-44e0-8fb8-97d3da177be7	20	10236688	10252616	23	-0.389
d42d916b-0232-44e0-8fb8-97d3da177be7	20	10253609	10279454	26	0.437
d42d916b-0232-44e0-8fb8-97d3da177be7	20	10280494	10448953	134	-0.4199
d42d916b-0232-44e0-8fb8-97d3da177be7	20	10449129	11666176	937	0.3486
d42d916b-0232-44e0-8fb8-97d3da177be7	20	11668012	11745652	40	1.0682
d42d916b-0232-44e0-8fb8-97d3da177be7	20	11748940	12815976	747	0.3367
d42d916b-0232-44e0-8fb8-97d3da177be7	20	12818127	13125856	198	-0.3934
d42d916b-0232-44e0-8fb8-97d3da177be7	20	13127238	13130277	7	0.028
d42d916b-0232-44e0-8fb8-97d3da177be7	20	13133366	13142270	7	0.6047
d42d916b-0232-44e0-8fb8-97d3da177be7	20	13143086	13344884	168	-0.4449
d42d916b-0232-44e0-8fb8-97d3da177be7	20	13348876	13484376	86	0.4375
d42d916b-0232-44e0-8fb8-97d3da177be7	20	13486349	14020182	273	0.9448
d42d916b-0232-44e0-8fb8-97d3da177be7	20	14022176	14528803	249	0.3285
d42d916b-0232-44e0-8fb8-97d3da177be7	20	14528848	14711021	90	0.8886
d42d916b-0232-44e0-8fb8-97d3da177be7	20	15182862	15615787	364	0.3545
d42d916b-0232-44e0-8fb8-97d3da177be7	20	15618388	16902199	1188	-0.4567
d42d916b-0232-44e0-8fb8-97d3da177be7	20	16902758	18906019	1562	0.3489
d42d916b-0232-44e0-8fb8-97d3da177be7	20	18906075	36685133	7264	0.4158
d42d916b-0232-44e0-8fb8-97d3da177be7	20	36688688	37277914	363	0.315
d42d916b-0232-44e0-8fb8-97d3da177be7	20	37283905	47111298	6552	0.4772
d42d916b-0232-44e0-8fb8-97d3da177be7	20	47113637	47624334	280	0.3416
d42d916b-0232-44e0-8fb8-97d3da177be7	20	47625101	51649504	2589	0.4702
d42d916b-0232-44e0-8fb8-97d3da177be7	20	51650099	52057826	254	0.335
d42d916b-0232-44e0-8fb8-97d3da177be7	20	52057987	63588502	7896	0.4741
d42d916b-0232-44e0-8fb8-97d3da177be7	21	13974127	16069928	1266	0.4545
d42d916b-0232-44e0-8fb8-97d3da177be7	21	16072565	32621407	10634	0.4153
d42d916b-0232-44e0-8fb8-97d3da177be7	21	32625755	46262057	8542	0.4523
d42d916b-0232-44e0-8fb8-97d3da177be7	22	16934932	24026280	1059	-0.4798
d42d916b-0232-44e0-8fb8-97d3da177be7	22	24028561	24320752	158	0.4261
d42d916b-0232-44e0-8fb8-97d3da177be7	22	24320954	28807468	3122	-0.4471
d42d916b-0232-44e0-8fb8-97d3da177be7	22	28807824	28961973	102	-2.665
d42d916b-0232-44e0-8fb8-97d3da177be7	22	28962637	48940621	12527	-0.4585
d42d916b-0232-44e0-8fb8-97d3da177be7	X	3236359	145066361	58776	0.008
d42d916b-0232-44e0-8fb8-97d3da177be7	X	145073938	145244831	153	-0.9341
d42d916b-0232-44e0-8fb8-97d3da177be7	X	145251163	155677414	4552	0.0142
