GDC_Aliquot	Chromosome	Start	End	Num_Probes	Segment_Mean
f3e0595b-e839-4c34-b467-56b303181376	1	3301765	5646500	1666	0.1485
f3e0595b-e839-4c34-b467-56b303181376	1	5646537	28285526	11698	0.1758
f3e0595b-e839-4c34-b467-56b303181376	1	28286371	51563717	12259	0.1492
f3e0595b-e839-4c34-b467-56b303181376	1	51564707	51585116	10	0.7516
f3e0595b-e839-4c34-b467-56b303181376	1	51587466	146716041	42035	0.1447
f3e0595b-e839-4c34-b467-56b303181376	1	149906351	158411038	4257	0.7414
f3e0595b-e839-4c34-b467-56b303181376	1	158412810	158498370	60	1.1358
f3e0595b-e839-4c34-b467-56b303181376	1	158502209	163554603	3341	0.7274
f3e0595b-e839-4c34-b467-56b303181376	1	163555434	164052247	254	1.1343
f3e0595b-e839-4c34-b467-56b303181376	1	164057282	188803609	16110	-0.7289
f3e0595b-e839-4c34-b467-56b303181376	1	188807778	188838716	15	1.0264
f3e0595b-e839-4c34-b467-56b303181376	1	188844382	190764276	1018	1.1322
f3e0595b-e839-4c34-b467-56b303181376	1	190765748	191267399	255	0.6951
f3e0595b-e839-4c34-b467-56b303181376	1	191267829	193252785	1261	1.1369
f3e0595b-e839-4c34-b467-56b303181376	1	193255965	195809597	1484	0.7275
f3e0595b-e839-4c34-b467-56b303181376	1	195810831	196105695	193	1.1426
f3e0595b-e839-4c34-b467-56b303181376	1	196105818	204489038	5021	0.722
f3e0595b-e839-4c34-b467-56b303181376	1	204497732	210030113	3747	0.157
f3e0595b-e839-4c34-b467-56b303181376	1	210034483	233631127	15117	0.1295
f3e0595b-e839-4c34-b467-56b303181376	1	233631262	240655348	5149	0.153
f3e0595b-e839-4c34-b467-56b303181376	1	240657216	240657773	3	-1.1475
f3e0595b-e839-4c34-b467-56b303181376	1	240662000	243595786	1847	0.1656
f3e0595b-e839-4c34-b467-56b303181376	1	243597085	243602629	4	-0.7461
f3e0595b-e839-4c34-b467-56b303181376	1	243602673	247650984	1912	0.1483
f3e0595b-e839-4c34-b467-56b303181376	2	480597	7020591	3935	0.0667
f3e0595b-e839-4c34-b467-56b303181376	2	7023063	14322300	4809	0.1329
f3e0595b-e839-4c34-b467-56b303181376	2	14323038	18323699	2765	0.0875
f3e0595b-e839-4c34-b467-56b303181376	2	18324310	19064853	559	0.1206
f3e0595b-e839-4c34-b467-56b303181376	2	19069958	70727063	29425	0.1333
f3e0595b-e839-4c34-b467-56b303181376	2	70727956	82340982	6106	0.1087
f3e0595b-e839-4c34-b467-56b303181376	2	82344082	115756169	13309	0.1367
f3e0595b-e839-4c34-b467-56b303181376	2	115759283	158929428	22882	0.1163
f3e0595b-e839-4c34-b467-56b303181376	2	158930941	158931281	2	-1.8627
f3e0595b-e839-4c34-b467-56b303181376	2	158931342	241537572	47389	0.1253
f3e0595b-e839-4c34-b467-56b303181376	3	2170634	9214502	4111	0.099
f3e0595b-e839-4c34-b467-56b303181376	3	9215792	41296007	19442	0.1496
f3e0595b-e839-4c34-b467-56b303181376	3	41297199	46660272	2881	0.1098
f3e0595b-e839-4c34-b467-56b303181376	3	46665706	46665832	2	-1.3945
f3e0595b-e839-4c34-b467-56b303181376	3	46668608	53130787	2566	0.1294
f3e0595b-e839-4c34-b467-56b303181376	3	53136596	53163575	16	0.6869
f3e0595b-e839-4c34-b467-56b303181376	3	53164998	94244790	21955	0.1075
f3e0595b-e839-4c34-b467-56b303181376	3	94247357	185289878	48132	-0.9155
f3e0595b-e839-4c34-b467-56b303181376	3	185290786	186645242	905	-0.8267
f3e0595b-e839-4c34-b467-56b303181376	3	186645310	186648161	3	-2.7802
f3e0595b-e839-4c34-b467-56b303181376	3	186648427	197812401	5926	-0.8155
f3e0595b-e839-4c34-b467-56b303181376	4	1059384	24380505	14542	0.1402
f3e0595b-e839-4c34-b467-56b303181376	4	24381448	69488760	23189	0.1229
f3e0595b-e839-4c34-b467-56b303181376	4	69488857	75414582	3351	0.0882
f3e0595b-e839-4c34-b467-56b303181376	4	75414784	88581996	7920	0.1194
f3e0595b-e839-4c34-b467-56b303181376	4	88585395	102895956	7845	0.1357
f3e0595b-e839-4c34-b467-56b303181376	4	102911530	112894749	5509	-0.7556
f3e0595b-e839-4c34-b467-56b303181376	4	112895194	140409000	14703	-0.8146
f3e0595b-e839-4c34-b467-56b303181376	4	140419875	158066703	9912	0.1268
f3e0595b-e839-4c34-b467-56b303181376	4	158071073	158955808	457	-0.7296
f3e0595b-e839-4c34-b467-56b303181376	4	158955878	158956195	2	-2.4345
f3e0595b-e839-4c34-b467-56b303181376	4	158956216	165334552	3435	-0.7262
f3e0595b-e839-4c34-b467-56b303181376	4	165338567	165678007	253	-0.8777
f3e0595b-e839-4c34-b467-56b303181376	4	165678460	168841617	1733	-0.7339
f3e0595b-e839-4c34-b467-56b303181376	4	168842101	172963719	2141	-0.9256
f3e0595b-e839-4c34-b467-56b303181376	4	172964355	180604429	4228	-0.7293
f3e0595b-e839-4c34-b467-56b303181376	4	181157671	182325958	933	-0.9654
f3e0595b-e839-4c34-b467-56b303181376	4	182326351	182326448	2	-4.6163
f3e0595b-e839-4c34-b467-56b303181376	4	182327154	187842528	2251	-0.9458
f3e0595b-e839-4c34-b467-56b303181376	5	913983	34771360	19867	0.14
f3e0595b-e839-4c34-b467-56b303181376	5	34771729	53501889	7667	0.1684
f3e0595b-e839-4c34-b467-56b303181376	5	53502966	90645163	20392	0.1358
f3e0595b-e839-4c34-b467-56b303181376	5	90647616	97587054	3716	0.1702
f3e0595b-e839-4c34-b467-56b303181376	5	97588236	99167137	766	0.1341
f3e0595b-e839-4c34-b467-56b303181376	5	100226861	100305931	44	-0.8102
f3e0595b-e839-4c34-b467-56b303181376	5	100342956	107044135	3021	0.1634
f3e0595b-e839-4c34-b467-56b303181376	5	107055737	170708586	39355	0.1423
f3e0595b-e839-4c34-b467-56b303181376	5	170710705	180934240	5444	0.1795
f3e0595b-e839-4c34-b467-56b303181376	6	1011760	22390290	14867	-0.9416
f3e0595b-e839-4c34-b467-56b303181376	6	22390351	22390389	2	-6.0368
f3e0595b-e839-4c34-b467-56b303181376	6	22390871	24966461	1828	-0.9449
f3e0595b-e839-4c34-b467-56b303181376	6	24966755	24967012	3	-3.5883
f3e0595b-e839-4c34-b467-56b303181376	6	24967066	57347009	16886	-0.9305
f3e0595b-e839-4c34-b467-56b303181376	6	61527062	63779600	1014	0.6595
f3e0595b-e839-4c34-b467-56b303181376	6	63786375	69235104	3080	0.0848
f3e0595b-e839-4c34-b467-56b303181376	6	69243919	69266270	10	0.7136
f3e0595b-e839-4c34-b467-56b303181376	6	69266356	75561141	3700	0.0715
f3e0595b-e839-4c34-b467-56b303181376	6	75562558	82543967	3714	0.7289
f3e0595b-e839-4c34-b467-56b303181376	6	82550163	83116929	307	1.1444
f3e0595b-e839-4c34-b467-56b303181376	6	83123689	84080552	543	0.8093
f3e0595b-e839-4c34-b467-56b303181376	6	84080825	87545998	1944	0.7375
f3e0595b-e839-4c34-b467-56b303181376	6	87547177	90473086	1834	0.8462
f3e0595b-e839-4c34-b467-56b303181376	6	90475543	90505460	50	1.4351
f3e0595b-e839-4c34-b467-56b303181376	6	90507565	92506794	1174	0.8563
f3e0595b-e839-4c34-b467-56b303181376	6	92510556	93725102	808	0.21
f3e0595b-e839-4c34-b467-56b303181376	6	93727665	93768888	33	1.2471
f3e0595b-e839-4c34-b467-56b303181376	6	94556105	95386776	35	0.2107
f3e0595b-e839-4c34-b467-56b303181376	6	95388284	99109942	2181	0.8591
f3e0595b-e839-4c34-b467-56b303181376	6	99118244	100365312	813	1.2049
f3e0595b-e839-4c34-b467-56b303181376	6	100372915	100544830	112	0.7954
f3e0595b-e839-4c34-b467-56b303181376	6	100546445	103170563	1341	1.2294
f3e0595b-e839-4c34-b467-56b303181376	6	103171475	103848365	425	0.2328
f3e0595b-e839-4c34-b467-56b303181376	6	103856098	103907904	31	-0.8971
f3e0595b-e839-4c34-b467-56b303181376	6	103912933	105416982	811	0.2206
f3e0595b-e839-4c34-b467-56b303181376	6	105421734	107231276	1147	1.2365
f3e0595b-e839-4c34-b467-56b303181376	6	107232090	107234765	4	0.2297
f3e0595b-e839-4c34-b467-56b303181376	6	107238519	107264647	17	1.218
f3e0595b-e839-4c34-b467-56b303181376	6	107267248	108287714	647	0.2647
f3e0595b-e839-4c34-b467-56b303181376	6	108289437	109604711	744	1.2307
f3e0595b-e839-4c34-b467-56b303181376	6	109606805	113344125	2308	0.2321
f3e0595b-e839-4c34-b467-56b303181376	6	113347401	113528129	141	1.2105
f3e0595b-e839-4c34-b467-56b303181376	6	113530837	114096680	376	0.2379
f3e0595b-e839-4c34-b467-56b303181376	6	114100863	118227934	2209	1.2398
f3e0595b-e839-4c34-b467-56b303181376	6	118816495	119754328	503	0.8637
f3e0595b-e839-4c34-b467-56b303181376	6	119760369	119857867	76	1.2382
f3e0595b-e839-4c34-b467-56b303181376	6	119858622	129140922	5319	0.8041
f3e0595b-e839-4c34-b467-56b303181376	6	129141467	129313870	121	0.9827
f3e0595b-e839-4c34-b467-56b303181376	6	129314485	141353458	7515	0.8095
f3e0595b-e839-4c34-b467-56b303181376	6	141355266	150050561	5467	0.1468
f3e0595b-e839-4c34-b467-56b303181376	6	150050633	150055182	2	-1.1682
f3e0595b-e839-4c34-b467-56b303181376	6	150056185	154550946	3267	0.1491
f3e0595b-e839-4c34-b467-56b303181376	6	154553352	154556401	2	-1.4356
f3e0595b-e839-4c34-b467-56b303181376	6	154557246	160910194	3945	0.1318
f3e0595b-e839-4c34-b467-56b303181376	6	160912109	162700862	939	0.7294
f3e0595b-e839-4c34-b467-56b303181376	6	162701188	170342284	3624	0.128
f3e0595b-e839-4c34-b467-56b303181376	6	170343103	170596889	172	0.7193
f3e0595b-e839-4c34-b467-56b303181376	7	664936	4767437	1599	0.2092
f3e0595b-e839-4c34-b467-56b303181376	7	4773752	13898105	4551	0.7632
f3e0595b-e839-4c34-b467-56b303181376	7	13898314	18867273	3081	0.7182
f3e0595b-e839-4c34-b467-56b303181376	7	18867407	46756500	17375	0.1502
f3e0595b-e839-4c34-b467-56b303181376	7	46756595	71661513	10289	0.1181
f3e0595b-e839-4c34-b467-56b303181376	7	71662804	158592540	44424	0.139
f3e0595b-e839-4c34-b467-56b303181376	8	667625	50191490	26528	0.1377
f3e0595b-e839-4c34-b467-56b303181376	8	50201723	136054391	51156	0.106
f3e0595b-e839-4c34-b467-56b303181376	8	136059086	144182542	3852	0.1292
f3e0595b-e839-4c34-b467-56b303181376	9	789794	35808366	21232	-0.9117
f3e0595b-e839-4c34-b467-56b303181376	9	35812626	97272511	21327	0.1404
f3e0595b-e839-4c34-b467-56b303181376	9	97273209	120525957	15832	0.1746
f3e0595b-e839-4c34-b467-56b303181376	9	120527143	122314811	1093	0.206
f3e0595b-e839-4c34-b467-56b303181376	9	122319716	122358553	21	0.8414
f3e0595b-e839-4c34-b467-56b303181376	9	122358899	138044505	8213	0.2253
f3e0595b-e839-4c34-b467-56b303181376	10	366509	4068671	2148	-0.8501
f3e0595b-e839-4c34-b467-56b303181376	10	4068927	24659313	14936	-0.7701
f3e0595b-e839-4c34-b467-56b303181376	10	24660814	25361105	385	-0.8323
f3e0595b-e839-4c34-b467-56b303181376	10	25365818	25372789	3	0.7044
f3e0595b-e839-4c34-b467-56b303181376	10	25377526	25407297	23	0.1905
f3e0595b-e839-4c34-b467-56b303181376	10	25410264	26260793	586	0.681
f3e0595b-e839-4c34-b467-56b303181376	10	26261196	29801297	2398	-0.7732
f3e0595b-e839-4c34-b467-56b303181376	10	29801849	29801935	2	0.8106
f3e0595b-e839-4c34-b467-56b303181376	10	29804352	45559119	7429	0.1339
f3e0595b-e839-4c34-b467-56b303181376	10	45560885	49868126	1476	0.1917
f3e0595b-e839-4c34-b467-56b303181376	10	50716389	88110593	22884	0.1402
f3e0595b-e839-4c34-b467-56b303181376	10	88112446	88116498	3	-1.7126
f3e0595b-e839-4c34-b467-56b303181376	10	88118685	130261499	27463	0.1419
f3e0595b-e839-4c34-b467-56b303181376	10	130262933	130263254	2	-1.7888
f3e0595b-e839-4c34-b467-56b303181376	10	130263504	130383003	98	0.0872
f3e0595b-e839-4c34-b467-56b303181376	10	131110205	131342778	201	0.6925
f3e0595b-e839-4c34-b467-56b303181376	10	131914143	133411599	490	-0.8559
f3e0595b-e839-4c34-b467-56b303181376	11	456012	59995798	32487	0.1299
f3e0595b-e839-4c34-b467-56b303181376	11	60022835	69139534	3537	0.1719
f3e0595b-e839-4c34-b467-56b303181376	11	69143174	107414618	22859	0.1293
f3e0595b-e839-4c34-b467-56b303181376	11	107416163	116688286	6051	0.0818
f3e0595b-e839-4c34-b467-56b303181376	11	116689609	123799680	4914	0.1228
f3e0595b-e839-4c34-b467-56b303181376	11	123799749	134272740	7088	0.0851
f3e0595b-e839-4c34-b467-56b303181376	12	780472	11846142	6000	0.1416
f3e0595b-e839-4c34-b467-56b303181376	12	11846491	11848222	5	-0.7358
f3e0595b-e839-4c34-b467-56b303181376	12	11848318	16211815	2723	0.1472
f3e0595b-e839-4c34-b467-56b303181376	12	16211963	16239611	21	-0.8127
f3e0595b-e839-4c34-b467-56b303181376	12	16244477	24130998	4877	0.1152
f3e0595b-e839-4c34-b467-56b303181376	12	24131887	59779242	17319	0.1516
f3e0595b-e839-4c34-b467-56b303181376	12	59779575	59779625	2	-1.297
f3e0595b-e839-4c34-b467-56b303181376	12	59780047	85469656	15562	0.1504
f3e0595b-e839-4c34-b467-56b303181376	12	85470149	86370361	514	0.1164
f3e0595b-e839-4c34-b467-56b303181376	12	86370812	97490972	6914	0.1844
f3e0595b-e839-4c34-b467-56b303181376	12	97492963	114333631	10108	0.1413
f3e0595b-e839-4c34-b467-56b303181376	12	114333763	114334475	2	-1.2269
f3e0595b-e839-4c34-b467-56b303181376	12	114337596	119815066	3765	0.1391
f3e0595b-e839-4c34-b467-56b303181376	12	119815305	124958474	2432	0.186
f3e0595b-e839-4c34-b467-56b303181376	12	124961356	132605822	3504	0.1374
f3e0595b-e839-4c34-b467-56b303181376	13	18874255	32314368	8056	0.1623
f3e0595b-e839-4c34-b467-56b303181376	13	32319654	32334967	58	-0.5884
f3e0595b-e839-4c34-b467-56b303181376	13	32337141	107470504	44130	0.1576
f3e0595b-e839-4c34-b467-56b303181376	13	107471149	111426729	3003	0.2129
f3e0595b-e839-4c34-b467-56b303181376	13	111433513	114226675	1195	0.1684
f3e0595b-e839-4c34-b467-56b303181376	14	20033191	26294421	2959	0.1575
f3e0595b-e839-4c34-b467-56b303181376	14	26300516	26300517	2	-1.7472
f3e0595b-e839-4c34-b467-56b303181376	14	26300519	67473877	23138	0.1366
f3e0595b-e839-4c34-b467-56b303181376	14	67474366	77702468	6269	0.1658
f3e0595b-e839-4c34-b467-56b303181376	14	77706332	99142597	14084	0.1453
f3e0595b-e839-4c34-b467-56b303181376	14	99142880	104013364	2542	0.1921
f3e0595b-e839-4c34-b467-56b303181376	14	104014679	105533894	379	0.1356
f3e0595b-e839-4c34-b467-56b303181376	15	23437561	62488767	21830	0.1487
f3e0595b-e839-4c34-b467-56b303181376	15	62490067	92007333	16871	0.1758
f3e0595b-e839-4c34-b467-56b303181376	15	92009645	101344124	5712	0.1602
f3e0595b-e839-4c34-b467-56b303181376	16	603333	2286393	430	0.1348
f3e0595b-e839-4c34-b467-56b303181376	16	2295387	6152205	2034	0.1949
f3e0595b-e839-4c34-b467-56b303181376	16	6155208	89317317	38443	0.1453
f3e0595b-e839-4c34-b467-56b303181376	17	1074619	72917980	32704	-0.8929
f3e0595b-e839-4c34-b467-56b303181376	17	72918110	72920043	4	-5.3102
f3e0595b-e839-4c34-b467-56b303181376	17	72920192	82959812	3981	-0.9124
f3e0595b-e839-4c34-b467-56b303181376	18	326691	901119	61	0.0427
f3e0595b-e839-4c34-b467-56b303181376	18	901403	24118246	9704	0.1474
f3e0595b-e839-4c34-b467-56b303181376	18	24118500	76090830	30807	0.0002
f3e0595b-e839-4c34-b467-56b303181376	18	76095682	79349796	2026	0.0586
f3e0595b-e839-4c34-b467-56b303181376	19	283868	19354008	7506	0.1943
f3e0595b-e839-4c34-b467-56b303181376	19	19368011	23205038	1111	0.1361
f3e0595b-e839-4c34-b467-56b303181376	19	23210484	23211075	2	-1.283
f3e0595b-e839-4c34-b467-56b303181376	19	23211534	33677727	4579	0.1263
f3e0595b-e839-4c34-b467-56b303181376	19	33681345	58370362	10841	0.1775
f3e0595b-e839-4c34-b467-56b303181376	20	472817	31256075	16832	0.081
f3e0595b-e839-4c34-b467-56b303181376	20	31256170	63588502	20468	0.1479
f3e0595b-e839-4c34-b467-56b303181376	21	13974127	42021503	18440	-0.8871
f3e0595b-e839-4c34-b467-56b303181376	21	42023389	42043554	26	0.2071
f3e0595b-e839-4c34-b467-56b303181376	21	42048495	46262057	1797	-0.9461
f3e0595b-e839-4c34-b467-56b303181376	22	16934932	28943756	4435	0.1563
f3e0595b-e839-4c34-b467-56b303181376	22	28944305	29052004	76	-0.6962
f3e0595b-e839-4c34-b467-56b303181376	22	29052333	29063744	19	0.3246
f3e0595b-e839-4c34-b467-56b303181376	22	29069654	29101579	35	-0.8339
f3e0595b-e839-4c34-b467-56b303181376	22	29107913	30787101	903	0.2019
f3e0595b-e839-4c34-b467-56b303181376	22	30789013	32104071	682	0.1516
f3e0595b-e839-4c34-b467-56b303181376	22	32104276	32104287	2	-1.1609
f3e0595b-e839-4c34-b467-56b303181376	22	32107688	35387420	2837	0.1441
f3e0595b-e839-4c34-b467-56b303181376	22	35389042	48940621	8007	0.192
f3e0595b-e839-4c34-b467-56b303181376	X	3236359	155677414	62955	-0.0062
