GDC_Aliquot	Chromosome	Start	End	Num_Probes	Segment_Mean
6f0290b0-4cb4-4f72-853e-9ac363bd2c3b	1	3301765	4689016	964	-0.2244
6f0290b0-4cb4-4f72-853e-9ac363bd2c3b	1	4690059	11287435	3592	-0.8412
6f0290b0-4cb4-4f72-853e-9ac363bd2c3b	1	11291667	12774437	803	0.1736
6f0290b0-4cb4-4f72-853e-9ac363bd2c3b	1	13468357	35398970	11877	-0.2269
6f0290b0-4cb4-4f72-853e-9ac363bd2c3b	1	35402237	35517621	56	0.4777
6f0290b0-4cb4-4f72-853e-9ac363bd2c3b	1	35520437	41849085	3417	-0.2263
6f0290b0-4cb4-4f72-853e-9ac363bd2c3b	1	41849993	41980636	107	0.4908
6f0290b0-4cb4-4f72-853e-9ac363bd2c3b	1	41983315	44283748	1314	-0.243
6f0290b0-4cb4-4f72-853e-9ac363bd2c3b	1	44285718	44332700	34	0.441
6f0290b0-4cb4-4f72-853e-9ac363bd2c3b	1	44334280	52792104	4108	-0.2362
6f0290b0-4cb4-4f72-853e-9ac363bd2c3b	1	52798260	52896665	41	0.1697
6f0290b0-4cb4-4f72-853e-9ac363bd2c3b	1	52904337	54664069	1120	-0.2256
6f0290b0-4cb4-4f72-853e-9ac363bd2c3b	1	54665273	63459148	6408	0.1831
6f0290b0-4cb4-4f72-853e-9ac363bd2c3b	1	63465485	69850005	4421	-0.8332
6f0290b0-4cb4-4f72-853e-9ac363bd2c3b	1	69853676	71074766	625	0.1742
6f0290b0-4cb4-4f72-853e-9ac363bd2c3b	1	71082050	71201606	45	-0.7083
6f0290b0-4cb4-4f72-853e-9ac363bd2c3b	1	71202198	71612901	204	0.1732
6f0290b0-4cb4-4f72-853e-9ac363bd2c3b	1	71615847	73177309	820	-0.8356
6f0290b0-4cb4-4f72-853e-9ac363bd2c3b	1	73178276	74711223	865	0.1624
6f0290b0-4cb4-4f72-853e-9ac363bd2c3b	1	74738224	74883325	44	-0.1565
6f0290b0-4cb4-4f72-853e-9ac363bd2c3b	1	74883805	75235474	190	0.1987
6f0290b0-4cb4-4f72-853e-9ac363bd2c3b	1	75235996	76165253	645	-0.8437
6f0290b0-4cb4-4f72-853e-9ac363bd2c3b	1	76165597	78733674	1504	-0.237
6f0290b0-4cb4-4f72-853e-9ac363bd2c3b	1	78736615	81571839	1626	-0.8369
6f0290b0-4cb4-4f72-853e-9ac363bd2c3b	1	81573796	81633212	56	-0.3086
6f0290b0-4cb4-4f72-853e-9ac363bd2c3b	1	81635821	82698494	672	-0.8545
6f0290b0-4cb4-4f72-853e-9ac363bd2c3b	1	82699340	83347104	375	0.1728
6f0290b0-4cb4-4f72-853e-9ac363bd2c3b	1	83425612	87787080	2909	-0.8456
6f0290b0-4cb4-4f72-853e-9ac363bd2c3b	1	87787866	87788197	2	-5.171
6f0290b0-4cb4-4f72-853e-9ac363bd2c3b	1	87789839	88160195	288	-0.8698
6f0290b0-4cb4-4f72-853e-9ac363bd2c3b	1	88164091	88164197	3	-4.5881
6f0290b0-4cb4-4f72-853e-9ac363bd2c3b	1	88164827	88702199	358	-0.8655
6f0290b0-4cb4-4f72-853e-9ac363bd2c3b	1	88703552	106398959	10129	-0.2533
6f0290b0-4cb4-4f72-853e-9ac363bd2c3b	1	106402807	106448638	28	0.4842
6f0290b0-4cb4-4f72-853e-9ac363bd2c3b	1	106451602	119519936	8098	-0.2362
6f0290b0-4cb4-4f72-853e-9ac363bd2c3b	1	119520310	119525474	2	-2.3291
6f0290b0-4cb4-4f72-853e-9ac363bd2c3b	1	119526175	119981332	264	-0.2049
6f0290b0-4cb4-4f72-853e-9ac363bd2c3b	1	119984738	247644025	61566	0.474
6f0290b0-4cb4-4f72-853e-9ac363bd2c3b	1	247646986	247650984	4	-0.1906
6f0290b0-4cb4-4f72-853e-9ac363bd2c3b	2	480597	25239416	15862	-0.2642
6f0290b0-4cb4-4f72-853e-9ac363bd2c3b	2	25241002	25798976	272	-2.3291
6f0290b0-4cb4-4f72-853e-9ac363bd2c3b	2	25813167	241537572	115893	-0.1647
6f0290b0-4cb4-4f72-853e-9ac363bd2c3b	3	2170634	84871447	48640	0.5363
6f0290b0-4cb4-4f72-853e-9ac363bd2c3b	3	84874698	188544445	53821	0.5141
6f0290b0-4cb4-4f72-853e-9ac363bd2c3b	3	188545731	197812401	4667	0.5361
6f0290b0-4cb4-4f72-853e-9ac363bd2c3b	4	1059384	29314452	17791	-0.1943
6f0290b0-4cb4-4f72-853e-9ac363bd2c3b	4	29316617	29316627	2	-2.1653
6f0290b0-4cb4-4f72-853e-9ac363bd2c3b	4	29316643	60461594	15939	-0.1972
6f0290b0-4cb4-4f72-853e-9ac363bd2c3b	4	60464276	60465899	2	1.8647
6f0290b0-4cb4-4f72-853e-9ac363bd2c3b	4	60469846	180045420	65909	-0.1919
6f0290b0-4cb4-4f72-853e-9ac363bd2c3b	4	180047278	180132610	49	-0.7443
6f0290b0-4cb4-4f72-853e-9ac363bd2c3b	4	180134463	180175061	34	-1.0732
6f0290b0-4cb4-4f72-853e-9ac363bd2c3b	4	180175234	180209402	49	-0.6884
6f0290b0-4cb4-4f72-853e-9ac363bd2c3b	4	180225002	180489116	213	-0.2352
6f0290b0-4cb4-4f72-853e-9ac363bd2c3b	4	180490265	180599029	119	-0.8645
6f0290b0-4cb4-4f72-853e-9ac363bd2c3b	4	180599549	187842528	3248	-0.1732
6f0290b0-4cb4-4f72-853e-9ac363bd2c3b	5	913983	64071854	33916	-0.284
6f0290b0-4cb4-4f72-853e-9ac363bd2c3b	5	64074822	64689420	307	-2.7147
6f0290b0-4cb4-4f72-853e-9ac363bd2c3b	5	64691888	64693388	2	-1.3632
6f0290b0-4cb4-4f72-853e-9ac363bd2c3b	5	64696799	65468831	409	-0.1744
6f0290b0-4cb4-4f72-853e-9ac363bd2c3b	5	65474519	65496633	9	-3.1432
6f0290b0-4cb4-4f72-853e-9ac363bd2c3b	5	65501481	98485577	17724	-0.1785
6f0290b0-4cb4-4f72-853e-9ac363bd2c3b	5	98485748	98935021	248	-2.5325
6f0290b0-4cb4-4f72-853e-9ac363bd2c3b	5	98938860	107980050	3984	-0.1868
6f0290b0-4cb4-4f72-853e-9ac363bd2c3b	5	107981162	108351915	251	-0.8288
6f0290b0-4cb4-4f72-853e-9ac363bd2c3b	5	108353153	113279009	3166	-0.1789
6f0290b0-4cb4-4f72-853e-9ac363bd2c3b	5	113279535	113320532	27	0.5815
6f0290b0-4cb4-4f72-853e-9ac363bd2c3b	5	113321707	163403665	30369	-0.183
6f0290b0-4cb4-4f72-853e-9ac363bd2c3b	5	163404426	165355597	1166	-0.8975
6f0290b0-4cb4-4f72-853e-9ac363bd2c3b	5	165361432	180934240	9381	-0.1826
6f0290b0-4cb4-4f72-853e-9ac363bd2c3b	6	1011760	129006757	71690	-0.1932
6f0290b0-4cb4-4f72-853e-9ac363bd2c3b	6	129007861	129008008	3	-1.9005
6f0290b0-4cb4-4f72-853e-9ac363bd2c3b	6	129008028	170596889	25326	-0.1927
6f0290b0-4cb4-4f72-853e-9ac363bd2c3b	7	664936	1505238	165	0.3774
6f0290b0-4cb4-4f72-853e-9ac363bd2c3b	7	1512819	1909042	134	0.0468
6f0290b0-4cb4-4f72-853e-9ac363bd2c3b	7	1914665	1967863	19	0.5241
6f0290b0-4cb4-4f72-853e-9ac363bd2c3b	7	1970587	5181044	1445	0.0678
6f0290b0-4cb4-4f72-853e-9ac363bd2c3b	7	5183185	6224349	320	0.3597
6f0290b0-4cb4-4f72-853e-9ac363bd2c3b	7	6224726	38655529	20039	0.0448
6f0290b0-4cb4-4f72-853e-9ac363bd2c3b	7	38666321	39034152	262	0.6618
6f0290b0-4cb4-4f72-853e-9ac363bd2c3b	7	39034180	39374589	226	0.377
6f0290b0-4cb4-4f72-853e-9ac363bd2c3b	7	39383706	40686502	687	0.6572
6f0290b0-4cb4-4f72-853e-9ac363bd2c3b	7	40686979	41177267	338	0.4013
6f0290b0-4cb4-4f72-853e-9ac363bd2c3b	7	41181629	43268714	1113	0.0664
6f0290b0-4cb4-4f72-853e-9ac363bd2c3b	7	43269204	43321409	40	0.4552
6f0290b0-4cb4-4f72-853e-9ac363bd2c3b	7	43324528	45848897	1326	0.6672
6f0290b0-4cb4-4f72-853e-9ac363bd2c3b	7	45849958	77803092	12848	0.3952
6f0290b0-4cb4-4f72-853e-9ac363bd2c3b	7	77805818	91711702	7296	0.4308
6f0290b0-4cb4-4f72-853e-9ac363bd2c3b	7	91716536	158592540	35645	0.406
6f0290b0-4cb4-4f72-853e-9ac363bd2c3b	8	667625	138185737	79680	-0.2018
6f0290b0-4cb4-4f72-853e-9ac363bd2c3b	8	138186362	138186408	2	-2.1728
6f0290b0-4cb4-4f72-853e-9ac363bd2c3b	8	138187424	144182542	2421	-0.1762
6f0290b0-4cb4-4f72-853e-9ac363bd2c3b	9	789794	119056671	57791	-0.1769
6f0290b0-4cb4-4f72-853e-9ac363bd2c3b	9	119057069	119057322	3	-2.0378
6f0290b0-4cb4-4f72-853e-9ac363bd2c3b	9	119059122	122784877	2654	-0.1557
6f0290b0-4cb4-4f72-853e-9ac363bd2c3b	9	122785654	122786304	2	-2.0427
6f0290b0-4cb4-4f72-853e-9ac363bd2c3b	9	122790003	138044505	7950	-0.1624
6f0290b0-4cb4-4f72-853e-9ac363bd2c3b	10	366509	36537700	25153	0.579
6f0290b0-4cb4-4f72-853e-9ac363bd2c3b	10	36539898	115387353	44396	0.5608
6f0290b0-4cb4-4f72-853e-9ac363bd2c3b	10	115388079	133411599	11703	0.5749
6f0290b0-4cb4-4f72-853e-9ac363bd2c3b	11	456012	134272740	77440	-0.1756
6f0290b0-4cb4-4f72-853e-9ac363bd2c3b	12	780472	132605822	74318	0.5547
6f0290b0-4cb4-4f72-853e-9ac363bd2c3b	13	18874255	104201245	50732	0.0198
6f0290b0-4cb4-4f72-853e-9ac363bd2c3b	13	104204657	114226675	6198	0.1278
6f0290b0-4cb4-4f72-853e-9ac363bd2c3b	14	20033191	68738503	27103	-0.1707
6f0290b0-4cb4-4f72-853e-9ac363bd2c3b	14	68738920	68738955	2	-2.5002
6f0290b0-4cb4-4f72-853e-9ac363bd2c3b	14	68739261	105533894	22604	-0.1726
6f0290b0-4cb4-4f72-853e-9ac363bd2c3b	15	23437561	42741831	9694	-0.1809
6f0290b0-4cb4-4f72-853e-9ac363bd2c3b	15	42742783	42746552	3	-2.0066
6f0290b0-4cb4-4f72-853e-9ac363bd2c3b	15	42746743	62624473	12423	-0.1772
6f0290b0-4cb4-4f72-853e-9ac363bd2c3b	15	62624537	62625815	2	-1.9834
6f0290b0-4cb4-4f72-853e-9ac363bd2c3b	15	62626236	101344124	22598	-0.1831
6f0290b0-4cb4-4f72-853e-9ac363bd2c3b	16	603333	89317317	41138	-0.169
6f0290b0-4cb4-4f72-853e-9ac363bd2c3b	17	1074619	82959812	37220	-0.174
6f0290b0-4cb4-4f72-853e-9ac363bd2c3b	18	326691	79349796	42917	-0.1895
6f0290b0-4cb4-4f72-853e-9ac363bd2c3b	19	283868	7178777	1993	-0.1237
6f0290b0-4cb4-4f72-853e-9ac363bd2c3b	19	7178867	7296441	74	0.9776
6f0290b0-4cb4-4f72-853e-9ac363bd2c3b	19	7300044	12241738	2236	-0.1289
6f0290b0-4cb4-4f72-853e-9ac363bd2c3b	19	12243015	15218148	1371	0.5592
6f0290b0-4cb4-4f72-853e-9ac363bd2c3b	19	15222499	31275591	6014	-0.1243
6f0290b0-4cb4-4f72-853e-9ac363bd2c3b	19	31275873	58370362	12443	-0.0812
6f0290b0-4cb4-4f72-853e-9ac363bd2c3b	20	472817	6376801	3553	-0.354
6f0290b0-4cb4-4f72-853e-9ac363bd2c3b	20	6376928	6380138	5	-2.4679
6f0290b0-4cb4-4f72-853e-9ac363bd2c3b	20	6380540	26217263	13365	-0.3534
6f0290b0-4cb4-4f72-853e-9ac363bd2c3b	20	26217295	35071678	1833	0.439
6f0290b0-4cb4-4f72-853e-9ac363bd2c3b	20	35075395	35085654	4	-0.6853
6f0290b0-4cb4-4f72-853e-9ac363bd2c3b	20	35086613	36521307	654	0.4288
6f0290b0-4cb4-4f72-853e-9ac363bd2c3b	20	36523081	37199279	382	0.356
6f0290b0-4cb4-4f72-853e-9ac363bd2c3b	20	37199310	50543407	8713	0.4575
6f0290b0-4cb4-4f72-853e-9ac363bd2c3b	20	50545500	50546005	7	-0.342
6f0290b0-4cb4-4f72-853e-9ac363bd2c3b	20	50546040	54853117	3057	0.4333
6f0290b0-4cb4-4f72-853e-9ac363bd2c3b	20	54854044	55895368	773	0.1404
6f0290b0-4cb4-4f72-853e-9ac363bd2c3b	20	55895397	63588502	5171	0.4719
6f0290b0-4cb4-4f72-853e-9ac363bd2c3b	21	13974127	46262057	20562	-0.2008
6f0290b0-4cb4-4f72-853e-9ac363bd2c3b	22	16934932	35882464	9222	-0.2971
6f0290b0-4cb4-4f72-853e-9ac363bd2c3b	22	35882693	48940621	7835	-0.3446
6f0290b0-4cb4-4f72-853e-9ac363bd2c3b	X	3236359	48195304	20320	-0.1137
6f0290b0-4cb4-4f72-853e-9ac363bd2c3b	X	48195337	54809322	2274	-0.0608
6f0290b0-4cb4-4f72-853e-9ac363bd2c3b	X	54811644	79167605	7107	0.0657
6f0290b0-4cb4-4f72-853e-9ac363bd2c3b	X	79171491	81589626	1217	-0.5513
6f0290b0-4cb4-4f72-853e-9ac363bd2c3b	X	81594692	82821905	538	0.0991
6f0290b0-4cb4-4f72-853e-9ac363bd2c3b	X	82826033	82879258	20	-0.5792
6f0290b0-4cb4-4f72-853e-9ac363bd2c3b	X	82885337	155677414	32400	0.0827
