GDC_Aliquot	Chromosome	Start	End	Num_Probes	Segment_Mean
7293f226-7455-428c-b603-9050a23c9742	1	62920	98588	12	0.0528
7293f226-7455-428c-b603-9050a23c9742	1	98602	16721984	8662	-0.3097
7293f226-7455-428c-b603-9050a23c9742	1	16766762	16935752	69	0.0692
7293f226-7455-428c-b603-9050a23c9742	1	16949746	25256850	5251	-0.2982
7293f226-7455-428c-b603-9050a23c9742	1	25266637	25319693	21	-1.6006
7293f226-7455-428c-b603-9050a23c9742	1	25320198	72303233	28694	-0.2951
7293f226-7455-428c-b603-9050a23c9742	1	72303253	72318471	14	-1.0101
7293f226-7455-428c-b603-9050a23c9742	1	72318487	89009572	10958	-0.2935
7293f226-7455-428c-b603-9050a23c9742	1	89012275	89012522	2	-2.8674
7293f226-7455-428c-b603-9050a23c9742	1	89015841	103616762	9076	-0.2935
7293f226-7455-428c-b603-9050a23c9742	1	103620877	103621165	2	1.6666
7293f226-7455-428c-b603-9050a23c9742	1	103697067	105478759	928	-0.317
7293f226-7455-428c-b603-9050a23c9742	1	105479005	105479753	9	-1.4685
7293f226-7455-428c-b603-9050a23c9742	1	105481433	112147704	4592	-0.2893
7293f226-7455-428c-b603-9050a23c9742	1	112153343	112154375	17	-1.9407
7293f226-7455-428c-b603-9050a23c9742	1	112154390	121601998	5166	-0.2974
7293f226-7455-428c-b603-9050a23c9742	1	121705338	152583051	2442	0.1087
7293f226-7455-428c-b603-9050a23c9742	1	152583230	152613762	31	-1.636
7293f226-7455-428c-b603-9050a23c9742	1	152613802	152784062	165	0.0905
7293f226-7455-428c-b603-9050a23c9742	1	152784298	152795783	36	0.4602
7293f226-7455-428c-b603-9050a23c9742	1	152795805	194479104	27982	0.0875
7293f226-7455-428c-b603-9050a23c9742	1	194482281	194485888	2	-1.6638
7293f226-7455-428c-b603-9050a23c9742	1	194487886	196745743	1450	0.0694
7293f226-7455-428c-b603-9050a23c9742	1	196758720	196769493	5	1.0292
7293f226-7455-428c-b603-9050a23c9742	1	196769506	197788606	556	0.1009
7293f226-7455-428c-b603-9050a23c9742	1	197788716	197799377	4	-1.3311
7293f226-7455-428c-b603-9050a23c9742	1	197800410	209897717	8271	0.0918
7293f226-7455-428c-b603-9050a23c9742	1	209908268	209908720	2	-1.8701
7293f226-7455-428c-b603-9050a23c9742	1	209910639	222193326	8592	0.0757
7293f226-7455-428c-b603-9050a23c9742	1	222201492	222203662	2	-3.2493
7293f226-7455-428c-b603-9050a23c9742	1	222208792	240228440	12537	0.0779
7293f226-7455-428c-b603-9050a23c9742	1	240230715	240230824	5	-1.5118
7293f226-7455-428c-b603-9050a23c9742	1	240230839	248930189	5855	0.079
7293f226-7455-428c-b603-9050a23c9742	2	12784	4158097	2985	-0.2975
7293f226-7455-428c-b603-9050a23c9742	2	4166274	4176429	42	-1.3543
7293f226-7455-428c-b603-9050a23c9742	2	4182472	27756124	16502	-0.2805
7293f226-7455-428c-b603-9050a23c9742	2	27759200	34466002	4528	-0.1448
7293f226-7455-428c-b603-9050a23c9742	2	34474248	34511990	46	0.3849
7293f226-7455-428c-b603-9050a23c9742	2	34512096	42097916	5754	-0.1455
7293f226-7455-428c-b603-9050a23c9742	2	42102189	42102571	2	-1.8774
7293f226-7455-428c-b603-9050a23c9742	2	42108045	42972426	524	-0.1276
7293f226-7455-428c-b603-9050a23c9742	2	42972967	42977972	5	-2.143
7293f226-7455-428c-b603-9050a23c9742	2	42978295	87516129	28787	-0.1408
7293f226-7455-428c-b603-9050a23c9742	2	87516162	87588764	19	-1.1121
7293f226-7455-428c-b603-9050a23c9742	2	87595227	94722160	883	-0.1266
7293f226-7455-428c-b603-9050a23c9742	2	94725843	111312123	9023	-0.2604
7293f226-7455-428c-b603-9050a23c9742	2	111331380	111438656	28	0.4606
7293f226-7455-428c-b603-9050a23c9742	2	111455667	117423119	3481	-0.2623
7293f226-7455-428c-b603-9050a23c9742	2	117423384	117423502	2	-2.7312
7293f226-7455-428c-b603-9050a23c9742	2	117423737	119287958	1344	-0.2711
7293f226-7455-428c-b603-9050a23c9742	2	119288886	119293268	5	-1.8735
7293f226-7455-428c-b603-9050a23c9742	2	119293573	129596666	6509	-0.2757
7293f226-7455-428c-b603-9050a23c9742	2	129597933	129598954	4	-1.5065
7293f226-7455-428c-b603-9050a23c9742	2	129601358	146107511	9834	-0.2667
7293f226-7455-428c-b603-9050a23c9742	2	146107526	146109366	18	-1.166
7293f226-7455-428c-b603-9050a23c9742	2	146120238	183929673	23245	-0.2608
7293f226-7455-428c-b603-9050a23c9742	2	183929787	183937714	16	-1.396
7293f226-7455-428c-b603-9050a23c9742	2	183943862	186928271	1698	-0.2532
7293f226-7455-428c-b603-9050a23c9742	2	186930938	186936827	5	-2.6905
7293f226-7455-428c-b603-9050a23c9742	2	186937417	242147305	34002	-0.2628
7293f226-7455-428c-b603-9050a23c9742	3	20930	6604856	5806	-0.2875
7293f226-7455-428c-b603-9050a23c9742	3	6609441	6611645	23	-1.4623
7293f226-7455-428c-b603-9050a23c9742	3	6613391	75372019	46750	-0.2968
7293f226-7455-428c-b603-9050a23c9742	3	75377956	75496021	49	-2.2967
7293f226-7455-428c-b603-9050a23c9742	3	75496671	75590356	24	-0.9072
7293f226-7455-428c-b603-9050a23c9742	3	75596233	110306077	17589	-0.2924
7293f226-7455-428c-b603-9050a23c9742	3	110306100	110306117	2	-1.9528
7293f226-7455-428c-b603-9050a23c9742	3	110308618	115353841	3068	-0.2881
7293f226-7455-428c-b603-9050a23c9742	3	115358873	115695341	240	-0.5309
7293f226-7455-428c-b603-9050a23c9742	3	115697915	115780731	41	-0.7571
7293f226-7455-428c-b603-9050a23c9742	3	115782102	115971587	127	-1.6432
7293f226-7455-428c-b603-9050a23c9742	3	115972581	116107926	79	-0.696
7293f226-7455-428c-b603-9050a23c9742	3	116114328	116284435	120	-0.9655
7293f226-7455-428c-b603-9050a23c9742	3	116288823	116503703	182	-0.7012
7293f226-7455-428c-b603-9050a23c9742	3	116510764	116567006	55	-1.5883
7293f226-7455-428c-b603-9050a23c9742	3	116568022	116759422	162	-0.5098
7293f226-7455-428c-b603-9050a23c9742	3	116761771	116934642	153	-1.5398
7293f226-7455-428c-b603-9050a23c9742	3	116935054	130044016	7841	-0.2962
7293f226-7455-428c-b603-9050a23c9742	3	130044855	130170943	65	-0.0095
7293f226-7455-428c-b603-9050a23c9742	3	130171554	136413440	4028	-0.2943
7293f226-7455-428c-b603-9050a23c9742	3	136413863	136413881	2	-2.2807
7293f226-7455-428c-b603-9050a23c9742	3	136423577	175362958	23887	-0.2964
7293f226-7455-428c-b603-9050a23c9742	3	175363114	175363437	3	-2.3373
7293f226-7455-428c-b603-9050a23c9742	3	175363536	198169247	14203	-0.2986
7293f226-7455-428c-b603-9050a23c9742	4	68929	9455251	5154	0.3634
7293f226-7455-428c-b603-9050a23c9742	4	9459504	9477699	6	-0.514
7293f226-7455-428c-b603-9050a23c9742	4	9484440	10208766	537	0.3726
7293f226-7455-428c-b603-9050a23c9742	4	10221792	10232642	30	-0.6541
7293f226-7455-428c-b603-9050a23c9742	4	10232984	15833742	4423	0.3474
7293f226-7455-428c-b603-9050a23c9742	4	15834360	15834449	2	1.6167
7293f226-7455-428c-b603-9050a23c9742	4	15834614	34777432	12545	0.3359
7293f226-7455-428c-b603-9050a23c9742	4	34784878	34823103	38	-2.3423
7293f226-7455-428c-b603-9050a23c9742	4	34828250	68395346	19428	0.3388
7293f226-7455-428c-b603-9050a23c9742	4	68416487	68422424	5	-1.283
7293f226-7455-428c-b603-9050a23c9742	4	68429081	68506285	12	0.4098
7293f226-7455-428c-b603-9050a23c9742	4	68509223	68618391	62	0.9862
7293f226-7455-428c-b603-9050a23c9742	4	68620122	91148753	13954	0.343
7293f226-7455-428c-b603-9050a23c9742	4	91152891	91160414	8	-0.3788
7293f226-7455-428c-b603-9050a23c9742	4	91164559	114252544	13704	0.3453
7293f226-7455-428c-b603-9050a23c9742	4	114254167	114261019	23	-1.6729
7293f226-7455-428c-b603-9050a23c9742	4	114263073	137171085	13225	0.3403
7293f226-7455-428c-b603-9050a23c9742	4	137171266	137173818	15	-0.3929
7293f226-7455-428c-b603-9050a23c9742	4	137173967	151868634	8810	0.3447
7293f226-7455-428c-b603-9050a23c9742	4	151870381	151871739	13	-0.7101
7293f226-7455-428c-b603-9050a23c9742	4	151873644	169923329	11571	0.3459
7293f226-7455-428c-b603-9050a23c9742	4	169925229	169925890	2	-1.8157
7293f226-7455-428c-b603-9050a23c9742	4	169926381	172066777	1375	0.345
7293f226-7455-428c-b603-9050a23c9742	4	172067997	172068382	12	-1.812
7293f226-7455-428c-b603-9050a23c9742	4	172074828	176244494	2391	0.3367
7293f226-7455-428c-b603-9050a23c9742	4	176245057	176457195	130	0.1519
7293f226-7455-428c-b603-9050a23c9742	4	176461413	178470288	1370	0.3379
7293f226-7455-428c-b603-9050a23c9742	4	178471191	178471209	3	-0.8269
7293f226-7455-428c-b603-9050a23c9742	4	178474852	179165061	480	0.3258
7293f226-7455-428c-b603-9050a23c9742	4	179172552	179177184	3	-0.4848
7293f226-7455-428c-b603-9050a23c9742	4	179180768	180570476	1070	0.3314
7293f226-7455-428c-b603-9050a23c9742	4	180576171	180861539	212	0.1311
7293f226-7455-428c-b603-9050a23c9742	4	180861945	180905328	34	0.2783
7293f226-7455-428c-b603-9050a23c9742	4	180908539	180984981	50	-0.2989
7293f226-7455-428c-b603-9050a23c9742	4	180987334	181184688	136	-1.8344
7293f226-7455-428c-b603-9050a23c9742	4	181186720	181216168	29	-0.3971
7293f226-7455-428c-b603-9050a23c9742	4	181223571	181442228	205	0.2217
7293f226-7455-428c-b603-9050a23c9742	4	181446916	181536650	85	-0.3683
7293f226-7455-428c-b603-9050a23c9742	4	181540630	181714136	147	0.2134
7293f226-7455-428c-b603-9050a23c9742	4	181716437	181719485	9	-0.286
7293f226-7455-428c-b603-9050a23c9742	4	181719509	182231650	440	-0.7063
7293f226-7455-428c-b603-9050a23c9742	4	182235423	182650187	323	-0.9032
7293f226-7455-428c-b603-9050a23c9742	4	182650253	182651199	2	-3.2322
7293f226-7455-428c-b603-9050a23c9742	4	182651237	182654702	9	-1.1098
7293f226-7455-428c-b603-9050a23c9742	4	182655068	182659999	7	-0.162
7293f226-7455-428c-b603-9050a23c9742	4	182660403	182664524	7	0.0689
7293f226-7455-428c-b603-9050a23c9742	4	182673785	182682618	7	0.6383
7293f226-7455-428c-b603-9050a23c9742	4	182685293	182690400	5	0.1432
7293f226-7455-428c-b603-9050a23c9742	4	182695002	182750815	42	0.6006
7293f226-7455-428c-b603-9050a23c9742	4	182750871	188300104	3725	0.152
7293f226-7455-428c-b603-9050a23c9742	4	188300206	188300221	2	-1.645
7293f226-7455-428c-b603-9050a23c9742	4	188300270	188301659	3	-0.3167
7293f226-7455-428c-b603-9050a23c9742	4	188301899	190036988	1133	0.1845
7293f226-7455-428c-b603-9050a23c9742	4	190046094	190106768	5	-0.6503
7293f226-7455-428c-b603-9050a23c9742	5	15532	685389	305	0.399
7293f226-7455-428c-b603-9050a23c9742	5	685633	731776	15	-0.1217
7293f226-7455-428c-b603-9050a23c9742	5	732788	1325688	272	0.3933
7293f226-7455-428c-b603-9050a23c9742	5	1340343	12815668	9578	-0.3178
7293f226-7455-428c-b603-9050a23c9742	5	12815753	12838421	13	0.7595
7293f226-7455-428c-b603-9050a23c9742	5	12849089	15616864	1888	-0.3015
7293f226-7455-428c-b603-9050a23c9742	5	15618584	15669232	42	0.3728
7293f226-7455-428c-b603-9050a23c9742	5	15670965	16054065	244	-0.2544
7293f226-7455-428c-b603-9050a23c9742	5	16057788	16067901	11	0.5102
7293f226-7455-428c-b603-9050a23c9742	5	16068846	21449167	3314	-0.3168
7293f226-7455-428c-b603-9050a23c9742	5	21451091	21454830	7	-1.0077
7293f226-7455-428c-b603-9050a23c9742	5	21468257	56863100	19266	0.3971
7293f226-7455-428c-b603-9050a23c9742	5	56865960	58025819	744	0.281
7293f226-7455-428c-b603-9050a23c9742	5	58030200	58037089	28	-0.2561
7293f226-7455-428c-b603-9050a23c9742	5	58037128	58336236	235	0.3183
7293f226-7455-428c-b603-9050a23c9742	5	58337540	59247083	725	0.3952
7293f226-7455-428c-b603-9050a23c9742	5	59247223	59613428	310	0.5216
7293f226-7455-428c-b603-9050a23c9742	5	59616225	61235393	863	0.398
7293f226-7455-428c-b603-9050a23c9742	5	61237875	71815851	5454	0.3118
7293f226-7455-428c-b603-9050a23c9742	5	71815952	73944378	1353	0.365
7293f226-7455-428c-b603-9050a23c9742	5	73946178	82122944	5249	0.7823
7293f226-7455-428c-b603-9050a23c9742	5	82123459	82131663	3	-0.1972
7293f226-7455-428c-b603-9050a23c9742	5	82132219	82257996	72	0.7764
7293f226-7455-428c-b603-9050a23c9742	5	82259348	98860533	9276	0.357
7293f226-7455-428c-b603-9050a23c9742	5	98861179	101200222	1303	-0.293
7293f226-7455-428c-b603-9050a23c9742	5	101206410	101251396	41	0.3685
7293f226-7455-428c-b603-9050a23c9742	5	101255000	102062145	567	-0.2991
7293f226-7455-428c-b603-9050a23c9742	5	102062266	102078675	14	0.3217
7293f226-7455-428c-b603-9050a23c9742	5	102084518	105448701	2030	-0.3063
7293f226-7455-428c-b603-9050a23c9742	5	105453745	105881803	217	0.3409
7293f226-7455-428c-b603-9050a23c9742	5	105882445	110067008	2674	-0.2946
7293f226-7455-428c-b603-9050a23c9742	5	110075257	110104544	46	0.3056
7293f226-7455-428c-b603-9050a23c9742	5	110108917	110156906	24	-0.4015
7293f226-7455-428c-b603-9050a23c9742	5	110158513	110592572	241	0.3581
7293f226-7455-428c-b603-9050a23c9742	5	110595787	112940950	1714	-0.3059
7293f226-7455-428c-b603-9050a23c9742	5	112948526	113876628	674	0.3676
7293f226-7455-428c-b603-9050a23c9742	5	113879548	114578907	526	0.7954
7293f226-7455-428c-b603-9050a23c9742	5	114580374	133260028	11911	0.3601
7293f226-7455-428c-b603-9050a23c9742	5	133260410	133916083	607	0.4318
7293f226-7455-428c-b603-9050a23c9742	5	133916642	134393138	250	0.3497
7293f226-7455-428c-b603-9050a23c9742	5	134393373	134522017	65	0.7283
7293f226-7455-428c-b603-9050a23c9742	5	134528909	139789292	3073	0.3634
7293f226-7455-428c-b603-9050a23c9742	5	139798577	139803311	4	-1.2803
7293f226-7455-428c-b603-9050a23c9742	5	139804359	181363319	27490	0.3574
7293f226-7455-428c-b603-9050a23c9742	6	149661	254283	101	-0.2753
7293f226-7455-428c-b603-9050a23c9742	6	257353	381149	101	0.4695
7293f226-7455-428c-b603-9050a23c9742	6	382559	2602123	1810	-0.3043
7293f226-7455-428c-b603-9050a23c9742	6	2603943	2604964	4	-1.9347
7293f226-7455-428c-b603-9050a23c9742	6	2608562	23742789	16158	-0.309
7293f226-7455-428c-b603-9050a23c9742	6	23744444	23745202	2	-1.9145
7293f226-7455-428c-b603-9050a23c9742	6	23747504	29869295	3434	-0.3095
7293f226-7455-428c-b603-9050a23c9742	6	29869410	29881490	16	-1.0323
7293f226-7455-428c-b603-9050a23c9742	6	29882419	31318528	662	-0.2956
7293f226-7455-428c-b603-9050a23c9742	6	31318754	31328176	6	-1.7152
7293f226-7455-428c-b603-9050a23c9742	6	31328210	32486746	503	-0.2994
7293f226-7455-428c-b603-9050a23c9742	6	32488906	32533522	13	0.5272
7293f226-7455-428c-b603-9050a23c9742	6	32540699	32627306	32	-0.1764
7293f226-7455-428c-b603-9050a23c9742	6	32627455	32634330	3	1.1689
7293f226-7455-428c-b603-9050a23c9742	6	32634492	54066286	13675	-0.2996
7293f226-7455-428c-b603-9050a23c9742	6	54066353	54067057	7	-1.2932
7293f226-7455-428c-b603-9050a23c9742	6	54070550	62213920	2970	-0.2972
7293f226-7455-428c-b603-9050a23c9742	6	62215737	62217987	3	-2.3499
7293f226-7455-428c-b603-9050a23c9742	6	62218399	66298393	2352	-0.3082
7293f226-7455-428c-b603-9050a23c9742	6	66299130	66338736	55	-1.811
7293f226-7455-428c-b603-9050a23c9742	6	66339513	71334939	3331	-0.2994
7293f226-7455-428c-b603-9050a23c9742	6	71338212	71338888	4	-1.4536
7293f226-7455-428c-b603-9050a23c9742	6	71343134	76726815	3435	-0.3004
7293f226-7455-428c-b603-9050a23c9742	6	76730151	76758214	23	0.1169
7293f226-7455-428c-b603-9050a23c9742	6	76758749	78253172	974	-0.3127
7293f226-7455-428c-b603-9050a23c9742	6	78259348	78332002	115	0.2363
7293f226-7455-428c-b603-9050a23c9742	6	78332056	103286954	15450	-0.3048
7293f226-7455-428c-b603-9050a23c9742	6	103290101	103314186	46	0.4871
7293f226-7455-428c-b603-9050a23c9742	6	103317795	156915429	34527	-0.3044
7293f226-7455-428c-b603-9050a23c9742	6	156916971	157124865	141	-1.647
7293f226-7455-428c-b603-9050a23c9742	6	157128553	170741917	9417	-0.3049
7293f226-7455-428c-b603-9050a23c9742	7	43355	4283136	2213	0.3533
7293f226-7455-428c-b603-9050a23c9742	7	4292155	6836554	1217	0.2948
7293f226-7455-428c-b603-9050a23c9742	7	6842621	10842707	3216	0.3715
7293f226-7455-428c-b603-9050a23c9742	7	10846842	38148394	20640	0.3411
7293f226-7455-428c-b603-9050a23c9742	7	38152046	39037797	717	0.3773
7293f226-7455-428c-b603-9050a23c9742	7	39037805	39039873	2	-2.4197
7293f226-7455-428c-b603-9050a23c9742	7	39040000	55613061	11542	0.3351
7293f226-7455-428c-b603-9050a23c9742	7	55613605	56494736	351	0.2324
7293f226-7455-428c-b603-9050a23c9742	7	56497004	56908389	175	0.3011
7293f226-7455-428c-b603-9050a23c9742	7	56997653	57016425	4	1.467
7293f226-7455-428c-b603-9050a23c9742	7	57048761	62332999	449	0.3345
7293f226-7455-428c-b603-9050a23c9742	7	62526795	63049159	160	0.825
7293f226-7455-428c-b603-9050a23c9742	7	63049498	63500432	112	0.2586
7293f226-7455-428c-b603-9050a23c9742	7	63510457	63579159	5	-0.6626
7293f226-7455-428c-b603-9050a23c9742	7	63582683	70955452	3778	0.291
7293f226-7455-428c-b603-9050a23c9742	7	70958264	70961155	2	-1.7862
7293f226-7455-428c-b603-9050a23c9742	7	70963257	76865944	2261	0.2956
7293f226-7455-428c-b603-9050a23c9742	7	76866480	88666774	7581	0.3283
7293f226-7455-428c-b603-9050a23c9742	7	88666797	90057510	930	0.391
7293f226-7455-428c-b603-9050a23c9742	7	90057742	97756621	4912	0.3294
7293f226-7455-428c-b603-9050a23c9742	7	97756658	97773163	17	-0.2716
7293f226-7455-428c-b603-9050a23c9742	7	97774928	107136122	4915	0.3277
7293f226-7455-428c-b603-9050a23c9742	7	107136758	107660793	248	0.2158
7293f226-7455-428c-b603-9050a23c9742	7	107664183	134100424	16201	0.3436
7293f226-7455-428c-b603-9050a23c9742	7	134100442	134105690	24	0.9333
7293f226-7455-428c-b603-9050a23c9742	7	134110881	142069843	5203	0.3401
7293f226-7455-428c-b603-9050a23c9742	7	142069880	142090279	29	-0.3107
7293f226-7455-428c-b603-9050a23c9742	7	142090383	144249785	1207	0.3739
7293f226-7455-428c-b603-9050a23c9742	7	144255220	144343967	12	1.0643
7293f226-7455-428c-b603-9050a23c9742	7	144352208	159334314	9641	0.3448
7293f226-7455-428c-b603-9050a23c9742	8	81254	4144670	3696	0.3567
7293f226-7455-428c-b603-9050a23c9742	8	4144685	4144794	3	-1.1149
7293f226-7455-428c-b603-9050a23c9742	8	4145131	4145783	10	0.3132
7293f226-7455-428c-b603-9050a23c9742	8	4145941	4145956	2	-2.1264
7293f226-7455-428c-b603-9050a23c9742	8	4146039	6208942	2922	0.3588
7293f226-7455-428c-b603-9050a23c9742	8	6209399	6209716	10	-0.2219
7293f226-7455-428c-b603-9050a23c9742	8	6209735	7167045	1076	0.3593
7293f226-7455-428c-b603-9050a23c9742	8	7172468	7329110	8	-0.1733
7293f226-7455-428c-b603-9050a23c9742	8	7329124	7396819	22	0.8165
7293f226-7455-428c-b603-9050a23c9742	8	7397588	8007744	33	0.056
7293f226-7455-428c-b603-9050a23c9742	8	8078333	8110806	6	1.0564
7293f226-7455-428c-b603-9050a23c9742	8	8120447	10249860	1804	0.3528
7293f226-7455-428c-b603-9050a23c9742	8	10249872	12383605	1439	0.3945
7293f226-7455-428c-b603-9050a23c9742	8	12383679	13017488	376	0.3236
7293f226-7455-428c-b603-9050a23c9742	8	13022461	13022552	4	-0.4532
7293f226-7455-428c-b603-9050a23c9742	8	13022576	13947026	935	0.3449
7293f226-7455-428c-b603-9050a23c9742	8	13947089	13957826	13	-0.1184
7293f226-7455-428c-b603-9050a23c9742	8	13958557	29865606	12533	0.3459
7293f226-7455-428c-b603-9050a23c9742	8	29866419	39373140	5596	0.3191
7293f226-7455-428c-b603-9050a23c9742	8	39378084	39529446	59	-2.2479
7293f226-7455-428c-b603-9050a23c9742	8	39530780	40914477	1072	0.3372
7293f226-7455-428c-b603-9050a23c9742	8	40920333	40920952	2	-1.404
7293f226-7455-428c-b603-9050a23c9742	8	40926161	46616363	1695	0.3359
7293f226-7455-428c-b603-9050a23c9742	8	46620127	46624924	6	1.1635
7293f226-7455-428c-b603-9050a23c9742	8	46634473	99186731	31891	0.3391
7293f226-7455-428c-b603-9050a23c9742	8	99188231	99190254	2	-1.1584
7293f226-7455-428c-b603-9050a23c9742	8	99191338	111279265	7296	0.3487
7293f226-7455-428c-b603-9050a23c9742	8	111282050	111282973	8	-0.7716
7293f226-7455-428c-b603-9050a23c9742	8	111283016	114619814	1818	0.3446
7293f226-7455-428c-b603-9050a23c9742	8	114622258	114629502	35	-0.2245
7293f226-7455-428c-b603-9050a23c9742	8	114638468	145072769	21051	0.3547
7293f226-7455-428c-b603-9050a23c9742	9	46587	2147099	2310	-0.2802
7293f226-7455-428c-b603-9050a23c9742	9	2148837	2150662	6	-2.435
7293f226-7455-428c-b603-9050a23c9742	9	2152115	6695986	4044	-0.2915
7293f226-7455-428c-b603-9050a23c9742	9	6701145	6708357	7	-1.7845
7293f226-7455-428c-b603-9050a23c9742	9	6712314	12023083	4897	-0.2974
7293f226-7455-428c-b603-9050a23c9742	9	12028523	12164717	102	-0.6278
7293f226-7455-428c-b603-9050a23c9742	9	12164986	39313823	19736	-0.3041
7293f226-7455-428c-b603-9050a23c9742	9	39337296	42798441	204	-0.0693
7293f226-7455-428c-b603-9050a23c9742	9	42800679	61520021	24	-0.4046
7293f226-7455-428c-b603-9050a23c9742	9	61521913	61647899	29	-1.3016
7293f226-7455-428c-b603-9050a23c9742	9	61665362	63580418	38	-0.3983
7293f226-7455-428c-b603-9050a23c9742	9	63590317	68351648	133	-0.0917
7293f226-7455-428c-b603-9050a23c9742	9	68367083	77153789	6493	-0.3089
7293f226-7455-428c-b603-9050a23c9742	9	77154478	77171212	31	0.3922
7293f226-7455-428c-b603-9050a23c9742	9	77171226	104526867	18792	-0.3079
7293f226-7455-428c-b603-9050a23c9742	9	104529126	104530716	2	-2.1013
7293f226-7455-428c-b603-9050a23c9742	9	104531037	129560958	17749	-0.3027
7293f226-7455-428c-b603-9050a23c9742	9	129561772	129564975	2	-2.1707
7293f226-7455-428c-b603-9050a23c9742	9	129571466	138200944	4755	-0.2985
7293f226-7455-428c-b603-9050a23c9742	10	45792	7642557	6640	0.3399
7293f226-7455-428c-b603-9050a23c9742	10	7642863	24086334	12541	0.3125
7293f226-7455-428c-b603-9050a23c9742	10	24088745	24089125	11	1.3819
7293f226-7455-428c-b603-9050a23c9742	10	24089979	36406228	8648	0.3098
7293f226-7455-428c-b603-9050a23c9742	10	36412016	53992663	8469	0.2705
7293f226-7455-428c-b603-9050a23c9742	10	53993065	54133529	123	-0.4063
7293f226-7455-428c-b603-9050a23c9742	10	54136056	54313321	136	0.2305
7293f226-7455-428c-b603-9050a23c9742	10	54313343	54487038	153	0.0793
7293f226-7455-428c-b603-9050a23c9742	10	54490611	54593756	74	-0.0867
7293f226-7455-428c-b603-9050a23c9742	10	54594358	54603291	10	0.1781
7293f226-7455-428c-b603-9050a23c9742	10	54606411	54715150	75	-0.5085
7293f226-7455-428c-b603-9050a23c9742	10	54715911	54758504	37	0.1702
7293f226-7455-428c-b603-9050a23c9742	10	54758835	54784128	20	0.6265
7293f226-7455-428c-b603-9050a23c9742	10	54784391	54874467	64	0.1415
7293f226-7455-428c-b603-9050a23c9742	10	54875109	54920517	22	0.6565
7293f226-7455-428c-b603-9050a23c9742	10	54923330	54932839	6	-0.156
7293f226-7455-428c-b603-9050a23c9742	10	54935658	55033119	60	0.6621
7293f226-7455-428c-b603-9050a23c9742	10	55034127	133654968	53498	0.2651
7293f226-7455-428c-b603-9050a23c9742	11	198510	4946420	2414	-0.3103
7293f226-7455-428c-b603-9050a23c9742	11	4947280	4955042	30	0.3042
7293f226-7455-428c-b603-9050a23c9742	11	4955781	5500921	536	-0.279
7293f226-7455-428c-b603-9050a23c9742	11	5500945	5500967	2	-2.6454
7293f226-7455-428c-b603-9050a23c9742	11	5501180	5766175	243	-0.334
7293f226-7455-428c-b603-9050a23c9742	11	5766850	5787909	32	-2.2422
7293f226-7455-428c-b603-9050a23c9742	11	5788108	24225985	13671	-0.3021
7293f226-7455-428c-b603-9050a23c9742	11	24226014	24226313	4	-2.4009
7293f226-7455-428c-b603-9050a23c9742	11	24229649	32436673	5598	-0.309
7293f226-7455-428c-b603-9050a23c9742	11	32437078	32442206	5	-1.6108
7293f226-7455-428c-b603-9050a23c9742	11	32443362	42940281	7416	-0.3066
7293f226-7455-428c-b603-9050a23c9742	11	42948034	42949618	6	0.6552
7293f226-7455-428c-b603-9050a23c9742	11	42955081	55595864	4451	-0.2917
7293f226-7455-428c-b603-9050a23c9742	11	55606556	55686100	60	0.2799
7293f226-7455-428c-b603-9050a23c9742	11	55693207	66226208	5689	-0.2958
7293f226-7455-428c-b603-9050a23c9742	11	66230101	107367930	26611	-0.1677
7293f226-7455-428c-b603-9050a23c9742	11	107367945	107368402	6	-1.4274
7293f226-7455-428c-b603-9050a23c9742	11	107381636	134731897	19609	-0.1649
7293f226-7455-428c-b603-9050a23c9742	11	134732386	134733052	2	-4.0593
7293f226-7455-428c-b603-9050a23c9742	11	134737977	135060795	270	-0.1617
7293f226-7455-428c-b603-9050a23c9742	11	135062671	135074876	10	-0.4371
7293f226-7455-428c-b603-9050a23c9742	12	51460	9477960	6166	0.3607
7293f226-7455-428c-b603-9050a23c9742	12	9481274	9575696	24	1.3423
7293f226-7455-428c-b603-9050a23c9742	12	9582373	11078856	1039	0.354
7293f226-7455-428c-b603-9050a23c9742	12	11080319	11088933	5	-1.5929
7293f226-7455-428c-b603-9050a23c9742	12	11099275	45510655	21142	0.3397
7293f226-7455-428c-b603-9050a23c9742	12	45512057	45514957	2	1.8041
7293f226-7455-428c-b603-9050a23c9742	12	45515754	52169737	3611	0.3386
7293f226-7455-428c-b603-9050a23c9742	12	52169935	52774378	599	0.416
7293f226-7455-428c-b603-9050a23c9742	12	52775465	75817732	14283	0.3383
7293f226-7455-428c-b603-9050a23c9742	12	75817824	75818804	4	-1.0809
7293f226-7455-428c-b603-9050a23c9742	12	75819499	83769408	5099	0.3359
7293f226-7455-428c-b603-9050a23c9742	12	83769511	83771462	3	-1.198
7293f226-7455-428c-b603-9050a23c9742	12	83771500	128744341	29738	0.3434
7293f226-7455-428c-b603-9050a23c9742	12	128745968	128749443	8	-0.7394
7293f226-7455-428c-b603-9050a23c9742	12	128749494	133201603	3060	0.3554
7293f226-7455-428c-b603-9050a23c9742	13	18452809	18864691	98	-0.0985
7293f226-7455-428c-b603-9050a23c9742	13	18874255	37492341	13339	-0.3084
7293f226-7455-428c-b603-9050a23c9742	13	37492520	37497899	9	-0.0495
7293f226-7455-428c-b603-9050a23c9742	13	37498087	37510620	15	0.5076
7293f226-7455-428c-b603-9050a23c9742	13	37514193	58010656	12949	-0.2956
7293f226-7455-428c-b603-9050a23c9742	13	58016147	58019138	4	-2.7977
7293f226-7455-428c-b603-9050a23c9742	13	58019212	63715183	3415	-0.3009
7293f226-7455-428c-b603-9050a23c9742	13	63727471	63831189	59	0.5137
7293f226-7455-428c-b603-9050a23c9742	13	63845058	114342922	34110	-0.3028
7293f226-7455-428c-b603-9050a23c9742	14	18239283	18662134	20	-0.1264
7293f226-7455-428c-b603-9050a23c9742	14	18674599	18976793	7	0.7455
7293f226-7455-428c-b603-9050a23c9742	14	19011729	19689684	37	-0.1118
7293f226-7455-428c-b603-9050a23c9742	14	19732024	19954424	102	-0.5552
7293f226-7455-428c-b603-9050a23c9742	14	19955213	21782662	1200	-0.3234
7293f226-7455-428c-b603-9050a23c9742	14	21783809	24955530	2166	-0.2595
7293f226-7455-428c-b603-9050a23c9742	14	24956002	25478230	340	-0.3267
7293f226-7455-428c-b603-9050a23c9742	14	25478417	25478686	4	-1.7337
7293f226-7455-428c-b603-9050a23c9742	14	25482109	47226309	13390	-0.297
7293f226-7455-428c-b603-9050a23c9742	14	47226862	47247080	9	-2.6377
7293f226-7455-428c-b603-9050a23c9742	14	47247780	73529070	16898	-0.2922
7293f226-7455-428c-b603-9050a23c9742	14	73534419	73563196	10	0.6462
7293f226-7455-428c-b603-9050a23c9742	14	73563211	105588560	20602	-0.294
7293f226-7455-428c-b603-9050a23c9742	14	105612353	105701150	16	-1.6487
7293f226-7455-428c-b603-9050a23c9742	14	105728140	106120996	117	-0.2523
7293f226-7455-428c-b603-9050a23c9742	14	106121653	106150166	18	-1.2391
7293f226-7455-428c-b603-9050a23c9742	14	106154301	106290131	54	-2.0074
7293f226-7455-428c-b603-9050a23c9742	14	106290365	106321086	21	-1.0519
7293f226-7455-428c-b603-9050a23c9742	14	106340102	106719325	209	-0.2873
7293f226-7455-428c-b603-9050a23c9742	14	106769689	106770361	4	-1.7191
7293f226-7455-428c-b603-9050a23c9742	14	106775945	106877229	68	-0.2528
7293f226-7455-428c-b603-9050a23c9742	15	19811075	20376311	95	0.4256
7293f226-7455-428c-b603-9050a23c9742	15	20380735	22272411	103	0.7581
7293f226-7455-428c-b603-9050a23c9742	15	22278707	101928837	51317	0.3354
7293f226-7455-428c-b603-9050a23c9742	16	10777	5617392	2700	0.3255
7293f226-7455-428c-b603-9050a23c9742	16	5617481	5819649	242	-0.3493
7293f226-7455-428c-b603-9050a23c9742	16	5820605	5822558	3	-1.6689
7293f226-7455-428c-b603-9050a23c9742	16	5822969	6120718	347	-0.4222
7293f226-7455-428c-b603-9050a23c9742	16	6120734	6133266	19	-2.1121
7293f226-7455-428c-b603-9050a23c9742	16	6136395	6307059	187	-0.4028
7293f226-7455-428c-b603-9050a23c9742	16	6310448	6625912	416	0.2869
7293f226-7455-428c-b603-9050a23c9742	16	6626446	7002358	462	-0.3125
7293f226-7455-428c-b603-9050a23c9742	16	7002373	7033036	43	0.3164
7293f226-7455-428c-b603-9050a23c9742	16	7037472	7205802	241	-0.5889
7293f226-7455-428c-b603-9050a23c9742	16	7206605	7386686	212	0.1636
7293f226-7455-428c-b603-9050a23c9742	16	7391343	19933041	8586	0.3304
7293f226-7455-428c-b603-9050a23c9742	16	19934328	19956040	29	-0.5623
7293f226-7455-428c-b603-9050a23c9742	16	19958932	46463450	6969	0.308
7293f226-7455-428c-b603-9050a23c9742	16	46469294	47694191	513	-0.2955
7293f226-7455-428c-b603-9050a23c9742	16	47699230	48155253	225	0.3355
7293f226-7455-428c-b603-9050a23c9742	16	48158622	52686463	3200	-0.3242
7293f226-7455-428c-b603-9050a23c9742	16	52690336	55762682	2512	0.325
7293f226-7455-428c-b603-9050a23c9742	16	55764310	55764867	3	3.2055
7293f226-7455-428c-b603-9050a23c9742	16	55770436	55775554	7	1.1218
7293f226-7455-428c-b603-9050a23c9742	16	55776109	72369388	9735	0.338
7293f226-7455-428c-b603-9050a23c9742	16	72372095	78695441	5024	0.2841
7293f226-7455-428c-b603-9050a23c9742	16	78695459	90096867	10134	0.3215
7293f226-7455-428c-b603-9050a23c9742	17	150733	18461528	11371	-0.3116
7293f226-7455-428c-b603-9050a23c9742	17	18462631	18565883	23	0.2543
7293f226-7455-428c-b603-9050a23c9742	17	18571332	41265456	9367	-0.2865
7293f226-7455-428c-b603-9050a23c9742	17	41266762	41274198	23	0.7158
7293f226-7455-428c-b603-9050a23c9742	17	41274279	46286804	2623	-0.2797
7293f226-7455-428c-b603-9050a23c9742	17	46323701	46571001	6	0.853
7293f226-7455-428c-b603-9050a23c9742	17	46664059	53034620	3665	-0.2997
7293f226-7455-428c-b603-9050a23c9742	17	53035026	53036087	4	-2.4136
7293f226-7455-428c-b603-9050a23c9742	17	53036639	64952808	6848	-0.3061
7293f226-7455-428c-b603-9050a23c9742	17	64957704	65012365	30	0.3351
7293f226-7455-428c-b603-9050a23c9742	17	65018886	83091923	10978	-0.3061
7293f226-7455-428c-b603-9050a23c9742	18	48133	23932633	11908	-0.3004
7293f226-7455-428c-b603-9050a23c9742	18	23933031	23996578	29	0.269
7293f226-7455-428c-b603-9050a23c9742	18	23998024	80257174	38712	-0.299
7293f226-7455-428c-b603-9050a23c9742	19	90910	58586487	29096	0.3033
7293f226-7455-428c-b603-9050a23c9742	20	80664	80671	7	-0.0409
7293f226-7455-428c-b603-9050a23c9742	20	80907	1586808	1198	0.2944
7293f226-7455-428c-b603-9050a23c9742	20	1587007	1591257	20	-0.1352
7293f226-7455-428c-b603-9050a23c9742	20	1591489	1613247	18	-0.785
7293f226-7455-428c-b603-9050a23c9742	20	1617300	26309289	18748	0.2713
7293f226-7455-428c-b603-9050a23c9742	20	26316572	30295239	22	-0.2131
7293f226-7455-428c-b603-9050a23c9742	20	30299006	31812854	301	0.2733
7293f226-7455-428c-b603-9050a23c9742	20	31814699	33352932	863	0.3585
7293f226-7455-428c-b603-9050a23c9742	20	33354441	37198280	1788	0.3073
7293f226-7455-428c-b603-9050a23c9742	20	37198506	63707031	19132	0.3521
7293f226-7455-428c-b603-9050a23c9742	20	63711343	64324800	247	0.307
7293f226-7455-428c-b603-9050a23c9742	21	10354168	10388383	5	0.164
7293f226-7455-428c-b603-9050a23c9742	21	10388521	10541081	29	-0.4913
7293f226-7455-428c-b603-9050a23c9742	21	10544664	13850551	258	0.2492
7293f226-7455-428c-b603-9050a23c9742	21	13883107	13883478	2	-1.5125
7293f226-7455-428c-b603-9050a23c9742	21	13913132	16791237	1946	0.2982
7293f226-7455-428c-b603-9050a23c9742	21	16794264	33827576	12454	0.2748
7293f226-7455-428c-b603-9050a23c9742	21	33827632	46677045	9137	0.2999
7293f226-7455-428c-b603-9050a23c9742	22	15294547	15474116	8	0.1789
7293f226-7455-428c-b603-9050a23c9742	22	15479574	22398127	3443	-0.2913
7293f226-7455-428c-b603-9050a23c9742	22	22398345	22398545	4	0.8262
7293f226-7455-428c-b603-9050a23c9742	22	22402989	23929558	917	-0.2863
7293f226-7455-428c-b603-9050a23c9742	22	23940911	23989773	16	0.2536
7293f226-7455-428c-b603-9050a23c9742	22	23990431	28927735	3971	-0.3017
7293f226-7455-428c-b603-9050a23c9742	22	28929935	29063744	109	-1.5482
7293f226-7455-428c-b603-9050a23c9742	22	29069654	50528603	14609	-0.3063
7293f226-7455-428c-b603-9050a23c9742	22	50534679	50534687	5	-2.5273
7293f226-7455-428c-b603-9050a23c9742	22	50535325	50796027	143	-0.295
7293f226-7455-428c-b603-9050a23c9742	X	251810	115684075	59920	-0.0121
7293f226-7455-428c-b603-9050a23c9742	X	115686981	115687125	2	-3.3289
7293f226-7455-428c-b603-9050a23c9742	X	115690491	155699647	23532	0.0021
7293f226-7455-428c-b603-9050a23c9742	X	155699837	155952689	19	-0.8578
7293f226-7455-428c-b603-9050a23c9742	Y	2782397	11819797	2470	-0.6746
7293f226-7455-428c-b603-9050a23c9742	Y	11820401	12077271	118	-2.0291
7293f226-7455-428c-b603-9050a23c9742	Y	12077856	16052022	2013	-0.7273
7293f226-7455-428c-b603-9050a23c9742	Y	16054579	21284707	1537	-2.0762
7293f226-7455-428c-b603-9050a23c9742	Y	21292176	21961640	203	-0.7538
7293f226-7455-428c-b603-9050a23c9742	Y	22159306	22197200	5	-2.0625
7293f226-7455-428c-b603-9050a23c9742	Y	22213784	23013519	94	-0.6506
7293f226-7455-428c-b603-9050a23c9742	Y	23014812	23029591	2	-3.1016
7293f226-7455-428c-b603-9050a23c9742	Y	23045484	56872112	198	-0.7016
