GDC_Aliquot	Chromosome	Start	End	Num_Probes	Segment_Mean
fcb181fe-de38-4d26-846a-00c718238ecd	1	3301765	19816649	9238	-0.3202
fcb181fe-de38-4d26-846a-00c718238ecd	1	19817650	19817839	2	-4.4005
fcb181fe-de38-4d26-846a-00c718238ecd	1	19818487	100328865	46971	-0.287
fcb181fe-de38-4d26-846a-00c718238ecd	1	100330328	100330564	2	-4.5118
fcb181fe-de38-4d26-846a-00c718238ecd	1	100332480	106859479	3444	-0.297
fcb181fe-de38-4d26-846a-00c718238ecd	1	106859534	106860580	6	-1.6716
fcb181fe-de38-4d26-846a-00c718238ecd	1	106860607	109278685	1344	-0.2998
fcb181fe-de38-4d26-846a-00c718238ecd	1	109279544	171619443	20239	-0.264
fcb181fe-de38-4d26-846a-00c718238ecd	1	171622049	171644974	25	-0.8881
fcb181fe-de38-4d26-846a-00c718238ecd	1	171645543	173749868	1339	-0.2465
fcb181fe-de38-4d26-846a-00c718238ecd	1	173753406	199980575	15562	-0.2993
fcb181fe-de38-4d26-846a-00c718238ecd	1	199981355	200022882	27	-0.9041
fcb181fe-de38-4d26-846a-00c718238ecd	1	200028275	202063180	1414	-0.3311
fcb181fe-de38-4d26-846a-00c718238ecd	1	202063378	202088056	13	-1.3387
fcb181fe-de38-4d26-846a-00c718238ecd	1	202088366	203222776	681	-0.3144
fcb181fe-de38-4d26-846a-00c718238ecd	1	203226561	203293672	44	0.5969
fcb181fe-de38-4d26-846a-00c718238ecd	1	203294284	205013715	1222	-0.2276
fcb181fe-de38-4d26-846a-00c718238ecd	1	205014051	205014246	2	-2.5957
fcb181fe-de38-4d26-846a-00c718238ecd	1	205014630	223686543	12331	-0.2834
fcb181fe-de38-4d26-846a-00c718238ecd	1	223686561	223728830	38	0.219
fcb181fe-de38-4d26-846a-00c718238ecd	1	223731516	235345880	7285	-0.2947
fcb181fe-de38-4d26-846a-00c718238ecd	1	235354102	245430866	6895	-0.3377
fcb181fe-de38-4d26-846a-00c718238ecd	1	245436209	245930755	382	-3.6403
fcb181fe-de38-4d26-846a-00c718238ecd	1	245941074	247650984	489	-0.3095
fcb181fe-de38-4d26-846a-00c718238ecd	2	480597	28362289	17242	-0.2755
fcb181fe-de38-4d26-846a-00c718238ecd	2	28372375	28679163	201	0.5985
fcb181fe-de38-4d26-846a-00c718238ecd	2	28680862	103158977	36977	-0.2698
fcb181fe-de38-4d26-846a-00c718238ecd	2	103163459	103163604	2	-3.4218
fcb181fe-de38-4d26-846a-00c718238ecd	2	103163758	111858909	4430	-0.2679
fcb181fe-de38-4d26-846a-00c718238ecd	2	111865911	111897665	16	0.524
fcb181fe-de38-4d26-846a-00c718238ecd	2	111900694	136236348	12163	-0.2956
fcb181fe-de38-4d26-846a-00c718238ecd	2	136240598	136362752	92	-0.9372
fcb181fe-de38-4d26-846a-00c718238ecd	2	136362807	195540981	32974	-0.2836
fcb181fe-de38-4d26-846a-00c718238ecd	2	195544628	195562336	7	-1.8037
fcb181fe-de38-4d26-846a-00c718238ecd	2	195564459	200625031	2924	-0.2854
fcb181fe-de38-4d26-846a-00c718238ecd	2	200625536	200714020	73	0.7338
fcb181fe-de38-4d26-846a-00c718238ecd	2	200715917	200850707	96	0.436
fcb181fe-de38-4d26-846a-00c718238ecd	2	200851605	224650765	14374	-0.2937
fcb181fe-de38-4d26-846a-00c718238ecd	2	224650810	224651368	4	-3.6641
fcb181fe-de38-4d26-846a-00c718238ecd	2	224651751	241537572	9940	-0.2869
fcb181fe-de38-4d26-846a-00c718238ecd	3	2170634	115924430	63084	0.1723
fcb181fe-de38-4d26-846a-00c718238ecd	3	115925520	116095094	104	-0.3673
fcb181fe-de38-4d26-846a-00c718238ecd	3	116095533	116612285	400	0.1345
fcb181fe-de38-4d26-846a-00c718238ecd	3	116616667	116621543	3	-1.8693
fcb181fe-de38-4d26-846a-00c718238ecd	3	116622080	116845438	203	-1.0899
fcb181fe-de38-4d26-846a-00c718238ecd	3	116848809	116854145	6	-1.9462
fcb181fe-de38-4d26-846a-00c718238ecd	3	116854969	116887989	21	-3.5394
fcb181fe-de38-4d26-846a-00c718238ecd	3	116890745	116912596	18	-0.9914
fcb181fe-de38-4d26-846a-00c718238ecd	3	116914094	138860173	12441	0.1904
fcb181fe-de38-4d26-846a-00c718238ecd	3	138860208	138903216	31	-0.3327
fcb181fe-de38-4d26-846a-00c718238ecd	3	138910321	152595640	7333	0.1964
fcb181fe-de38-4d26-846a-00c718238ecd	3	152596428	169103286	8194	0.1495
fcb181fe-de38-4d26-846a-00c718238ecd	3	169104280	174446076	2909	0.1824
fcb181fe-de38-4d26-846a-00c718238ecd	3	174456704	174836135	224	-0.4359
fcb181fe-de38-4d26-846a-00c718238ecd	3	174839858	174922478	64	-1.0926
fcb181fe-de38-4d26-846a-00c718238ecd	3	174927526	175108799	118	-0.4005
fcb181fe-de38-4d26-846a-00c718238ecd	3	175108971	188212725	6758	0.1675
fcb181fe-de38-4d26-846a-00c718238ecd	3	188213864	188215573	2	-2.0505
fcb181fe-de38-4d26-846a-00c718238ecd	3	188217061	197812401	4883	0.1901
fcb181fe-de38-4d26-846a-00c718238ecd	4	1059384	56763170	31412	0.1511
fcb181fe-de38-4d26-846a-00c718238ecd	4	56766659	56894110	85	-0.1551
fcb181fe-de38-4d26-846a-00c718238ecd	4	56896918	180604429	68386	0.1518
fcb181fe-de38-4d26-846a-00c718238ecd	4	181157671	181192278	31	-0.93
fcb181fe-de38-4d26-846a-00c718238ecd	4	181192467	181276794	66	-0.2071
fcb181fe-de38-4d26-846a-00c718238ecd	4	181276820	181293647	12	-0.6276
fcb181fe-de38-4d26-846a-00c718238ecd	4	181293762	181556233	227	0.0821
fcb181fe-de38-4d26-846a-00c718238ecd	4	181559073	181661032	38	-0.5261
fcb181fe-de38-4d26-846a-00c718238ecd	4	181661536	183429733	873	0.0926
fcb181fe-de38-4d26-846a-00c718238ecd	4	183434571	187823060	1972	0.1853
fcb181fe-de38-4d26-846a-00c718238ecd	4	187823573	187842528	13	-0.1665
fcb181fe-de38-4d26-846a-00c718238ecd	5	913983	1340343	73	0.4218
fcb181fe-de38-4d26-846a-00c718238ecd	5	1344240	1349896	3	-0.1588
fcb181fe-de38-4d26-846a-00c718238ecd	5	1350479	1375862	18	-0.7747
fcb181fe-de38-4d26-846a-00c718238ecd	5	1375932	2004094	108	-0.2746
fcb181fe-de38-4d26-846a-00c718238ecd	5	2006665	2583912	507	0.553
fcb181fe-de38-4d26-846a-00c718238ecd	5	2586578	7806084	4203	-0.3202
fcb181fe-de38-4d26-846a-00c718238ecd	5	7812332	9627996	1433	0.5448
fcb181fe-de38-4d26-846a-00c718238ecd	5	9630922	9890650	209	1.0449
fcb181fe-de38-4d26-846a-00c718238ecd	5	9891089	10148369	226	0.541
fcb181fe-de38-4d26-846a-00c718238ecd	5	10150128	11738540	1005	-0.3459
fcb181fe-de38-4d26-846a-00c718238ecd	5	11743459	12035881	189	0.5166
fcb181fe-de38-4d26-846a-00c718238ecd	5	12041508	12042135	2	-0.9896
fcb181fe-de38-4d26-846a-00c718238ecd	5	12045529	14883327	1694	0.5412
fcb181fe-de38-4d26-846a-00c718238ecd	5	14883583	32550151	9313	0.4951
fcb181fe-de38-4d26-846a-00c718238ecd	5	32560518	118050709	43741	0.5337
fcb181fe-de38-4d26-846a-00c718238ecd	5	118050779	118050792	2	2.9638
fcb181fe-de38-4d26-846a-00c718238ecd	5	118050908	133810182	9077	0.5204
fcb181fe-de38-4d26-846a-00c718238ecd	5	133810351	133841611	35	0.6889
fcb181fe-de38-4d26-846a-00c718238ecd	5	133841999	133998189	119	1.0052
fcb181fe-de38-4d26-846a-00c718238ecd	5	133998297	134001920	5	1.6426
fcb181fe-de38-4d26-846a-00c718238ecd	5	134014976	134080567	43	0.8241
fcb181fe-de38-4d26-846a-00c718238ecd	5	134081557	134445896	184	0.5212
fcb181fe-de38-4d26-846a-00c718238ecd	5	134445927	134479782	25	0.8542
fcb181fe-de38-4d26-846a-00c718238ecd	5	134487387	134588854	68	1.202
fcb181fe-de38-4d26-846a-00c718238ecd	5	134589614	134709754	35	0.794
fcb181fe-de38-4d26-846a-00c718238ecd	5	134710057	139635904	2865	0.5107
fcb181fe-de38-4d26-846a-00c718238ecd	5	139640337	142164048	1170	0.6017
fcb181fe-de38-4d26-846a-00c718238ecd	5	142169603	149340524	4754	0.529
fcb181fe-de38-4d26-846a-00c718238ecd	5	149342284	149429287	62	0.8693
fcb181fe-de38-4d26-846a-00c718238ecd	5	149430738	158263947	5809	0.5189
fcb181fe-de38-4d26-846a-00c718238ecd	5	158264824	159117539	579	0.6608
fcb181fe-de38-4d26-846a-00c718238ecd	5	159117927	169691811	6920	0.5124
fcb181fe-de38-4d26-846a-00c718238ecd	5	169693203	169736782	39	0.9265
fcb181fe-de38-4d26-846a-00c718238ecd	5	169736846	172596603	1812	0.5594
fcb181fe-de38-4d26-846a-00c718238ecd	5	172599283	172613362	23	0.9201
fcb181fe-de38-4d26-846a-00c718238ecd	5	172620520	172805019	60	1.2344
fcb181fe-de38-4d26-846a-00c718238ecd	5	172805618	172833384	24	0.9814
fcb181fe-de38-4d26-846a-00c718238ecd	5	172833414	172854938	22	0.6332
fcb181fe-de38-4d26-846a-00c718238ecd	5	172856080	172872176	21	0.9897
fcb181fe-de38-4d26-846a-00c718238ecd	5	172875406	173609783	459	0.5472
fcb181fe-de38-4d26-846a-00c718238ecd	5	173611846	173801323	183	1.1488
fcb181fe-de38-4d26-846a-00c718238ecd	5	173803614	173834594	35	0.6419
fcb181fe-de38-4d26-846a-00c718238ecd	5	173840292	173853602	15	0.2553
fcb181fe-de38-4d26-846a-00c718238ecd	5	173855779	173986275	84	0.6698
fcb181fe-de38-4d26-846a-00c718238ecd	5	173990742	174371051	316	-0.3294
fcb181fe-de38-4d26-846a-00c718238ecd	5	174371382	180934240	3166	0.5146
fcb181fe-de38-4d26-846a-00c718238ecd	6	1011760	7023421	4454	-0.2943
fcb181fe-de38-4d26-846a-00c718238ecd	6	7023516	7033433	4	-3.3544
fcb181fe-de38-4d26-846a-00c718238ecd	6	7033598	25051801	12504	-0.3256
fcb181fe-de38-4d26-846a-00c718238ecd	6	25052423	29575996	1743	-0.2363
fcb181fe-de38-4d26-846a-00c718238ecd	6	29594073	38649140	3782	-0.3049
fcb181fe-de38-4d26-846a-00c718238ecd	6	38649944	38655224	6	-1.8129
fcb181fe-de38-4d26-846a-00c718238ecd	6	38655769	44215021	3584	-0.3131
fcb181fe-de38-4d26-846a-00c718238ecd	6	44217820	44272028	24	0.3199
fcb181fe-de38-4d26-846a-00c718238ecd	6	44272456	46874796	1511	-0.263
fcb181fe-de38-4d26-846a-00c718238ecd	6	46875154	51951886	2988	-0.3398
fcb181fe-de38-4d26-846a-00c718238ecd	6	51953792	53045921	726	-0.2555
fcb181fe-de38-4d26-846a-00c718238ecd	6	53049715	53364630	216	0.5591
fcb181fe-de38-4d26-846a-00c718238ecd	6	53366010	170596889	65141	-0.3254
fcb181fe-de38-4d26-846a-00c718238ecd	7	664936	13919847	6234	0.4739
fcb181fe-de38-4d26-846a-00c718238ecd	7	13919916	13922500	8	-0.5293
fcb181fe-de38-4d26-846a-00c718238ecd	7	13922539	25240840	7037	0.491
fcb181fe-de38-4d26-846a-00c718238ecd	7	25241491	28183574	1936	0.552
fcb181fe-de38-4d26-846a-00c718238ecd	7	28189423	64999173	18721	0.4959
fcb181fe-de38-4d26-846a-00c718238ecd	7	64999952	69572035	1892	0.3511
fcb181fe-de38-4d26-846a-00c718238ecd	7	69573665	70793296	726	0.4807
fcb181fe-de38-4d26-846a-00c718238ecd	7	70795063	76033910	1766	0.3666
fcb181fe-de38-4d26-846a-00c718238ecd	7	76038717	97687985	11433	0.4874
fcb181fe-de38-4d26-846a-00c718238ecd	7	97688105	97975053	133	0.4225
fcb181fe-de38-4d26-846a-00c718238ecd	7	97975256	98015259	17	-0.2357
fcb181fe-de38-4d26-846a-00c718238ecd	7	98015811	104979116	3063	0.4241
fcb181fe-de38-4d26-846a-00c718238ecd	7	104980743	109953301	2827	0.4883
fcb181fe-de38-4d26-846a-00c718238ecd	7	109954956	110196032	140	0.0316
fcb181fe-de38-4d26-846a-00c718238ecd	7	110196675	113147865	1251	0.4953
fcb181fe-de38-4d26-846a-00c718238ecd	7	113149599	127683911	8016	0.4658
fcb181fe-de38-4d26-846a-00c718238ecd	7	127685343	128108948	219	0.6304
fcb181fe-de38-4d26-846a-00c718238ecd	7	128109217	130392704	1005	0.4431
fcb181fe-de38-4d26-846a-00c718238ecd	7	130400369	130844594	168	0.5265
fcb181fe-de38-4d26-846a-00c718238ecd	7	130846005	130951778	76	0.7824
fcb181fe-de38-4d26-846a-00c718238ecd	7	130955852	138079821	4563	0.5137
fcb181fe-de38-4d26-846a-00c718238ecd	7	138079847	138832951	398	0.3117
fcb181fe-de38-4d26-846a-00c718238ecd	7	138833230	148938124	5229	0.4755
fcb181fe-de38-4d26-846a-00c718238ecd	7	148940673	148940698	2	-1.6398
fcb181fe-de38-4d26-846a-00c718238ecd	7	148945913	152525468	1604	0.4808
fcb181fe-de38-4d26-846a-00c718238ecd	7	152531653	152710996	92	0.2221
fcb181fe-de38-4d26-846a-00c718238ecd	7	152717787	158592540	3120	0.4881
fcb181fe-de38-4d26-846a-00c718238ecd	8	667625	1772924	533	0.5356
fcb181fe-de38-4d26-846a-00c718238ecd	8	1775778	2126170	216	1.0356
fcb181fe-de38-4d26-846a-00c718238ecd	8	2130652	6755219	2278	0.545
fcb181fe-de38-4d26-846a-00c718238ecd	8	6755315	18680466	6745	0.4946
fcb181fe-de38-4d26-846a-00c718238ecd	8	18680585	22070842	2705	0.5396
fcb181fe-de38-4d26-846a-00c718238ecd	8	22073168	22172310	33	1.0133
fcb181fe-de38-4d26-846a-00c718238ecd	8	22175912	25520456	2022	0.5296
fcb181fe-de38-4d26-846a-00c718238ecd	8	25530064	25559684	37	0.1225
fcb181fe-de38-4d26-846a-00c718238ecd	8	25559833	26063378	363	0.546
fcb181fe-de38-4d26-846a-00c718238ecd	8	26063451	27603912	1138	0.4678
fcb181fe-de38-4d26-846a-00c718238ecd	8	27606101	28549111	710	0.5597
fcb181fe-de38-4d26-846a-00c718238ecd	8	28551648	28584065	23	1.0987
fcb181fe-de38-4d26-846a-00c718238ecd	8	28584581	103128197	40441	0.4991
fcb181fe-de38-4d26-846a-00c718238ecd	8	103128465	103184625	52	1.2209
fcb181fe-de38-4d26-846a-00c718238ecd	8	103188463	144182542	24647	0.4989
fcb181fe-de38-4d26-846a-00c718238ecd	9	789794	18779535	11239	0.2074
fcb181fe-de38-4d26-846a-00c718238ecd	9	18779708	19011248	260	0.794
fcb181fe-de38-4d26-846a-00c718238ecd	9	19013051	19076896	48	0.1941
fcb181fe-de38-4d26-846a-00c718238ecd	9	19080331	19131880	43	-1.0529
fcb181fe-de38-4d26-846a-00c718238ecd	9	19131936	19218835	76	-0.0585
fcb181fe-de38-4d26-846a-00c718238ecd	9	19224327	21952149	1930	0.212
fcb181fe-de38-4d26-846a-00c718238ecd	9	21954954	21963431	9	-0.1435
fcb181fe-de38-4d26-846a-00c718238ecd	9	21976871	21989073	9	0.9116
fcb181fe-de38-4d26-846a-00c718238ecd	9	21991753	22004832	22	0.3899
fcb181fe-de38-4d26-846a-00c718238ecd	9	22004847	22005395	9	0.9094
fcb181fe-de38-4d26-846a-00c718238ecd	9	22009961	82086480	19412	0.1854
fcb181fe-de38-4d26-846a-00c718238ecd	9	82095231	82159865	25	-0.0868
fcb181fe-de38-4d26-846a-00c718238ecd	9	82162147	82175094	9	-0.7073
fcb181fe-de38-4d26-846a-00c718238ecd	9	82180317	82226134	21	-0.2245
fcb181fe-de38-4d26-846a-00c718238ecd	9	82228672	92992448	7223	0.1955
fcb181fe-de38-4d26-846a-00c718238ecd	9	93002667	93043925	21	-0.5769
fcb181fe-de38-4d26-846a-00c718238ecd	9	93044083	111568495	12168	0.1865
fcb181fe-de38-4d26-846a-00c718238ecd	9	111570485	111660557	70	0.9346
fcb181fe-de38-4d26-846a-00c718238ecd	9	111661153	111821751	86	0.1639
fcb181fe-de38-4d26-846a-00c718238ecd	9	111821828	112007794	137	0.8286
fcb181fe-de38-4d26-846a-00c718238ecd	9	112010230	127783671	10388	0.209
fcb181fe-de38-4d26-846a-00c718238ecd	9	127783771	127988610	91	0.8633
fcb181fe-de38-4d26-846a-00c718238ecd	9	127988883	128058205	46	0.4964
fcb181fe-de38-4d26-846a-00c718238ecd	9	128060540	128162247	61	1.0966
fcb181fe-de38-4d26-846a-00c718238ecd	9	128163308	130755332	1228	0.1572
fcb181fe-de38-4d26-846a-00c718238ecd	9	130758120	130781389	26	0.3335
fcb181fe-de38-4d26-846a-00c718238ecd	9	130781406	130786557	17	0.8358
fcb181fe-de38-4d26-846a-00c718238ecd	9	130788377	130795616	11	0.4123
fcb181fe-de38-4d26-846a-00c718238ecd	9	130795679	130819978	30	-0.003
fcb181fe-de38-4d26-846a-00c718238ecd	9	130819994	130872332	81	0.4851
fcb181fe-de38-4d26-846a-00c718238ecd	9	130872347	131376670	288	0.0721
fcb181fe-de38-4d26-846a-00c718238ecd	9	131381288	131383392	2	-2.1239
fcb181fe-de38-4d26-846a-00c718238ecd	9	131396628	136093588	2652	0.2163
fcb181fe-de38-4d26-846a-00c718238ecd	9	136099968	136444175	68	0.8042
fcb181fe-de38-4d26-846a-00c718238ecd	9	136447127	138044505	429	0.1831
fcb181fe-de38-4d26-846a-00c718238ecd	10	366509	6004046	3627	-0.2794
fcb181fe-de38-4d26-846a-00c718238ecd	10	6006055	6021785	11	-1.3093
fcb181fe-de38-4d26-846a-00c718238ecd	10	6022147	12723565	5037	-0.3081
fcb181fe-de38-4d26-846a-00c718238ecd	10	12726791	13065320	316	0.5066
fcb181fe-de38-4d26-846a-00c718238ecd	10	13071731	34040064	14558	-0.3364
fcb181fe-de38-4d26-846a-00c718238ecd	10	34040267	34040517	2	-3.3082
fcb181fe-de38-4d26-846a-00c718238ecd	10	34044343	67368213	16095	-0.3062
fcb181fe-de38-4d26-846a-00c718238ecd	10	67370212	67374289	4	-2.4188
fcb181fe-de38-4d26-846a-00c718238ecd	10	67375112	68397525	513	-0.2931
fcb181fe-de38-4d26-846a-00c718238ecd	10	68400096	68400317	2	1.9135
fcb181fe-de38-4d26-846a-00c718238ecd	10	68408221	69435858	595	-0.3651
fcb181fe-de38-4d26-846a-00c718238ecd	10	69437219	69439138	2	-5.3611
fcb181fe-de38-4d26-846a-00c718238ecd	10	69439238	72026549	1861	-0.3359
fcb181fe-de38-4d26-846a-00c718238ecd	10	72027422	72052718	27	0.3762
fcb181fe-de38-4d26-846a-00c718238ecd	10	72055169	103209201	18536	-0.2904
fcb181fe-de38-4d26-846a-00c718238ecd	10	103218112	103379979	59	0.2845
fcb181fe-de38-4d26-846a-00c718238ecd	10	103385185	133411599	19603	-0.3103
fcb181fe-de38-4d26-846a-00c718238ecd	11	456012	2185096	461	0.4934
fcb181fe-de38-4d26-846a-00c718238ecd	11	2187816	9160672	4245	-0.2806
fcb181fe-de38-4d26-846a-00c718238ecd	11	9162206	9163530	3	-2.833
fcb181fe-de38-4d26-846a-00c718238ecd	11	9165962	47433211	24883	-0.3048
fcb181fe-de38-4d26-846a-00c718238ecd	11	47449829	47454849	4	-2.429
fcb181fe-de38-4d26-846a-00c718238ecd	11	47454976	68769366	6268	-0.311
fcb181fe-de38-4d26-846a-00c718238ecd	11	68769371	71406613	1491	-0.4072
fcb181fe-de38-4d26-846a-00c718238ecd	11	71406669	75733560	2148	-0.2859
fcb181fe-de38-4d26-846a-00c718238ecd	11	75734353	75735224	2	-4.043
fcb181fe-de38-4d26-846a-00c718238ecd	11	75735453	134272740	37640	-0.3029
fcb181fe-de38-4d26-846a-00c718238ecd	12	780472	12486875	6473	0.5523
fcb181fe-de38-4d26-846a-00c718238ecd	12	12488435	12592939	79	0.8121
fcb181fe-de38-4d26-846a-00c718238ecd	12	12593651	29610199	10686	0.5354
fcb181fe-de38-4d26-846a-00c718238ecd	12	29613943	29677354	59	0.0506
fcb181fe-de38-4d26-846a-00c718238ecd	12	29677719	46357530	6495	0.5056
fcb181fe-de38-4d26-846a-00c718238ecd	12	46359614	48419535	1204	0.5997
fcb181fe-de38-4d26-846a-00c718238ecd	12	48423315	52021848	1687	0.5004
fcb181fe-de38-4d26-846a-00c718238ecd	12	52024880	52071883	23	1.0952
fcb181fe-de38-4d26-846a-00c718238ecd	12	52076325	52165380	78	0.3725
fcb181fe-de38-4d26-846a-00c718238ecd	12	52165526	52250959	73	0.8384
fcb181fe-de38-4d26-846a-00c718238ecd	12	52251402	53164528	538	0.5073
fcb181fe-de38-4d26-846a-00c718238ecd	12	53188725	53244722	48	1.1314
fcb181fe-de38-4d26-846a-00c718238ecd	12	53248472	109771427	34573	0.5165
fcb181fe-de38-4d26-846a-00c718238ecd	12	109777106	112576658	1292	0.403
fcb181fe-de38-4d26-846a-00c718238ecd	12	112577848	114657253	1269	0.5151
fcb181fe-de38-4d26-846a-00c718238ecd	12	114660445	114705482	20	1.0033
fcb181fe-de38-4d26-846a-00c718238ecd	12	114706648	115272843	375	0.5784
fcb181fe-de38-4d26-846a-00c718238ecd	12	115273929	115295187	44	0.1841
fcb181fe-de38-4d26-846a-00c718238ecd	12	115296917	116355518	846	0.5721
fcb181fe-de38-4d26-846a-00c718238ecd	12	116358546	117211380	452	0.475
fcb181fe-de38-4d26-846a-00c718238ecd	12	117212362	117212934	3	-1.2654
fcb181fe-de38-4d26-846a-00c718238ecd	12	117213068	118146312	746	0.4318
fcb181fe-de38-4d26-846a-00c718238ecd	12	118149854	120886614	1566	0.5196
fcb181fe-de38-4d26-846a-00c718238ecd	12	120892283	123939544	1272	0.4239
fcb181fe-de38-4d26-846a-00c718238ecd	12	123941926	124029388	59	0.7125
fcb181fe-de38-4d26-846a-00c718238ecd	12	124030545	124472607	278	0.4984
fcb181fe-de38-4d26-846a-00c718238ecd	12	124479013	124723953	162	0.6419
fcb181fe-de38-4d26-846a-00c718238ecd	12	124729524	124995888	186	1.1357
fcb181fe-de38-4d26-846a-00c718238ecd	12	124998766	132605822	3496	0.5038
fcb181fe-de38-4d26-846a-00c718238ecd	13	18874255	23146224	2144	-0.4162
fcb181fe-de38-4d26-846a-00c718238ecd	13	23147201	23147633	2	-3.4806
fcb181fe-de38-4d26-846a-00c718238ecd	13	23148653	46865269	15479	-0.388
fcb181fe-de38-4d26-846a-00c718238ecd	13	46870281	47718757	623	-1.0701
fcb181fe-de38-4d26-846a-00c718238ecd	13	47718906	47746803	11	-2.5756
fcb181fe-de38-4d26-846a-00c718238ecd	13	47746909	49567443	1168	-0.9774
fcb181fe-de38-4d26-846a-00c718238ecd	13	49567762	49568327	3	-6.3922
fcb181fe-de38-4d26-846a-00c718238ecd	13	49568328	52201827	781	-1.0881
fcb181fe-de38-4d26-846a-00c718238ecd	13	52204119	54138296	1018	-0.4134
fcb181fe-de38-4d26-846a-00c718238ecd	13	54144779	55464118	515	-1.0143
fcb181fe-de38-4d26-846a-00c718238ecd	13	55465456	57479530	733	-0.4025
fcb181fe-de38-4d26-846a-00c718238ecd	13	57483107	69271349	5915	-1.0493
fcb181fe-de38-4d26-846a-00c718238ecd	13	69272639	71206373	1068	-0.3941
fcb181fe-de38-4d26-846a-00c718238ecd	13	71206879	77584731	4278	-1.0573
fcb181fe-de38-4d26-846a-00c718238ecd	13	77587833	78137311	333	-0.3968
fcb181fe-de38-4d26-846a-00c718238ecd	13	78137579	81082244	1868	-1.0427
fcb181fe-de38-4d26-846a-00c718238ecd	13	81082943	82106388	585	-0.3803
fcb181fe-de38-4d26-846a-00c718238ecd	13	82108545	82841175	389	-1.0193
fcb181fe-de38-4d26-846a-00c718238ecd	13	82845123	82845200	2	-3.3559
fcb181fe-de38-4d26-846a-00c718238ecd	13	82845336	84013518	615	-1.0422
fcb181fe-de38-4d26-846a-00c718238ecd	13	84014503	84015658	3	-3.2977
fcb181fe-de38-4d26-846a-00c718238ecd	13	84017064	86775192	1574	-1.0657
fcb181fe-de38-4d26-846a-00c718238ecd	13	86776017	113609404	17352	-0.4042
fcb181fe-de38-4d26-846a-00c718238ecd	13	113610162	113630057	15	-1.5328
fcb181fe-de38-4d26-846a-00c718238ecd	13	113630459	114226675	118	-0.4246
fcb181fe-de38-4d26-846a-00c718238ecd	14	20033191	22670570	907	-0.2904
fcb181fe-de38-4d26-846a-00c718238ecd	14	22796272	22815090	19	-1.0573
fcb181fe-de38-4d26-846a-00c718238ecd	14	22820396	69581975	26514	-0.2953
fcb181fe-de38-4d26-846a-00c718238ecd	14	69585707	69610948	15	0.4539
fcb181fe-de38-4d26-846a-00c718238ecd	14	69612924	69631637	12	0.8796
fcb181fe-de38-4d26-846a-00c718238ecd	14	69635308	93122681	14698	-0.3153
fcb181fe-de38-4d26-846a-00c718238ecd	14	93128083	93178240	18	-1.117
fcb181fe-de38-4d26-846a-00c718238ecd	14	93178684	102299146	6110	-0.3047
fcb181fe-de38-4d26-846a-00c718238ecd	14	102299887	102756339	201	0.4196
fcb181fe-de38-4d26-846a-00c718238ecd	14	102757707	105533894	993	-0.3342
fcb181fe-de38-4d26-846a-00c718238ecd	15	23437561	31040248	2848	-0.2884
fcb181fe-de38-4d26-846a-00c718238ecd	15	31044193	31051683	12	-1.1581
fcb181fe-de38-4d26-846a-00c718238ecd	15	31051739	40592863	5777	-0.2623
fcb181fe-de38-4d26-846a-00c718238ecd	15	40592909	40594355	3	-3.7059
fcb181fe-de38-4d26-846a-00c718238ecd	15	40597409	48541601	4068	-0.271
fcb181fe-de38-4d26-846a-00c718238ecd	15	48543738	48544156	2	-3.3044
fcb181fe-de38-4d26-846a-00c718238ecd	15	48546320	56614224	5051	-0.2702
fcb181fe-de38-4d26-846a-00c718238ecd	15	56614612	57078221	204	0.5707
fcb181fe-de38-4d26-846a-00c718238ecd	15	57078852	57129157	22	-0.3773
fcb181fe-de38-4d26-846a-00c718238ecd	15	57129821	57557836	185	0.5127
fcb181fe-de38-4d26-846a-00c718238ecd	15	57567077	88510325	18550	-0.2705
fcb181fe-de38-4d26-846a-00c718238ecd	15	88525555	88752496	128	0.5632
fcb181fe-de38-4d26-846a-00c718238ecd	15	88757985	101344124	7685	-0.2696
fcb181fe-de38-4d26-846a-00c718238ecd	16	603333	2198436	407	0.4649
fcb181fe-de38-4d26-846a-00c718238ecd	16	2200206	2541212	116	1.0036
fcb181fe-de38-4d26-846a-00c718238ecd	16	2544037	4125358	682	0.4823
fcb181fe-de38-4d26-846a-00c718238ecd	16	4127527	4170461	43	0.0013
fcb181fe-de38-4d26-846a-00c718238ecd	16	4204915	55357720	18631	0.4963
fcb181fe-de38-4d26-846a-00c718238ecd	16	55358004	56670002	897	0.636
fcb181fe-de38-4d26-846a-00c718238ecd	16	56671957	64925147	5117	0.5025
fcb181fe-de38-4d26-846a-00c718238ecd	16	64928618	66577446	1262	0.5775
fcb181fe-de38-4d26-846a-00c718238ecd	16	66581930	67286115	296	0.4751
fcb181fe-de38-4d26-846a-00c718238ecd	16	67288940	67652219	147	0.9935
fcb181fe-de38-4d26-846a-00c718238ecd	16	67671627	71178773	1336	0.4549
fcb181fe-de38-4d26-846a-00c718238ecd	16	71182102	74073878	1779	0.5508
fcb181fe-de38-4d26-846a-00c718238ecd	16	74073978	78898517	3319	0.4767
fcb181fe-de38-4d26-846a-00c718238ecd	16	78898727	79030297	129	0.0997
fcb181fe-de38-4d26-846a-00c718238ecd	16	79030315	89317317	6885	0.5444
fcb181fe-de38-4d26-846a-00c718238ecd	17	1074619	57242276	23965	-0.3009
fcb181fe-de38-4d26-846a-00c718238ecd	17	57245236	58009305	557	-0.1564
fcb181fe-de38-4d26-846a-00c718238ecd	17	58009902	66322239	3976	-0.2923
fcb181fe-de38-4d26-846a-00c718238ecd	17	66322341	66747476	263	-1.09
fcb181fe-de38-4d26-846a-00c718238ecd	17	66748195	67041623	248	-0.4101
fcb181fe-de38-4d26-846a-00c718238ecd	17	67041789	72364187	3513	-0.293
fcb181fe-de38-4d26-846a-00c718238ecd	17	72366438	72917980	446	-0.4286
fcb181fe-de38-4d26-846a-00c718238ecd	17	72918110	72919109	2	-5.8424
fcb181fe-de38-4d26-846a-00c718238ecd	17	72919985	73709088	525	-0.3779
fcb181fe-de38-4d26-846a-00c718238ecd	17	73709754	73710564	2	-4.1036
fcb181fe-de38-4d26-846a-00c718238ecd	17	73710901	75815541	549	-0.3377
fcb181fe-de38-4d26-846a-00c718238ecd	17	75816090	76210259	163	0.4883
fcb181fe-de38-4d26-846a-00c718238ecd	17	76287454	82959812	2771	-0.3435
fcb181fe-de38-4d26-846a-00c718238ecd	18	326691	9862825	5436	-0.2939
fcb181fe-de38-4d26-846a-00c718238ecd	18	9862909	9877793	11	0.666
fcb181fe-de38-4d26-846a-00c718238ecd	18	9878673	51126182	21307	-0.2936
fcb181fe-de38-4d26-846a-00c718238ecd	18	51129626	51223126	59	-0.7386
fcb181fe-de38-4d26-846a-00c718238ecd	18	51223763	79349796	15950	-0.2971
fcb181fe-de38-4d26-846a-00c718238ecd	19	283868	784559	87	0.4978
fcb181fe-de38-4d26-846a-00c718238ecd	19	788101	1107161	69	1.0578
fcb181fe-de38-4d26-846a-00c718238ecd	19	1118034	1346632	37	0.4154
fcb181fe-de38-4d26-846a-00c718238ecd	19	1357303	1382577	12	1.1172
fcb181fe-de38-4d26-846a-00c718238ecd	19	1383259	1846112	84	0.38
fcb181fe-de38-4d26-846a-00c718238ecd	19	1867913	2064620	53	1.0499
fcb181fe-de38-4d26-846a-00c718238ecd	19	2084161	3333023	393	0.4741
fcb181fe-de38-4d26-846a-00c718238ecd	19	3333279	3390314	18	1.097
fcb181fe-de38-4d26-846a-00c718238ecd	19	3396996	4805732	284	0.4801
fcb181fe-de38-4d26-846a-00c718238ecd	19	4806497	4979732	64	0.9468
fcb181fe-de38-4d26-846a-00c718238ecd	19	4982010	7350826	971	0.4834
fcb181fe-de38-4d26-846a-00c718238ecd	19	7359234	7704680	129	0.9751
fcb181fe-de38-4d26-846a-00c718238ecd	19	7706856	23284198	6460	0.4575
fcb181fe-de38-4d26-846a-00c718238ecd	19	23285900	30180208	2231	0.5227
fcb181fe-de38-4d26-846a-00c718238ecd	19	30181176	30202384	5	-1.0084
fcb181fe-de38-4d26-846a-00c718238ecd	19	30202546	32048263	1321	0.5655
fcb181fe-de38-4d26-846a-00c718238ecd	19	32048896	41639476	5036	0.4699
fcb181fe-de38-4d26-846a-00c718238ecd	19	41640236	44192104	913	0.5867
fcb181fe-de38-4d26-846a-00c718238ecd	19	44192766	44215425	14	1.1607
fcb181fe-de38-4d26-846a-00c718238ecd	19	44215572	44281083	42	0.297
fcb181fe-de38-4d26-846a-00c718238ecd	19	44281582	44505925	138	0.6706
fcb181fe-de38-4d26-846a-00c718238ecd	19	44506064	55849525	4351	0.4922
fcb181fe-de38-4d26-846a-00c718238ecd	19	55854471	58062191	1180	0.6088
fcb181fe-de38-4d26-846a-00c718238ecd	19	58063446	58370362	185	0.4812
fcb181fe-de38-4d26-846a-00c718238ecd	20	472817	5942233	3252	0.5568
fcb181fe-de38-4d26-846a-00c718238ecd	20	5942577	5943113	2	-1.7471
fcb181fe-de38-4d26-846a-00c718238ecd	20	5945386	6020203	48	0.4502
fcb181fe-de38-4d26-846a-00c718238ecd	20	6024384	6081994	38	0.1581
fcb181fe-de38-4d26-846a-00c718238ecd	20	6082266	19850519	9646	0.556
fcb181fe-de38-4d26-846a-00c718238ecd	20	19850623	19926754	66	0.2625
fcb181fe-de38-4d26-846a-00c718238ecd	20	19927131	36611663	6364	0.5474
fcb181fe-de38-4d26-846a-00c718238ecd	20	36615916	36772896	56	0.2336
fcb181fe-de38-4d26-846a-00c718238ecd	20	36776105	36871655	38	0.7939
fcb181fe-de38-4d26-846a-00c718238ecd	20	36871748	37090162	190	0.2593
fcb181fe-de38-4d26-846a-00c718238ecd	20	37090176	37602180	276	0.4705
fcb181fe-de38-4d26-846a-00c718238ecd	20	37604643	51898971	9410	-0.2791
fcb181fe-de38-4d26-846a-00c718238ecd	20	51900973	51908110	9	-2.5414
fcb181fe-de38-4d26-846a-00c718238ecd	20	51911233	63588502	7994	-0.2991
fcb181fe-de38-4d26-846a-00c718238ecd	21	13974127	24705302	6565	-0.2951
fcb181fe-de38-4d26-846a-00c718238ecd	21	24705457	24706843	3	-2.2966
fcb181fe-de38-4d26-846a-00c718238ecd	21	24708914	31616819	4715	-0.301
fcb181fe-de38-4d26-846a-00c718238ecd	21	31617193	31687276	37	-1.1823
fcb181fe-de38-4d26-846a-00c718238ecd	21	31694711	41460614	6858	-0.2935
fcb181fe-de38-4d26-846a-00c718238ecd	21	41460711	41463567	2	-2.8737
fcb181fe-de38-4d26-846a-00c718238ecd	21	41464802	46262057	2310	-0.3063
fcb181fe-de38-4d26-846a-00c718238ecd	22	16934932	18086778	713	-0.3286
fcb181fe-de38-4d26-846a-00c718238ecd	22	18087409	18131162	51	0.6111
fcb181fe-de38-4d26-846a-00c718238ecd	22	21741482	28821166	3576	-0.2985
fcb181fe-de38-4d26-846a-00c718238ecd	22	28821870	29002835	125	-1.05
fcb181fe-de38-4d26-846a-00c718238ecd	22	29004527	44147456	8989	-0.3044
fcb181fe-de38-4d26-846a-00c718238ecd	22	44148148	44148469	3	-4.4488
fcb181fe-de38-4d26-846a-00c718238ecd	22	44148780	48940621	3489	-0.326
fcb181fe-de38-4d26-846a-00c718238ecd	X	3236359	69193578	26261	-0.0003
fcb181fe-de38-4d26-846a-00c718238ecd	X	69193808	69195010	3	2.9153
fcb181fe-de38-4d26-846a-00c718238ecd	X	69195851	69656604	258	0.1308
fcb181fe-de38-4d26-846a-00c718238ecd	X	69658414	96679585	9886	-0.0544
fcb181fe-de38-4d26-846a-00c718238ecd	X	96681999	103826818	3554	-0.0059
fcb181fe-de38-4d26-846a-00c718238ecd	X	103827498	103837435	14	0.8873
fcb181fe-de38-4d26-846a-00c718238ecd	X	103837519	140596552	16944	-0.0068
fcb181fe-de38-4d26-846a-00c718238ecd	X	140596658	140597218	2	4.2217
fcb181fe-de38-4d26-846a-00c718238ecd	X	140597908	153434224	6285	0.0167
fcb181fe-de38-4d26-846a-00c718238ecd	X	153434261	153500561	33	1.0164
fcb181fe-de38-4d26-846a-00c718238ecd	X	153505167	155677414	354	0.03
