GDC_Aliquot	Chromosome	Start	End	Num_Probes	Segment_Mean
4af0c84b-1bc8-4dc8-bb84-423346eba2d6	1	3301765	55101604	27653	-0.0012
4af0c84b-1bc8-4dc8-bb84-423346eba2d6	1	55101737	149906351	40132	-0.1237
4af0c84b-1bc8-4dc8-bb84-423346eba2d6	1	149907993	167647601	10775	0.0157
4af0c84b-1bc8-4dc8-bb84-423346eba2d6	1	167648462	167648512	2	-1.7877
4af0c84b-1bc8-4dc8-bb84-423346eba2d6	1	167650096	204706513	22835	0.0113
4af0c84b-1bc8-4dc8-bb84-423346eba2d6	1	204708203	229199673	15585	-0.0157
4af0c84b-1bc8-4dc8-bb84-423346eba2d6	1	229199943	247650984	12114	0.0179
4af0c84b-1bc8-4dc8-bb84-423346eba2d6	2	480597	94675975	50529	-0.0041
4af0c84b-1bc8-4dc8-bb84-423346eba2d6	2	94680914	167911352	38610	0.2049
4af0c84b-1bc8-4dc8-bb84-423346eba2d6	2	167912147	234596780	38346	0.0942
4af0c84b-1bc8-4dc8-bb84-423346eba2d6	2	234597219	234597242	2	-4.0595
4af0c84b-1bc8-4dc8-bb84-423346eba2d6	2	234600712	241537572	4131	0.1014
4af0c84b-1bc8-4dc8-bb84-423346eba2d6	3	2170634	2204555	27	0.0578
4af0c84b-1bc8-4dc8-bb84-423346eba2d6	3	2204875	94015345	50981	-0.0992
4af0c84b-1bc8-4dc8-bb84-423346eba2d6	3	94015827	116758198	12604	0.0974
4af0c84b-1bc8-4dc8-bb84-423346eba2d6	3	116759282	117019549	217	-0.2011
4af0c84b-1bc8-4dc8-bb84-423346eba2d6	3	117021777	174569624	30852	0.0947
4af0c84b-1bc8-4dc8-bb84-423346eba2d6	3	174571077	174685310	95	-0.2454
4af0c84b-1bc8-4dc8-bb84-423346eba2d6	3	174685977	197812401	11895	0.0953
4af0c84b-1bc8-4dc8-bb84-423346eba2d6	4	1059384	122361442	68022	0.0062
4af0c84b-1bc8-4dc8-bb84-423346eba2d6	4	122364394	123509639	598	-0.1463
4af0c84b-1bc8-4dc8-bb84-423346eba2d6	4	123509708	181157743	31157	0.0049
4af0c84b-1bc8-4dc8-bb84-423346eba2d6	4	181158385	181769507	493	-0.2103
4af0c84b-1bc8-4dc8-bb84-423346eba2d6	4	181769676	187842528	2734	0.0076
4af0c84b-1bc8-4dc8-bb84-423346eba2d6	5	914118	180934240	100602	0.0033
4af0c84b-1bc8-4dc8-bb84-423346eba2d6	6	1011760	170596889	96708	-0.0011
4af0c84b-1bc8-4dc8-bb84-423346eba2d6	7	664936	56576994	33350	0.0116
4af0c84b-1bc8-4dc8-bb84-423346eba2d6	7	56579748	57185111	76	0.4867
4af0c84b-1bc8-4dc8-bb84-423346eba2d6	7	57854817	120145722	27460	0.0125
4af0c84b-1bc8-4dc8-bb84-423346eba2d6	7	120145730	120146231	2	-2.5001
4af0c84b-1bc8-4dc8-bb84-423346eba2d6	7	120148103	158592540	20691	0.0119
4af0c84b-1bc8-4dc8-bb84-423346eba2d6	8	667625	93282504	51284	0.0051
4af0c84b-1bc8-4dc8-bb84-423346eba2d6	8	93282541	93282545	2	-4.5762
4af0c84b-1bc8-4dc8-bb84-423346eba2d6	8	93283252	144182542	30547	0.0037
4af0c84b-1bc8-4dc8-bb84-423346eba2d6	9	789794	21547378	13363	0.0053
4af0c84b-1bc8-4dc8-bb84-423346eba2d6	9	21548214	22596164	597	-0.2478
4af0c84b-1bc8-4dc8-bb84-423346eba2d6	9	22596379	138044505	54201	0.005
4af0c84b-1bc8-4dc8-bb84-423346eba2d6	10	366509	133411599	80919	0.0025
4af0c84b-1bc8-4dc8-bb84-423346eba2d6	11	456012	16994204	10169	-0.0018
4af0c84b-1bc8-4dc8-bb84-423346eba2d6	11	16996237	16997297	2	-2.8376
4af0c84b-1bc8-4dc8-bb84-423346eba2d6	11	16997330	17960516	648	-0.0038
4af0c84b-1bc8-4dc8-bb84-423346eba2d6	11	17960640	17964998	2	2.0466
4af0c84b-1bc8-4dc8-bb84-423346eba2d6	11	17968348	79936923	31314	0.0042
4af0c84b-1bc8-4dc8-bb84-423346eba2d6	11	79937336	80799777	649	-0.1219
4af0c84b-1bc8-4dc8-bb84-423346eba2d6	11	80804102	90318290	5470	-0.0027
4af0c84b-1bc8-4dc8-bb84-423346eba2d6	11	90321163	93997532	2169	0.1241
4af0c84b-1bc8-4dc8-bb84-423346eba2d6	11	94000085	94000312	2	-1.5667
4af0c84b-1bc8-4dc8-bb84-423346eba2d6	11	94001914	107356685	8638	0.1235
4af0c84b-1bc8-4dc8-bb84-423346eba2d6	11	107356743	134272740	18161	0.0041
4af0c84b-1bc8-4dc8-bb84-423346eba2d6	12	780472	132605822	73996	0.0038
4af0c84b-1bc8-4dc8-bb84-423346eba2d6	13	18874255	73458064	30958	-0.0986
4af0c84b-1bc8-4dc8-bb84-423346eba2d6	13	73458598	73465854	2	-4.3062
4af0c84b-1bc8-4dc8-bb84-423346eba2d6	13	73468484	107516642	21536	-0.0946
4af0c84b-1bc8-4dc8-bb84-423346eba2d6	13	107516712	107518023	3	-1.8794
4af0c84b-1bc8-4dc8-bb84-423346eba2d6	13	107518089	114226675	4162	-0.1027
4af0c84b-1bc8-4dc8-bb84-423346eba2d6	14	20033191	105533894	49512	0.0042
4af0c84b-1bc8-4dc8-bb84-423346eba2d6	15	23437561	101344124	44577	0.0008
4af0c84b-1bc8-4dc8-bb84-423346eba2d6	16	603333	31841585	13959	0.1206
4af0c84b-1bc8-4dc8-bb84-423346eba2d6	16	46470502	89317317	27035	0.0055
4af0c84b-1bc8-4dc8-bb84-423346eba2d6	17	1074619	82959812	37100	-0.0024
4af0c84b-1bc8-4dc8-bb84-423346eba2d6	18	326691	3731708	1458	0.1013
4af0c84b-1bc8-4dc8-bb84-423346eba2d6	18	3733246	5693935	1370	-0.102
4af0c84b-1bc8-4dc8-bb84-423346eba2d6	18	5694119	9775569	2521	0.0058
4af0c84b-1bc8-4dc8-bb84-423346eba2d6	18	9779573	21109102	2883	0.0959
4af0c84b-1bc8-4dc8-bb84-423346eba2d6	18	21109786	28889341	4635	-0.1349
4af0c84b-1bc8-4dc8-bb84-423346eba2d6	18	28891202	29108709	112	0.1264
4af0c84b-1bc8-4dc8-bb84-423346eba2d6	18	29110837	30525043	816	-0.1094
4af0c84b-1bc8-4dc8-bb84-423346eba2d6	18	30527583	32357113	1170	0.1027
4af0c84b-1bc8-4dc8-bb84-423346eba2d6	18	32360487	52762421	12883	-0.123
4af0c84b-1bc8-4dc8-bb84-423346eba2d6	18	52764962	52768791	8	-1.3369
4af0c84b-1bc8-4dc8-bb84-423346eba2d6	18	52770578	79349796	14885	-0.1266
4af0c84b-1bc8-4dc8-bb84-423346eba2d6	19	283868	58370362	24067	-0.0029
4af0c84b-1bc8-4dc8-bb84-423346eba2d6	20	472817	15981044	9724	-0.0024
4af0c84b-1bc8-4dc8-bb84-423346eba2d6	20	15985274	15988235	3	2.008
4af0c84b-1bc8-4dc8-bb84-423346eba2d6	20	15988345	36490851	9603	0.0004
4af0c84b-1bc8-4dc8-bb84-423346eba2d6	20	36491940	36495678	2	1.8948
4af0c84b-1bc8-4dc8-bb84-423346eba2d6	20	36496706	63588502	18035	0.0035
4af0c84b-1bc8-4dc8-bb84-423346eba2d6	21	13974127	46262057	20492	-0.1021
4af0c84b-1bc8-4dc8-bb84-423346eba2d6	22	16934932	18112195	745	-0.1479
4af0c84b-1bc8-4dc8-bb84-423346eba2d6	22	18112586	18113523	2	-1.8553
4af0c84b-1bc8-4dc8-bb84-423346eba2d6	22	18114442	21744398	23	-0.1792
4af0c84b-1bc8-4dc8-bb84-423346eba2d6	22	21747003	26942160	2175	0.0874
4af0c84b-1bc8-4dc8-bb84-423346eba2d6	22	26942988	46770292	12279	-0.1305
4af0c84b-1bc8-4dc8-bb84-423346eba2d6	22	46771969	46773318	2	-2.0964
4af0c84b-1bc8-4dc8-bb84-423346eba2d6	22	46773373	48940621	1772	-0.1452
4af0c84b-1bc8-4dc8-bb84-423346eba2d6	X	3236359	40143549	16586	-0.0162
4af0c84b-1bc8-4dc8-bb84-423346eba2d6	X	40149889	42820221	1148	0.1307
4af0c84b-1bc8-4dc8-bb84-423346eba2d6	X	42820773	43368440	153	0.2986
4af0c84b-1bc8-4dc8-bb84-423346eba2d6	X	43371735	50770027	3310	0.1201
4af0c84b-1bc8-4dc8-bb84-423346eba2d6	X	50772588	50774301	3	-1.4161
4af0c84b-1bc8-4dc8-bb84-423346eba2d6	X	50774547	54884293	1354	0.1818
4af0c84b-1bc8-4dc8-bb84-423346eba2d6	X	54884306	155677414	41114	-0.0111
