GDC_Aliquot	Chromosome	Start	End	Num_Probes	Segment_Mean
0aac83d9-dfb0-4aa8-9fc4-b12acef7fdee	1	3301765	247650984	128715	-0.1667
0aac83d9-dfb0-4aa8-9fc4-b12acef7fdee	2	480597	241537572	131105	-0.1465
0aac83d9-dfb0-4aa8-9fc4-b12acef7fdee	3	2170634	130149891	71007	-0.1679
0aac83d9-dfb0-4aa8-9fc4-b12acef7fdee	3	130152692	139553128	5268	0.31
0aac83d9-dfb0-4aa8-9fc4-b12acef7fdee	3	139554075	175214913	18518	0.502
0aac83d9-dfb0-4aa8-9fc4-b12acef7fdee	3	175215438	176054456	165	0.195
0aac83d9-dfb0-4aa8-9fc4-b12acef7fdee	3	176055600	197812401	11355	0.4882
0aac83d9-dfb0-4aa8-9fc4-b12acef7fdee	4	1059384	133477111	73296	-0.1586
0aac83d9-dfb0-4aa8-9fc4-b12acef7fdee	4	133480780	133483488	2	-2.4712
0aac83d9-dfb0-4aa8-9fc4-b12acef7fdee	4	133484360	187842528	29248	-0.1491
0aac83d9-dfb0-4aa8-9fc4-b12acef7fdee	5	913983	170583783	94781	0.4968
0aac83d9-dfb0-4aa8-9fc4-b12acef7fdee	5	170585822	170588200	3	-1.3656
0aac83d9-dfb0-4aa8-9fc4-b12acef7fdee	5	170590660	180934240	5536	0.4638
0aac83d9-dfb0-4aa8-9fc4-b12acef7fdee	6	1011760	170596889	96336	-0.1631
0aac83d9-dfb0-4aa8-9fc4-b12acef7fdee	7	664936	7127996	2299	0.4355
0aac83d9-dfb0-4aa8-9fc4-b12acef7fdee	7	7128062	55669924	30652	0.4954
0aac83d9-dfb0-4aa8-9fc4-b12acef7fdee	7	55673408	73563534	4563	0.4462
0aac83d9-dfb0-4aa8-9fc4-b12acef7fdee	7	73563568	76417007	804	0.3561
0aac83d9-dfb0-4aa8-9fc4-b12acef7fdee	7	76420672	77725973	363	0.4402
0aac83d9-dfb0-4aa8-9fc4-b12acef7fdee	7	77728096	97873828	10993	0.5048
0aac83d9-dfb0-4aa8-9fc4-b12acef7fdee	7	97882049	102806782	1744	0.4012
0aac83d9-dfb0-4aa8-9fc4-b12acef7fdee	7	102807005	158592540	29951	0.4887
0aac83d9-dfb0-4aa8-9fc4-b12acef7fdee	8	667625	50634581	26760	-0.183
0aac83d9-dfb0-4aa8-9fc4-b12acef7fdee	8	50637285	138290237	52397	-0.1596
0aac83d9-dfb0-4aa8-9fc4-b12acef7fdee	8	138291592	144182542	2330	-0.1869
0aac83d9-dfb0-4aa8-9fc4-b12acef7fdee	9	789794	31195001	18691	-0.1553
0aac83d9-dfb0-4aa8-9fc4-b12acef7fdee	9	31196130	31234840	36	-2.0954
0aac83d9-dfb0-4aa8-9fc4-b12acef7fdee	9	31242465	103615256	27713	-0.1677
0aac83d9-dfb0-4aa8-9fc4-b12acef7fdee	9	103615821	103626915	5	-1.8007
0aac83d9-dfb0-4aa8-9fc4-b12acef7fdee	9	103627176	138044505	21412	-0.1786
0aac83d9-dfb0-4aa8-9fc4-b12acef7fdee	10	366509	44391787	27340	-0.1758
0aac83d9-dfb0-4aa8-9fc4-b12acef7fdee	10	44392481	44392682	2	-3.0247
0aac83d9-dfb0-4aa8-9fc4-b12acef7fdee	10	44392695	133411599	53264	-0.1689
0aac83d9-dfb0-4aa8-9fc4-b12acef7fdee	11	456012	1587204	327	-0.2417
0aac83d9-dfb0-4aa8-9fc4-b12acef7fdee	11	1590274	1878795	53	-1.5323
0aac83d9-dfb0-4aa8-9fc4-b12acef7fdee	11	1883471	2801634	312	-0.1667
0aac83d9-dfb0-4aa8-9fc4-b12acef7fdee	11	2802632	2904685	65	-1.3415
0aac83d9-dfb0-4aa8-9fc4-b12acef7fdee	11	2905158	33721265	20267	-0.1639
0aac83d9-dfb0-4aa8-9fc4-b12acef7fdee	11	33721883	33723299	4	-2.0183
0aac83d9-dfb0-4aa8-9fc4-b12acef7fdee	11	33723331	42885460	5773	-0.1619
0aac83d9-dfb0-4aa8-9fc4-b12acef7fdee	11	42885545	42889588	3	-1.8044
0aac83d9-dfb0-4aa8-9fc4-b12acef7fdee	11	42892251	43107364	152	-0.1148
0aac83d9-dfb0-4aa8-9fc4-b12acef7fdee	11	43109502	71729527	10468	-0.1954
0aac83d9-dfb0-4aa8-9fc4-b12acef7fdee	11	71729528	134272740	39453	-0.1642
0aac83d9-dfb0-4aa8-9fc4-b12acef7fdee	12	780472	48650501	25015	0.4786
0aac83d9-dfb0-4aa8-9fc4-b12acef7fdee	12	48651687	58159643	4808	0.4384
0aac83d9-dfb0-4aa8-9fc4-b12acef7fdee	12	58160190	68035339	6138	0.4777
0aac83d9-dfb0-4aa8-9fc4-b12acef7fdee	12	68035899	68036392	2	-1.7848
0aac83d9-dfb0-4aa8-9fc4-b12acef7fdee	12	68037427	108224708	24873	0.4803
0aac83d9-dfb0-4aa8-9fc4-b12acef7fdee	12	108225065	125381167	9708	0.4401
0aac83d9-dfb0-4aa8-9fc4-b12acef7fdee	12	125381590	132605822	3236	0.4649
0aac83d9-dfb0-4aa8-9fc4-b12acef7fdee	13	18874255	114226675	56415	-0.1602
0aac83d9-dfb0-4aa8-9fc4-b12acef7fdee	14	20033191	105533894	49334	-0.1685
0aac83d9-dfb0-4aa8-9fc4-b12acef7fdee	15	23437561	36754336	6075	-0.1636
0aac83d9-dfb0-4aa8-9fc4-b12acef7fdee	15	36761719	36762042	3	-2.7973
0aac83d9-dfb0-4aa8-9fc4-b12acef7fdee	15	36762756	101344124	38310	-0.1687
0aac83d9-dfb0-4aa8-9fc4-b12acef7fdee	16	603333	60354456	22943	0.4595
0aac83d9-dfb0-4aa8-9fc4-b12acef7fdee	16	60355498	66322816	3974	0.513
0aac83d9-dfb0-4aa8-9fc4-b12acef7fdee	16	66327649	89317317	14009	0.4699
0aac83d9-dfb0-4aa8-9fc4-b12acef7fdee	17	1074619	82959812	37022	-0.1903
0aac83d9-dfb0-4aa8-9fc4-b12acef7fdee	18	326691	24888630	10361	-0.1765
0aac83d9-dfb0-4aa8-9fc4-b12acef7fdee	18	24891420	24895672	2	-2.6909
0aac83d9-dfb0-4aa8-9fc4-b12acef7fdee	18	24896695	61591375	23016	-0.1589
0aac83d9-dfb0-4aa8-9fc4-b12acef7fdee	18	61591502	61593235	2	-2.5781
0aac83d9-dfb0-4aa8-9fc4-b12acef7fdee	18	61593845	79349796	9216	-0.1549
0aac83d9-dfb0-4aa8-9fc4-b12acef7fdee	19	283868	19701386	7662	0.3786
0aac83d9-dfb0-4aa8-9fc4-b12acef7fdee	19	19764062	32134140	4611	0.4486
0aac83d9-dfb0-4aa8-9fc4-b12acef7fdee	19	32136329	32137015	3	-1.2274
0aac83d9-dfb0-4aa8-9fc4-b12acef7fdee	19	32140588	58370362	11772	0.4221
0aac83d9-dfb0-4aa8-9fc4-b12acef7fdee	20	472817	2387951	1276	0.4645
0aac83d9-dfb0-4aa8-9fc4-b12acef7fdee	20	2388320	4233238	933	0.4073
0aac83d9-dfb0-4aa8-9fc4-b12acef7fdee	20	4236016	25564484	14408	0.486
0aac83d9-dfb0-4aa8-9fc4-b12acef7fdee	20	25567027	37468968	3221	0.4191
0aac83d9-dfb0-4aa8-9fc4-b12acef7fdee	20	37470288	63588502	17474	0.4675
0aac83d9-dfb0-4aa8-9fc4-b12acef7fdee	21	13974127	46262057	20417	-0.1693
0aac83d9-dfb0-4aa8-9fc4-b12acef7fdee	22	16934932	48370335	16568	-0.1965
0aac83d9-dfb0-4aa8-9fc4-b12acef7fdee	22	48371012	48371099	3	-1.8753
0aac83d9-dfb0-4aa8-9fc4-b12acef7fdee	22	48372384	48940621	426	-0.1726
0aac83d9-dfb0-4aa8-9fc4-b12acef7fdee	X	3236359	98348700	37202	-0.0165
0aac83d9-dfb0-4aa8-9fc4-b12acef7fdee	X	98350846	98353296	2	4.1365
0aac83d9-dfb0-4aa8-9fc4-b12acef7fdee	X	98353983	155677414	26118	-0.0027
