GDC_Aliquot	Chromosome	Start	End	Num_Probes	Segment_Mean
b297985e-db11-4529-a32b-28b9b34c4173	1	3301765	43088980	21372	-0.2038
b297985e-db11-4529-a32b-28b9b34c4173	1	43093757	43093916	2	-4.5493
b297985e-db11-4529-a32b-28b9b34c4173	1	43097603	54876242	6070	-0.1885
b297985e-db11-4529-a32b-28b9b34c4173	1	54877256	61615701	5003	-0.1449
b297985e-db11-4529-a32b-28b9b34c4173	1	61617128	65294163	2636	-0.1886
b297985e-db11-4529-a32b-28b9b34c4173	1	65300299	112384683	27900	-0.135
b297985e-db11-4529-a32b-28b9b34c4173	1	112385183	153488899	6328	-0.182
b297985e-db11-4529-a32b-28b9b34c4173	1	153490450	156815564	1480	-0.2393
b297985e-db11-4529-a32b-28b9b34c4173	1	156818694	161747029	3002	-0.1749
b297985e-db11-4529-a32b-28b9b34c4173	1	161747503	164159970	1782	-0.1065
b297985e-db11-4529-a32b-28b9b34c4173	1	164161691	181875086	11666	-0.1561
b297985e-db11-4529-a32b-28b9b34c4173	1	181877847	183395071	1023	-0.2374
b297985e-db11-4529-a32b-28b9b34c4173	1	183401838	184655059	896	-0.1564
b297985e-db11-4529-a32b-28b9b34c4173	1	184658379	199818694	8719	-0.1183
b297985e-db11-4529-a32b-28b9b34c4173	1	199819734	212987030	8697	-0.1925
b297985e-db11-4529-a32b-28b9b34c4173	1	212987816	221590045	5780	-0.1202
b297985e-db11-4529-a32b-28b9b34c4173	1	221593564	238391272	10798	-0.1936
b297985e-db11-4529-a32b-28b9b34c4173	1	238395244	242664975	3164	-0.1352
b297985e-db11-4529-a32b-28b9b34c4173	1	242666794	247650984	2325	-0.1783
b297985e-db11-4529-a32b-28b9b34c4173	2	480597	7579995	4269	-0.1141
b297985e-db11-4529-a32b-28b9b34c4173	2	7595965	10881723	2235	-0.1796
b297985e-db11-4529-a32b-28b9b34c4173	2	10881749	17965106	4743	-0.131
b297985e-db11-4529-a32b-28b9b34c4173	2	17965898	21602988	2502	-0.0864
b297985e-db11-4529-a32b-28b9b34c4173	2	21603063	24822088	1814	-0.139
b297985e-db11-4529-a32b-28b9b34c4173	2	24823486	31105785	3489	-0.1741
b297985e-db11-4529-a32b-28b9b34c4173	2	31105807	39150307	3875	-0.123
b297985e-db11-4529-a32b-28b9b34c4173	2	39153837	39276550	73	-4.648
b297985e-db11-4529-a32b-28b9b34c4173	2	39279835	39286483	6	-1.7787
b297985e-db11-4529-a32b-28b9b34c4173	2	39297835	42027940	1716	-0.0815
b297985e-db11-4529-a32b-28b9b34c4173	2	42029293	44891327	1711	-0.153
b297985e-db11-4529-a32b-28b9b34c4173	2	44891371	44893044	2	-1.6672
b297985e-db11-4529-a32b-28b9b34c4173	2	44897152	45837718	695	-0.1453
b297985e-db11-4529-a32b-28b9b34c4173	2	45837817	45838320	3	-1.8959
b297985e-db11-4529-a32b-28b9b34c4173	2	45838434	66278556	11459	-0.1443
b297985e-db11-4529-a32b-28b9b34c4173	2	66281836	67394295	716	-0.0402
b297985e-db11-4529-a32b-28b9b34c4173	2	67397170	84814512	9631	-0.1422
b297985e-db11-4529-a32b-28b9b34c4173	2	84819351	85105322	126	-0.2109
b297985e-db11-4529-a32b-28b9b34c4173	2	85105337	85106283	2	-2.0149
b297985e-db11-4529-a32b-28b9b34c4173	2	85106853	102284620	4635	-0.1853
b297985e-db11-4529-a32b-28b9b34c4173	2	102294597	149092709	24139	-0.1386
b297985e-db11-4529-a32b-28b9b34c4173	2	149092730	161843693	7585	-0.1212
b297985e-db11-4529-a32b-28b9b34c4173	2	161844571	166384785	2497	-0.0624
b297985e-db11-4529-a32b-28b9b34c4173	2	166386107	184542207	11065	-0.1085
b297985e-db11-4529-a32b-28b9b34c4173	2	184548316	184548638	2	-2.5808
b297985e-db11-4529-a32b-28b9b34c4173	2	184552011	197497294	5812	-0.091
b297985e-db11-4529-a32b-28b9b34c4173	2	197498898	197538973	9	-1.2221
b297985e-db11-4529-a32b-28b9b34c4173	2	197539304	200762010	1939	-0.1169
b297985e-db11-4529-a32b-28b9b34c4173	2	200762602	203675295	1277	-0.1761
b297985e-db11-4529-a32b-28b9b34c4173	2	203679933	221956418	11319	-0.116
b297985e-db11-4529-a32b-28b9b34c4173	2	221957076	224773292	1837	-0.1666
b297985e-db11-4529-a32b-28b9b34c4173	2	224774503	230049487	3176	-0.1121
b297985e-db11-4529-a32b-28b9b34c4173	2	230049846	232495036	1127	-0.1799
b297985e-db11-4529-a32b-28b9b34c4173	2	232498721	232546248	22	0.5115
b297985e-db11-4529-a32b-28b9b34c4173	2	232547515	241537572	5552	-0.1639
b297985e-db11-4529-a32b-28b9b34c4173	3	2170634	11411030	5399	-0.1352
b297985e-db11-4529-a32b-28b9b34c4173	3	11421150	11667117	146	-1.3003
b297985e-db11-4529-a32b-28b9b34c4173	3	11668997	11979929	251	-0.2158
b297985e-db11-4529-a32b-28b9b34c4173	3	11979984	12426114	260	-0.0502
b297985e-db11-4529-a32b-28b9b34c4173	3	12426283	14418417	1326	-0.1892
b297985e-db11-4529-a32b-28b9b34c4173	3	14420014	39952092	15186	-0.1301
b297985e-db11-4529-a32b-28b9b34c4173	3	39959939	55536924	8182	-0.1673
b297985e-db11-4529-a32b-28b9b34c4173	3	55537489	55537902	4	-1.719
b297985e-db11-4529-a32b-28b9b34c4173	3	55540792	73266350	11406	-0.1374
b297985e-db11-4529-a32b-28b9b34c4173	3	73267333	84283104	5795	-0.0811
b297985e-db11-4529-a32b-28b9b34c4173	3	84284095	97627412	4661	-0.1492
b297985e-db11-4529-a32b-28b9b34c4173	3	97627774	108877655	6354	-0.1119
b297985e-db11-4529-a32b-28b9b34c4173	3	108877854	114057303	2695	-0.1467
b297985e-db11-4529-a32b-28b9b34c4173	3	114058112	116887695	1835	-0.0787
b297985e-db11-4529-a32b-28b9b34c4173	3	116887989	116946934	40	-1.226
b297985e-db11-4529-a32b-28b9b34c4173	3	116951235	117043246	68	-0.0827
b297985e-db11-4529-a32b-28b9b34c4173	3	117043379	117203898	149	-0.4093
b297985e-db11-4529-a32b-28b9b34c4173	3	117204170	138846547	12130	-0.1409
b297985e-db11-4529-a32b-28b9b34c4173	3	138849705	138900690	32	-0.5228
b297985e-db11-4529-a32b-28b9b34c4173	3	138900718	143931583	2787	-0.1365
b297985e-db11-4529-a32b-28b9b34c4173	3	143936282	149468274	2640	-0.075
b297985e-db11-4529-a32b-28b9b34c4173	3	149468359	152876282	2027	-0.1196
b297985e-db11-4529-a32b-28b9b34c4173	3	152879745	156224711	1648	-0.1878
b297985e-db11-4529-a32b-28b9b34c4173	3	156228494	172310670	8125	-0.1277
b297985e-db11-4529-a32b-28b9b34c4173	3	172310731	172311383	3	-1.8757
b297985e-db11-4529-a32b-28b9b34c4173	3	172312465	188937756	8720	-0.144
b297985e-db11-4529-a32b-28b9b34c4173	3	188939508	192628768	2345	-0.0945
b297985e-db11-4529-a32b-28b9b34c4173	3	192629763	197812401	2019	-0.1739
b297985e-db11-4529-a32b-28b9b34c4173	4	1059384	11588402	5813	-0.4939
b297985e-db11-4529-a32b-28b9b34c4173	4	11589144	24355853	8664	-0.4562
b297985e-db11-4529-a32b-28b9b34c4173	4	24358109	25332903	654	-0.4899
b297985e-db11-4529-a32b-28b9b34c4173	4	25333599	26817048	893	-0.5658
b297985e-db11-4529-a32b-28b9b34c4173	4	26820617	36015912	5362	-0.4408
b297985e-db11-4529-a32b-28b9b34c4173	4	36016647	42449221	3981	-0.4891
b297985e-db11-4529-a32b-28b9b34c4173	4	42450204	56697972	5815	-0.4419
b297985e-db11-4529-a32b-28b9b34c4173	4	56702771	57256871	325	-0.5766
b297985e-db11-4529-a32b-28b9b34c4173	4	57258393	61593802	2591	-0.4353
b297985e-db11-4529-a32b-28b9b34c4173	4	61600427	61682933	39	-1.6899
b297985e-db11-4529-a32b-28b9b34c4173	4	61683349	68338682	3482	-0.4153
b297985e-db11-4529-a32b-28b9b34c4173	4	68339208	70645542	700	0.3208
b297985e-db11-4529-a32b-28b9b34c4173	4	70645928	99447629	16484	0.2637
b297985e-db11-4529-a32b-28b9b34c4173	4	99448412	112206160	7148	0.2975
b297985e-db11-4529-a32b-28b9b34c4173	4	112207951	112212471	2	-1.32
b297985e-db11-4529-a32b-28b9b34c4173	4	112213662	115496007	1977	0.2844
b297985e-db11-4529-a32b-28b9b34c4173	4	115500350	115500362	2	-2.0219
b297985e-db11-4529-a32b-28b9b34c4173	4	115500513	124538250	4963	0.3199
b297985e-db11-4529-a32b-28b9b34c4173	4	124539196	124541780	3	-1.3644
b297985e-db11-4529-a32b-28b9b34c4173	4	124541870	180352796	30186	0.3085
b297985e-db11-4529-a32b-28b9b34c4173	4	180355173	180548007	173	-4.9369
b297985e-db11-4529-a32b-28b9b34c4173	4	180548064	180551252	13	-1.5609
b297985e-db11-4529-a32b-28b9b34c4173	4	180551565	180604429	39	-5.1874
b297985e-db11-4529-a32b-28b9b34c4173	4	181157671	187842528	3219	0.3193
b297985e-db11-4529-a32b-28b9b34c4173	5	913983	1288579	59	0.3859
b297985e-db11-4529-a32b-28b9b34c4173	5	1299214	9190948	5929	-0.1685
b297985e-db11-4529-a32b-28b9b34c4173	5	9191018	16535257	4249	-0.1284
b297985e-db11-4529-a32b-28b9b34c4173	5	16536364	17410175	523	-0.2281
b297985e-db11-4529-a32b-28b9b34c4173	5	17410343	31452827	7411	-0.1202
b297985e-db11-4529-a32b-28b9b34c4173	5	31452892	32615913	764	-0.2179
b297985e-db11-4529-a32b-28b9b34c4173	5	32617593	40233235	4408	-0.1135
b297985e-db11-4529-a32b-28b9b34c4173	5	40235701	42480810	1261	-0.1581
b297985e-db11-4529-a32b-28b9b34c4173	5	42483775	42680362	106	-1.1455
b297985e-db11-4529-a32b-28b9b34c4173	5	42682166	43786939	521	-0.1835
b297985e-db11-4529-a32b-28b9b34c4173	5	43790391	45277010	653	-0.1193
b297985e-db11-4529-a32b-28b9b34c4173	5	45280933	45303272	10	-0.7367
b297985e-db11-4529-a32b-28b9b34c4173	5	45303790	54994746	2651	-0.1085
b297985e-db11-4529-a32b-28b9b34c4173	5	54997441	64169053	5185	-0.1648
b297985e-db11-4529-a32b-28b9b34c4173	5	64171739	65021774	428	-0.0896
b297985e-db11-4529-a32b-28b9b34c4173	5	65026519	65026586	2	-1.3976
b297985e-db11-4529-a32b-28b9b34c4173	5	65034941	66963782	1253	-0.0965
b297985e-db11-4529-a32b-28b9b34c4173	5	66966022	66979510	12	-0.787
b297985e-db11-4529-a32b-28b9b34c4173	5	66979686	87726533	10990	-0.1307
b297985e-db11-4529-a32b-28b9b34c4173	5	87726646	108177065	9924	-0.0921
b297985e-db11-4529-a32b-28b9b34c4173	5	108177082	127084200	11286	-0.1293
b297985e-db11-4529-a32b-28b9b34c4173	5	127085016	129523675	1430	-0.0759
b297985e-db11-4529-a32b-28b9b34c4173	5	129524959	135210355	3164	-0.1523
b297985e-db11-4529-a32b-28b9b34c4173	5	135212738	136507981	948	-0.0519
b297985e-db11-4529-a32b-28b9b34c4173	5	136509287	137794172	877	-0.104
b297985e-db11-4529-a32b-28b9b34c4173	5	137801654	146542370	4733	-0.1731
b297985e-db11-4529-a32b-28b9b34c4173	5	146542420	147381824	606	-0.1263
b297985e-db11-4529-a32b-28b9b34c4173	5	147382818	148719231	811	-0.0575
b297985e-db11-4529-a32b-28b9b34c4173	5	148719760	150064431	964	-0.1381
b297985e-db11-4529-a32b-28b9b34c4173	5	150064584	150066032	2	-1.7045
b297985e-db11-4529-a32b-28b9b34c4173	5	150066358	156788526	4389	-0.1253
b297985e-db11-4529-a32b-28b9b34c4173	5	156789213	158033699	793	-0.2255
b297985e-db11-4529-a32b-28b9b34c4173	5	158034290	164482024	4060	-0.1163
b297985e-db11-4529-a32b-28b9b34c4173	5	164483204	180934240	9817	-0.1619
b297985e-db11-4529-a32b-28b9b34c4173	6	1011760	9914381	6454	0.4715
b297985e-db11-4529-a32b-28b9b34c4173	6	9914970	14956752	3578	0.4294
b297985e-db11-4529-a32b-28b9b34c4173	6	14961070	15249821	167	0.2169
b297985e-db11-4529-a32b-28b9b34c4173	6	15250950	18373352	1958	0.4157
b297985e-db11-4529-a32b-28b9b34c4173	6	18374910	24166365	4201	0.4672
b297985e-db11-4529-a32b-28b9b34c4173	6	24167185	37998986	5652	0.4098
b297985e-db11-4529-a32b-28b9b34c4173	6	38005336	41404297	2525	0.4559
b297985e-db11-4529-a32b-28b9b34c4173	6	41414652	44380563	1598	0.4084
b297985e-db11-4529-a32b-28b9b34c4173	6	44382873	51361889	3987	0.4705
b297985e-db11-4529-a32b-28b9b34c4173	6	51362102	66529758	6218	0.5234
b297985e-db11-4529-a32b-28b9b34c4173	6	66530205	73242264	4021	0.4948
b297985e-db11-4529-a32b-28b9b34c4173	6	73244876	73632973	161	0.3333
b297985e-db11-4529-a32b-28b9b34c4173	6	73635459	79346804	3173	0.5113
b297985e-db11-4529-a32b-28b9b34c4173	6	79352583	87807322	4658	0.4677
b297985e-db11-4529-a32b-28b9b34c4173	6	87808016	88833624	659	0.5198
b297985e-db11-4529-a32b-28b9b34c4173	6	88835180	89945159	648	0.3982
b297985e-db11-4529-a32b-28b9b34c4173	6	89945903	100227174	5378	0.4921
b297985e-db11-4529-a32b-28b9b34c4173	6	100227950	103054893	1522	0.5507
b297985e-db11-4529-a32b-28b9b34c4173	6	103055804	103368854	126	0.4704
b297985e-db11-4529-a32b-28b9b34c4173	6	103368982	103378000	7	-0.0876
b297985e-db11-4529-a32b-28b9b34c4173	6	103381090	104420778	589	0.4856
b297985e-db11-4529-a32b-28b9b34c4173	6	104423664	111679198	4340	0.4509
b297985e-db11-4529-a32b-28b9b34c4173	6	111680923	117940193	3611	0.5073
b297985e-db11-4529-a32b-28b9b34c4173	6	117940317	132277887	8191	0.5394
b297985e-db11-4529-a32b-28b9b34c4173	6	132278680	134086392	1254	0.4853
b297985e-db11-4529-a32b-28b9b34c4173	6	134086600	134309624	136	0.3267
b297985e-db11-4529-a32b-28b9b34c4173	6	134309645	134375877	44	0.4612
b297985e-db11-4529-a32b-28b9b34c4173	6	134376239	134376302	2	2.0278
b297985e-db11-4529-a32b-28b9b34c4173	6	134376858	142746704	4854	0.471
b297985e-db11-4529-a32b-28b9b34c4173	6	142746997	145437603	1775	0.5315
b297985e-db11-4529-a32b-28b9b34c4173	6	145438057	151533990	3977	0.4808
b297985e-db11-4529-a32b-28b9b34c4173	6	151534573	152891128	1060	0.5378
b297985e-db11-4529-a32b-28b9b34c4173	6	152891965	170596889	9867	0.4756
b297985e-db11-4529-a32b-28b9b34c4173	7	664936	4406542	1423	0.3402
b297985e-db11-4529-a32b-28b9b34c4173	7	4406939	6625354	816	0.2805
b297985e-db11-4529-a32b-28b9b34c4173	7	6626870	9556229	1309	0.3781
b297985e-db11-4529-a32b-28b9b34c4173	7	9556285	11437852	866	0.4152
b297985e-db11-4529-a32b-28b9b34c4173	7	11440165	12452221	782	0.4957
b297985e-db11-4529-a32b-28b9b34c4173	7	12453764	20464342	4558	0.4255
b297985e-db11-4529-a32b-28b9b34c4173	7	20466200	23487680	2159	0.3595
b297985e-db11-4529-a32b-28b9b34c4173	7	23495923	23715313	115	0.1882
b297985e-db11-4529-a32b-28b9b34c4173	7	23715709	23995508	187	0.3312
b297985e-db11-4529-a32b-28b9b34c4173	7	24000259	24000764	2	1.7932
b297985e-db11-4529-a32b-28b9b34c4173	7	24001198	25193777	964	0.3494
b297985e-db11-4529-a32b-28b9b34c4173	7	25204357	34365826	5863	0.3947
b297985e-db11-4529-a32b-28b9b34c4173	7	34371057	38755167	3008	0.3613
b297985e-db11-4529-a32b-28b9b34c4173	7	38755326	40149082	835	0.7733
b297985e-db11-4529-a32b-28b9b34c4173	7	40151519	40311288	85	0.2382
b297985e-db11-4529-a32b-28b9b34c4173	7	40311294	55525869	9885	0.3675
b297985e-db11-4529-a32b-28b9b34c4173	7	55529635	69662368	2873	0.2798
b297985e-db11-4529-a32b-28b9b34c4173	7	69663861	72194193	1465	0.345
b297985e-db11-4529-a32b-28b9b34c4173	7	72228448	72229180	4	-0.5394
b297985e-db11-4529-a32b-28b9b34c4173	7	72231642	73312738	225	0.3467
b297985e-db11-4529-a32b-28b9b34c4173	7	73317954	75917574	704	0.2212
b297985e-db11-4529-a32b-28b9b34c4173	7	75917993	78064068	754	0.3191
b297985e-db11-4529-a32b-28b9b34c4173	7	78065185	79317465	939	0.4107
b297985e-db11-4529-a32b-28b9b34c4173	7	79317788	84353027	3173	0.4609
b297985e-db11-4529-a32b-28b9b34c4173	7	84355712	96188488	5674	0.4145
b297985e-db11-4529-a32b-28b9b34c4173	7	96191078	97808735	949	0.36
b297985e-db11-4529-a32b-28b9b34c4173	7	97816100	102804720	1792	0.2551
b297985e-db11-4529-a32b-28b9b34c4173	7	102805058	106830014	2499	0.367
b297985e-db11-4529-a32b-28b9b34c4173	7	106837000	106841642	3	-1.1137
b297985e-db11-4529-a32b-28b9b34c4173	7	106842128	107184880	177	0.3759
b297985e-db11-4529-a32b-28b9b34c4173	7	107185936	110976683	2108	0.4272
b297985e-db11-4529-a32b-28b9b34c4173	7	110983687	118455024	3711	0.3709
b297985e-db11-4529-a32b-28b9b34c4173	7	118458060	127395069	4848	0.4159
b297985e-db11-4529-a32b-28b9b34c4173	7	127395098	158592540	16592	0.3584
b297985e-db11-4529-a32b-28b9b34c4173	8	667625	1894199	590	0.2592
b297985e-db11-4529-a32b-28b9b34c4173	8	1894563	6960993	2606	0.3201
b297985e-db11-4529-a32b-28b9b34c4173	8	6961032	10692800	1228	0.264
b297985e-db11-4529-a32b-28b9b34c4173	8	10693601	17836735	4561	0.3517
b297985e-db11-4529-a32b-28b9b34c4173	8	17840585	40863108	14611	0.7075
b297985e-db11-4529-a32b-28b9b34c4173	8	40863262	48250004	1936	0.6365
b297985e-db11-4529-a32b-28b9b34c4173	8	48256555	53602256	3001	0.7193
b297985e-db11-4529-a32b-28b9b34c4173	8	53603463	54453042	493	0.6216
b297985e-db11-4529-a32b-28b9b34c4173	8	54453059	55294733	560	0.7171
b297985e-db11-4529-a32b-28b9b34c4173	8	55294756	56555001	640	0.6139
b297985e-db11-4529-a32b-28b9b34c4173	8	56557065	61576826	3250	0.7178
b297985e-db11-4529-a32b-28b9b34c4173	8	61578903	62730562	734	0.791
b297985e-db11-4529-a32b-28b9b34c4173	8	62730656	70040504	4055	0.6972
b297985e-db11-4529-a32b-28b9b34c4173	8	70041692	70042599	7	-0.4476
b297985e-db11-4529-a32b-28b9b34c4173	8	70048926	73593432	2258	0.7019
b297985e-db11-4529-a32b-28b9b34c4173	8	73593740	74094595	247	0.5551
b297985e-db11-4529-a32b-28b9b34c4173	8	74095830	75508922	826	0.706
b297985e-db11-4529-a32b-28b9b34c4173	8	75509060	78548677	1650	0.7744
b297985e-db11-4529-a32b-28b9b34c4173	8	78551063	79748262	665	0.7045
b297985e-db11-4529-a32b-28b9b34c4173	8	79752016	80641863	467	0.5954
b297985e-db11-4529-a32b-28b9b34c4173	8	80645571	87239765	3347	0.7222
b297985e-db11-4529-a32b-28b9b34c4173	8	87241683	87255034	2	-0.8608
b297985e-db11-4529-a32b-28b9b34c4173	8	87255177	89005504	933	0.7749
b297985e-db11-4529-a32b-28b9b34c4173	8	89005812	100401006	6596	0.7099
b297985e-db11-4529-a32b-28b9b34c4173	8	100401291	101536901	752	0.6078
b297985e-db11-4529-a32b-28b9b34c4173	8	101539693	103259647	1059	0.6776
b297985e-db11-4529-a32b-28b9b34c4173	8	103262534	117724890	7704	0.7379
b297985e-db11-4529-a32b-28b9b34c4173	8	117726412	124213932	4352	0.71
b297985e-db11-4529-a32b-28b9b34c4173	8	124214954	125468085	796	0.6334
b297985e-db11-4529-a32b-28b9b34c4173	8	125468125	144182542	11676	0.7018
b297985e-db11-4529-a32b-28b9b34c4173	9	789794	21906985	13328	-1.1859
b297985e-db11-4529-a32b-28b9b34c4173	9	21907787	22024352	91	-3.5454
b297985e-db11-4529-a32b-28b9b34c4173	9	22027005	24382974	1497	-1.1677
b297985e-db11-4529-a32b-28b9b34c4173	9	24383036	25805129	815	-0.7461
b297985e-db11-4529-a32b-28b9b34c4173	9	25806630	26079177	155	0.057
b297985e-db11-4529-a32b-28b9b34c4173	9	26079301	26789640	353	-0.7592
b297985e-db11-4529-a32b-28b9b34c4173	9	26793283	27066072	134	0.0307
b297985e-db11-4529-a32b-28b9b34c4173	9	27073652	27100893	19	-0.7791
b297985e-db11-4529-a32b-28b9b34c4173	9	27101944	27305346	199	-0.9484
b297985e-db11-4529-a32b-28b9b34c4173	9	27310417	27459152	133	-1.3543
b297985e-db11-4529-a32b-28b9b34c4173	9	27461645	27509223	42	-0.2499
b297985e-db11-4529-a32b-28b9b34c4173	9	27514449	27521673	7	-1.4575
b297985e-db11-4529-a32b-28b9b34c4173	9	27525753	28167364	494	-0.1384
b297985e-db11-4529-a32b-28b9b34c4173	9	28355727	28543420	126	-1.1835
b297985e-db11-4529-a32b-28b9b34c4173	9	28543777	31635017	1394	-0.1334
b297985e-db11-4529-a32b-28b9b34c4173	9	31635592	31736635	70	0.535
b297985e-db11-4529-a32b-28b9b34c4173	9	31744920	32377650	460	-0.1319
b297985e-db11-4529-a32b-28b9b34c4173	9	32380196	34272092	1157	0.4698
b297985e-db11-4529-a32b-28b9b34c4173	9	34272260	34905627	319	0.6255
b297985e-db11-4529-a32b-28b9b34c4173	9	34905961	35719260	397	0.4294
b297985e-db11-4529-a32b-28b9b34c4173	9	35719704	36005431	151	0.6458
b297985e-db11-4529-a32b-28b9b34c4173	9	36008312	36025455	17	0.2863
b297985e-db11-4529-a32b-28b9b34c4173	9	36029949	38343639	1461	0.1307
b297985e-db11-4529-a32b-28b9b34c4173	9	38346190	38752071	352	-0.1979
b297985e-db11-4529-a32b-28b9b34c4173	9	68423153	70559510	1604	0.0758
b297985e-db11-4529-a32b-28b9b34c4173	9	70561420	71267054	532	0.1545
b297985e-db11-4529-a32b-28b9b34c4173	9	71267375	72730082	966	0.0252
b297985e-db11-4529-a32b-28b9b34c4173	9	72730411	73806178	638	0.1341
b297985e-db11-4529-a32b-28b9b34c4173	9	73806218	78404648	3178	0.0438
b297985e-db11-4529-a32b-28b9b34c4173	9	78405502	83759828	3720	0.0789
b297985e-db11-4529-a32b-28b9b34c4173	9	83763485	97263236	8731	0.0378
b297985e-db11-4529-a32b-28b9b34c4173	9	97266477	107338763	6181	0.0872
b297985e-db11-4529-a32b-28b9b34c4173	9	107339159	107872207	409	-0.0528
b297985e-db11-4529-a32b-28b9b34c4173	9	107873039	110411704	2039	0.1041
b297985e-db11-4529-a32b-28b9b34c4173	9	110414058	110415555	5	1.1965
b297985e-db11-4529-a32b-28b9b34c4173	9	110423242	121285591	7649	0.08
b297985e-db11-4529-a32b-28b9b34c4173	9	121292328	127405942	3686	0.041
b297985e-db11-4529-a32b-28b9b34c4173	9	127406047	130847941	1710	-0.0223
b297985e-db11-4529-a32b-28b9b34c4173	9	130847990	138044505	3475	0.0445
b297985e-db11-4529-a32b-28b9b34c4173	10	366509	2551674	1207	-0.151
b297985e-db11-4529-a32b-28b9b34c4173	10	2551775	4132057	1009	-0.2337
b297985e-db11-4529-a32b-28b9b34c4173	10	4134134	5773280	1226	-0.1318
b297985e-db11-4529-a32b-28b9b34c4173	10	5778431	8710198	2387	-0.1943
b297985e-db11-4529-a32b-28b9b34c4173	10	8710362	11632967	2135	-0.1413
b297985e-db11-4529-a32b-28b9b34c4173	10	11640356	15462913	2965	-0.2126
b297985e-db11-4529-a32b-28b9b34c4173	10	15463310	18749085	2379	-0.1708
b297985e-db11-4529-a32b-28b9b34c4173	10	18749336	20943973	1623	-0.1117
b297985e-db11-4529-a32b-28b9b34c4173	10	20945100	47321755	13277	-0.185
b297985e-db11-4529-a32b-28b9b34c4173	10	47322104	49743213	1227	-0.091
b297985e-db11-4529-a32b-28b9b34c4173	10	49747447	49747603	2	-1.7052
b297985e-db11-4529-a32b-28b9b34c4173	10	49748445	50947266	136	-0.0581
b297985e-db11-4529-a32b-28b9b34c4173	10	50947571	53897825	2086	-0.1568
b297985e-db11-4529-a32b-28b9b34c4173	10	53898452	53905230	5	-1.3776
b297985e-db11-4529-a32b-28b9b34c4173	10	53914357	54602317	530	-0.1544
b297985e-db11-4529-a32b-28b9b34c4173	10	54602525	62462807	4604	-0.086
b297985e-db11-4529-a32b-28b9b34c4173	10	62463056	93419122	18619	-0.155
b297985e-db11-4529-a32b-28b9b34c4173	10	93424888	103772003	5785	-0.1944
b297985e-db11-4529-a32b-28b9b34c4173	10	103775309	133411599	19374	-0.1513
b297985e-db11-4529-a32b-28b9b34c4173	11	456012	18876277	11308	-0.175
b297985e-db11-4529-a32b-28b9b34c4173	11	18879624	31562031	8404	-0.1194
b297985e-db11-4529-a32b-28b9b34c4173	11	31562083	37826035	3861	-0.1909
b297985e-db11-4529-a32b-28b9b34c4173	11	37826762	43919094	3891	-0.1367
b297985e-db11-4529-a32b-28b9b34c4173	11	43919284	61260251	5745	-0.1791
b297985e-db11-4529-a32b-28b9b34c4173	11	61262511	76825038	6786	-0.2274
b297985e-db11-4529-a32b-28b9b34c4173	11	76825866	78209284	680	-0.1677
b297985e-db11-4529-a32b-28b9b34c4173	11	78211053	92246072	8572	-0.1187
b297985e-db11-4529-a32b-28b9b34c4173	11	92247184	95348478	1849	-0.1908
b297985e-db11-4529-a32b-28b9b34c4173	11	95348841	113158376	11158	-0.1244
b297985e-db11-4529-a32b-28b9b34c4173	11	113158850	123573523	7359	-0.1847
b297985e-db11-4529-a32b-28b9b34c4173	11	123574014	127803246	3013	-0.134
b297985e-db11-4529-a32b-28b9b34c4173	11	127804108	134272740	4224	-0.1773
b297985e-db11-4529-a32b-28b9b34c4173	12	780472	9224430	4704	0.4436
b297985e-db11-4529-a32b-28b9b34c4173	12	9224905	26602613	10608	0.4766
b297985e-db11-4529-a32b-28b9b34c4173	12	26602870	26603660	2	-1.5383
b297985e-db11-4529-a32b-28b9b34c4173	12	26603673	29181116	1566	0.4781
b297985e-db11-4529-a32b-28b9b34c4173	12	29181195	29181205	2	-1.2916
b297985e-db11-4529-a32b-28b9b34c4173	12	29181219	31388284	1471	0.4551
b297985e-db11-4529-a32b-28b9b34c4173	12	31389257	33129371	1114	0.4076
b297985e-db11-4529-a32b-28b9b34c4173	12	33131530	48181196	5279	0.4877
b297985e-db11-4529-a32b-28b9b34c4173	12	48183204	51421086	1539	0.3792
b297985e-db11-4529-a32b-28b9b34c4173	12	51421257	52896619	914	0.4842
b297985e-db11-4529-a32b-28b9b34c4173	12	52896644	53720345	340	0.3669
b297985e-db11-4529-a32b-28b9b34c4173	12	53721062	55701106	1127	0.4739
b297985e-db11-4529-a32b-28b9b34c4173	12	55701570	57886170	982	0.3845
b297985e-db11-4529-a32b-28b9b34c4173	12	57888677	63760938	3603	0.496
b297985e-db11-4529-a32b-28b9b34c4173	12	63762643	64689154	508	0.4018
b297985e-db11-4529-a32b-28b9b34c4173	12	64689777	77168796	7701	0.4924
b297985e-db11-4529-a32b-28b9b34c4173	12	77169684	79320107	1470	0.5744
b297985e-db11-4529-a32b-28b9b34c4173	12	79320505	83576619	2513	0.4808
b297985e-db11-4529-a32b-28b9b34c4173	12	83579174	83604021	5	-0.5115
b297985e-db11-4529-a32b-28b9b34c4173	12	83609009	92070889	4805	0.4936
b297985e-db11-4529-a32b-28b9b34c4173	12	92072060	96542400	2999	0.4315
b297985e-db11-4529-a32b-28b9b34c4173	12	96544207	101309689	3015	0.5141
b297985e-db11-4529-a32b-28b9b34c4173	12	101310049	124851404	13944	0.4431
b297985e-db11-4529-a32b-28b9b34c4173	12	124853368	124873750	15	-0.3947
b297985e-db11-4529-a32b-28b9b34c4173	12	124877587	132605822	3549	0.4533
b297985e-db11-4529-a32b-28b9b34c4173	13	18874255	26881202	4210	-1.2406
b297985e-db11-4529-a32b-28b9b34c4173	13	26881279	26885755	6	-5.3292
b297985e-db11-4529-a32b-28b9b34c4173	13	26888781	30916488	2883	-1.2756
b297985e-db11-4529-a32b-28b9b34c4173	13	30918503	105934541	43413	-1.1459
b297985e-db11-4529-a32b-28b9b34c4173	13	105934581	114226675	5272	-1.2648
b297985e-db11-4529-a32b-28b9b34c4173	14	20033191	23621402	1276	-0.4452
b297985e-db11-4529-a32b-28b9b34c4173	14	23622341	26356265	1732	-0.3785
b297985e-db11-4529-a32b-28b9b34c4173	14	26357962	30855917	2352	-0.3343
b297985e-db11-4529-a32b-28b9b34c4173	14	30855989	45246043	7610	-0.3862
b297985e-db11-4529-a32b-28b9b34c4173	14	45249944	45339990	50	-1.0879
b297985e-db11-4529-a32b-28b9b34c4173	14	45593519	74894474	17508	-0.4099
b297985e-db11-4529-a32b-28b9b34c4173	14	74896938	74945395	23	0.3185
b297985e-db11-4529-a32b-28b9b34c4173	14	74947314	77863084	1861	-0.4439
b297985e-db11-4529-a32b-28b9b34c4173	14	77865077	89273047	7199	-0.3824
b297985e-db11-4529-a32b-28b9b34c4173	14	89275635	105533894	9674	-0.45
b297985e-db11-4529-a32b-28b9b34c4173	15	23437561	26563375	1804	0.4521
b297985e-db11-4529-a32b-28b9b34c4173	15	26563804	31039637	1036	-0.1872
b297985e-db11-4529-a32b-28b9b34c4173	15	31040248	31472208	271	-0.3274
b297985e-db11-4529-a32b-28b9b34c4173	15	31473028	34989862	1787	-0.183
b297985e-db11-4529-a32b-28b9b34c4173	15	34992396	35007424	7	-1.7694
b297985e-db11-4529-a32b-28b9b34c4173	15	35011343	35651289	350	-0.1773
b297985e-db11-4529-a32b-28b9b34c4173	15	35651760	39702239	2852	-0.1136
b297985e-db11-4529-a32b-28b9b34c4173	15	39703315	43416539	1801	-0.199
b297985e-db11-4529-a32b-28b9b34c4173	15	43420441	43421436	2	-2.1503
b297985e-db11-4529-a32b-28b9b34c4173	15	43423098	45719922	875	-0.228
b297985e-db11-4529-a32b-28b9b34c4173	15	45720000	57272508	7190	-0.1579
b297985e-db11-4529-a32b-28b9b34c4173	15	57273661	57317243	21	-0.3374
b297985e-db11-4529-a32b-28b9b34c4173	15	57320111	57491356	21	0.292
b297985e-db11-4529-a32b-28b9b34c4173	15	57492925	58447447	797	-0.1554
b297985e-db11-4529-a32b-28b9b34c4173	15	58447562	59859762	920	-0.2365
b297985e-db11-4529-a32b-28b9b34c4173	15	59860247	63763973	2985	-0.1487
b297985e-db11-4529-a32b-28b9b34c4173	15	63766447	79023741	8271	-0.1987
b297985e-db11-4529-a32b-28b9b34c4173	15	79026618	79636768	521	-0.1007
b297985e-db11-4529-a32b-28b9b34c4173	15	79637916	91000531	6480	-0.193
b297985e-db11-4529-a32b-28b9b34c4173	15	91095131	101344124	6394	-0.1667
b297985e-db11-4529-a32b-28b9b34c4173	16	603333	4856420	1538	0.2028
b297985e-db11-4529-a32b-28b9b34c4173	16	4856571	11406773	4359	0.2415
b297985e-db11-4529-a32b-28b9b34c4173	16	11406973	11989488	297	0.1104
b297985e-db11-4529-a32b-28b9b34c4173	16	11990190	13201675	959	0.2212
b297985e-db11-4529-a32b-28b9b34c4173	16	13204511	14265813	863	0.313
b297985e-db11-4529-a32b-28b9b34c4173	16	14267460	14555769	118	0.2282
b297985e-db11-4529-a32b-28b9b34c4173	16	14555836	25304722	2974	0.1874
b297985e-db11-4529-a32b-28b9b34c4173	16	25304919	26530774	964	0.2501
b297985e-db11-4529-a32b-28b9b34c4173	16	26530974	46967634	2044	0.1618
b297985e-db11-4529-a32b-28b9b34c4173	16	46967714	56535016	6499	0.2643
b297985e-db11-4529-a32b-28b9b34c4173	16	56535076	58772585	1317	0.2118
b297985e-db11-4529-a32b-28b9b34c4173	16	58773978	66194329	4890	0.2784
b297985e-db11-4529-a32b-28b9b34c4173	16	66195314	71988224	2458	0.1842
b297985e-db11-4529-a32b-28b9b34c4173	16	72011210	77486000	3450	0.2596
b297985e-db11-4529-a32b-28b9b34c4173	16	77487195	78896319	1178	0.1886
b297985e-db11-4529-a32b-28b9b34c4173	16	78896496	79148486	279	-0.1974
b297985e-db11-4529-a32b-28b9b34c4173	16	79149455	79309907	158	0.5127
b297985e-db11-4529-a32b-28b9b34c4173	16	79310616	89317317	6567	0.2438
b297985e-db11-4529-a32b-28b9b34c4173	17	1074619	11325272	5421	-0.2286
b297985e-db11-4529-a32b-28b9b34c4173	17	11326330	19805652	3749	-0.1951
b297985e-db11-4529-a32b-28b9b34c4173	17	19807338	19817525	9	-0.9737
b297985e-db11-4529-a32b-28b9b34c4173	17	19817838	32545553	2917	-0.2101
b297985e-db11-4529-a32b-28b9b34c4173	17	32546844	33626837	898	-0.1272
b297985e-db11-4529-a32b-28b9b34c4173	17	33628134	41700905	3241	-0.1945
b297985e-db11-4529-a32b-28b9b34c4173	17	41701419	51494146	3908	-0.2345
b297985e-db11-4529-a32b-28b9b34c4173	17	51494377	54856929	1996	-0.1238
b297985e-db11-4529-a32b-28b9b34c4173	17	54856988	68553587	7612	-0.1928
b297985e-db11-4529-a32b-28b9b34c4173	17	68554696	71718230	2262	-0.1408
b297985e-db11-4529-a32b-28b9b34c4173	17	71725363	82959812	4991	-0.2147
b297985e-db11-4529-a32b-28b9b34c4173	18	326691	79349796	42583	-0.1381
b297985e-db11-4529-a32b-28b9b34c4173	19	283868	2064620	343	0.5065
b297985e-db11-4529-a32b-28b9b34c4173	19	2084161	2152204	25	-0.0531
b297985e-db11-4529-a32b-28b9b34c4173	19	2166396	19617022	7265	0.4725
b297985e-db11-4529-a32b-28b9b34c4173	19	19623730	30277851	3292	0.5234
b297985e-db11-4529-a32b-28b9b34c4173	19	30277937	32497036	1574	0.6028
b297985e-db11-4529-a32b-28b9b34c4173	19	32500913	33355471	482	0.4596
b297985e-db11-4529-a32b-28b9b34c4173	19	33357396	33427881	49	0.7053
b297985e-db11-4529-a32b-28b9b34c4173	19	33429262	34711049	842	0.5346
b297985e-db11-4529-a32b-28b9b34c4173	19	34712914	34929937	144	0.6526
b297985e-db11-4529-a32b-28b9b34c4173	19	34930252	43822170	3865	0.4909
b297985e-db11-4529-a32b-28b9b34c4173	19	43823078	44505393	454	0.6212
b297985e-db11-4529-a32b-28b9b34c4173	19	44505638	56192467	4495	0.4895
b297985e-db11-4529-a32b-28b9b34c4173	19	56193296	57952706	967	0.6159
b297985e-db11-4529-a32b-28b9b34c4173	19	57954580	58370362	246	0.5302
b297985e-db11-4529-a32b-28b9b34c4173	20	472817	6228877	3438	0.8837
b297985e-db11-4529-a32b-28b9b34c4173	20	6229115	8718885	1378	0.9897
b297985e-db11-4529-a32b-28b9b34c4173	20	8720150	8724789	2	-0.6771
b297985e-db11-4529-a32b-28b9b34c4173	20	8725014	17879147	6580	0.9471
b297985e-db11-4529-a32b-28b9b34c4173	20	17882974	36859681	8046	0.8854
b297985e-db11-4529-a32b-28b9b34c4173	20	36860862	37172340	238	0.6703
b297985e-db11-4529-a32b-28b9b34c4173	20	37173207	38616914	898	0.9067
b297985e-db11-4529-a32b-28b9b34c4173	20	38618848	39101991	290	0.8139
b297985e-db11-4529-a32b-28b9b34c4173	20	39103384	41730880	1737	0.9331
b297985e-db11-4529-a32b-28b9b34c4173	20	41731384	41732656	7	0.1596
b297985e-db11-4529-a32b-28b9b34c4173	20	41732893	43319396	1209	0.9373
b297985e-db11-4529-a32b-28b9b34c4173	20	43321623	43812761	289	0.7988
b297985e-db11-4529-a32b-28b9b34c4173	20	43822149	47102472	2174	0.9219
b297985e-db11-4529-a32b-28b9b34c4173	20	47102570	53525664	4114	0.8707
b297985e-db11-4529-a32b-28b9b34c4173	20	53527801	53943322	260	0.7371
b297985e-db11-4529-a32b-28b9b34c4173	20	53945639	56392509	1895	0.8898
b297985e-db11-4529-a32b-28b9b34c4173	20	56392837	56802539	224	0.7525
b297985e-db11-4529-a32b-28b9b34c4173	20	56803125	56982355	176	0.8811
b297985e-db11-4529-a32b-28b9b34c4173	20	56984062	63588502	4365	0.9186
b297985e-db11-4529-a32b-28b9b34c4173	21	13974127	14866227	566	0.1767
b297985e-db11-4529-a32b-28b9b34c4173	21	14866469	23615631	5202	0.2293
b297985e-db11-4529-a32b-28b9b34c4173	21	23617804	26472994	1997	0.1728
b297985e-db11-4529-a32b-28b9b34c4173	21	26473097	30902227	2967	0.2166
b297985e-db11-4529-a32b-28b9b34c4173	21	30907448	35678751	3185	0.151
b297985e-db11-4529-a32b-28b9b34c4173	21	35678998	35679290	2	-1.3278
b297985e-db11-4529-a32b-28b9b34c4173	21	35681772	46262057	6520	0.1552
b297985e-db11-4529-a32b-28b9b34c4173	22	16934932	28809703	4333	-0.3596
b297985e-db11-4529-a32b-28b9b34c4173	22	28821166	29016221	143	-4.0251
b297985e-db11-4529-a32b-28b9b34c4173	22	29016941	48371012	12056	-0.3668
b297985e-db11-4529-a32b-28b9b34c4173	22	48371085	48371099	2	-2.8267
b297985e-db11-4529-a32b-28b9b34c4173	22	48372384	48940621	425	-0.4287
b297985e-db11-4529-a32b-28b9b34c4173	X	3236359	31996115	12935	-0.0066
b297985e-db11-4529-a32b-28b9b34c4173	X	31996510	31996743	2	-4.3305
b297985e-db11-4529-a32b-28b9b34c4173	X	31996991	34931141	866	0.0559
b297985e-db11-4529-a32b-28b9b34c4173	X	34931595	34933360	2	-4.6396
b297985e-db11-4529-a32b-28b9b34c4173	X	34937887	40873169	2927	-0.0408
b297985e-db11-4529-a32b-28b9b34c4173	X	40873256	40882446	3	-3.4824
b297985e-db11-4529-a32b-28b9b34c4173	X	40882498	55089583	5566	-0.0182
b297985e-db11-4529-a32b-28b9b34c4173	X	55096350	55096524	2	-4.5842
b297985e-db11-4529-a32b-28b9b34c4173	X	55096586	68411022	3210	0.0202
b297985e-db11-4529-a32b-28b9b34c4173	X	68413399	68414259	2	-4.5984
b297985e-db11-4529-a32b-28b9b34c4173	X	68414516	80867220	4527	0.0016
b297985e-db11-4529-a32b-28b9b34c4173	X	80869174	80869668	3	-3.3161
b297985e-db11-4529-a32b-28b9b34c4173	X	80869905	92204133	4523	0.0242
b297985e-db11-4529-a32b-28b9b34c4173	X	92205424	92209560	2	-3.0909
b297985e-db11-4529-a32b-28b9b34c4173	X	92214283	94787983	1054	0.0069
b297985e-db11-4529-a32b-28b9b34c4173	X	94788320	94789105	3	-5.2073
b297985e-db11-4529-a32b-28b9b34c4173	X	94789333	155677414	27057	-0.022
