GDC_Aliquot	Chromosome	Start	End	Num_Probes	Segment_Mean
516b3003-bda5-4b94-896a-5da9458b7570	1	3301765	4308156	567	-0.2161
516b3003-bda5-4b94-896a-5da9458b7570	1	4308211	4310014	5	-0.9621
516b3003-bda5-4b94-896a-5da9458b7570	1	4310286	5431441	901	-0.2376
516b3003-bda5-4b94-896a-5da9458b7570	1	5431511	12145468	3547	-0.1715
516b3003-bda5-4b94-896a-5da9458b7570	1	12146258	19243652	3887	-0.2107
516b3003-bda5-4b94-896a-5da9458b7570	1	19243791	28513790	4565	-0.1595
516b3003-bda5-4b94-896a-5da9458b7570	1	28519419	28579054	20	0.6335
516b3003-bda5-4b94-896a-5da9458b7570	1	28579255	46672691	9703	-0.1773
516b3003-bda5-4b94-896a-5da9458b7570	1	46673431	50150117	1935	-0.2474
516b3003-bda5-4b94-896a-5da9458b7570	1	50151878	55325628	2738	-0.1963
516b3003-bda5-4b94-896a-5da9458b7570	1	55327049	63003832	5650	-0.2483
516b3003-bda5-4b94-896a-5da9458b7570	1	63005821	63006432	3	-2.0953
516b3003-bda5-4b94-896a-5da9458b7570	1	63007197	108033645	27220	-0.2502
516b3003-bda5-4b94-896a-5da9458b7570	1	108035281	117850275	6039	-0.2028
516b3003-bda5-4b94-896a-5da9458b7570	1	117850340	119801421	1107	-0.267
516b3003-bda5-4b94-896a-5da9458b7570	1	119801482	162051334	6581	-0.1896
516b3003-bda5-4b94-896a-5da9458b7570	1	162052604	201607797	25305	-0.2394
516b3003-bda5-4b94-896a-5da9458b7570	1	201608371	207320030	3515	-0.1849
516b3003-bda5-4b94-896a-5da9458b7570	1	207320256	210484992	2369	-0.2414
516b3003-bda5-4b94-896a-5da9458b7570	1	210486622	210494872	11	-0.9986
516b3003-bda5-4b94-896a-5da9458b7570	1	210495654	210948465	384	-0.2539
516b3003-bda5-4b94-896a-5da9458b7570	1	210949127	213282877	1360	-0.1917
516b3003-bda5-4b94-896a-5da9458b7570	1	213287405	223382794	6812	-0.2606
516b3003-bda5-4b94-896a-5da9458b7570	1	223383403	236429931	8130	-0.2181
516b3003-bda5-4b94-896a-5da9458b7570	1	236430053	241418117	3969	-0.2704
516b3003-bda5-4b94-896a-5da9458b7570	1	241418304	241422199	2	-2.45
516b3003-bda5-4b94-896a-5da9458b7570	1	241422278	247650984	3216	-0.2463
516b3003-bda5-4b94-896a-5da9458b7570	2	480597	8089375	4616	-0.241
516b3003-bda5-4b94-896a-5da9458b7570	2	8089982	12216306	2934	-0.1886
516b3003-bda5-4b94-896a-5da9458b7570	2	12217340	23450566	7452	-0.2478
516b3003-bda5-4b94-896a-5da9458b7570	2	23452081	28737312	2551	-0.165
516b3003-bda5-4b94-896a-5da9458b7570	2	28743924	38331727	5098	-0.2264
516b3003-bda5-4b94-896a-5da9458b7570	2	38332083	38332751	2	-2.584
516b3003-bda5-4b94-896a-5da9458b7570	2	38335131	64748785	15130	-0.2203
516b3003-bda5-4b94-896a-5da9458b7570	2	64749104	65167580	260	-0.0942
516b3003-bda5-4b94-896a-5da9458b7570	2	65167655	68115898	2107	-0.2352
516b3003-bda5-4b94-896a-5da9458b7570	2	68116127	74576600	3568	-0.1791
516b3003-bda5-4b94-896a-5da9458b7570	2	74578692	75886745	785	-0.219
516b3003-bda5-4b94-896a-5da9458b7570	2	75887287	75921502	15	-0.4233
516b3003-bda5-4b94-896a-5da9458b7570	2	75921757	75922515	2	-1.9255
516b3003-bda5-4b94-896a-5da9458b7570	2	75922637	83774684	4160	-0.2545
516b3003-bda5-4b94-896a-5da9458b7570	2	83777728	101988889	5209	-0.1892
516b3003-bda5-4b94-896a-5da9458b7570	2	101991125	108311312	3973	-0.2353
516b3003-bda5-4b94-896a-5da9458b7570	2	108312393	114785021	2842	-0.1916
516b3003-bda5-4b94-896a-5da9458b7570	2	114785037	230035285	64570	-0.2308
516b3003-bda5-4b94-896a-5da9458b7570	2	230037522	241537572	6741	-0.1956
516b3003-bda5-4b94-896a-5da9458b7570	3	2170634	44675876	25352	-0.2445
516b3003-bda5-4b94-896a-5da9458b7570	3	44682359	53145192	3848	-0.1613
516b3003-bda5-4b94-896a-5da9458b7570	3	53145738	61111721	4448	-0.2461
516b3003-bda5-4b94-896a-5da9458b7570	3	61112491	97449739	19265	-0.2723
516b3003-bda5-4b94-896a-5da9458b7570	3	97449896	128074510	17664	-0.241
516b3003-bda5-4b94-896a-5da9458b7570	3	128074595	130352428	1001	-0.1658
516b3003-bda5-4b94-896a-5da9458b7570	3	130352461	197812401	35439	-0.2507
516b3003-bda5-4b94-896a-5da9458b7570	4	1059384	3397065	950	0.6946
516b3003-bda5-4b94-896a-5da9458b7570	4	3399719	10476411	4002	0.6299
516b3003-bda5-4b94-896a-5da9458b7570	4	10480791	37588084	17752	0.5708
516b3003-bda5-4b94-896a-5da9458b7570	4	37588425	39569881	1306	0.6456
516b3003-bda5-4b94-896a-5da9458b7570	4	39571770	75252786	17269	0.5662
516b3003-bda5-4b94-896a-5da9458b7570	4	75253694	90055404	8962	0.5924
516b3003-bda5-4b94-896a-5da9458b7570	4	90056312	151241110	33403	0.5683
516b3003-bda5-4b94-896a-5da9458b7570	4	151243427	154713197	2013	0.6192
516b3003-bda5-4b94-896a-5da9458b7570	4	154713281	183314788	15705	0.5667
516b3003-bda5-4b94-896a-5da9458b7570	4	183314971	186346152	1220	0.6228
516b3003-bda5-4b94-896a-5da9458b7570	4	186347045	187842528	846	0.551
516b3003-bda5-4b94-896a-5da9458b7570	5	913983	2399225	544	0.6316
516b3003-bda5-4b94-896a-5da9458b7570	5	2399793	14875575	9163	0.5817
516b3003-bda5-4b94-896a-5da9458b7570	5	14875759	14902421	19	0.4551
516b3003-bda5-4b94-896a-5da9458b7570	5	14902816	14904527	2	-0.9703
516b3003-bda5-4b94-896a-5da9458b7570	5	14904865	31181365	8313	0.5518
516b3003-bda5-4b94-896a-5da9458b7570	5	31181529	53054691	9427	0.5852
516b3003-bda5-4b94-896a-5da9458b7570	5	53055060	57138807	2601	0.6276
516b3003-bda5-4b94-896a-5da9458b7570	5	57147155	65437613	4582	0.5831
516b3003-bda5-4b94-896a-5da9458b7570	5	65437633	81504156	8844	0.6122
516b3003-bda5-4b94-896a-5da9458b7570	5	81507164	95688507	7367	0.5747
516b3003-bda5-4b94-896a-5da9458b7570	5	95688569	97229662	973	0.6417
516b3003-bda5-4b94-896a-5da9458b7570	5	97231615	131340762	18721	0.5754
516b3003-bda5-4b94-896a-5da9458b7570	5	131343144	134101898	1715	0.6613
516b3003-bda5-4b94-896a-5da9458b7570	5	134103061	138925982	2897	0.5917
516b3003-bda5-4b94-896a-5da9458b7570	5	138926981	143795986	2647	0.638
516b3003-bda5-4b94-896a-5da9458b7570	5	143796837	150966848	4559	0.594
516b3003-bda5-4b94-896a-5da9458b7570	5	150970723	151728033	593	0.6555
516b3003-bda5-4b94-896a-5da9458b7570	5	151729220	171719025	13199	0.5783
516b3003-bda5-4b94-896a-5da9458b7570	5	171719437	177299001	3224	0.6294
516b3003-bda5-4b94-896a-5da9458b7570	5	177299634	177386403	47	1.1315
516b3003-bda5-4b94-896a-5da9458b7570	5	177405557	180934240	1621	0.6597
516b3003-bda5-4b94-896a-5da9458b7570	6	1011760	11983682	7869	-0.2466
516b3003-bda5-4b94-896a-5da9458b7570	6	11983809	11985100	2	-2.3255
516b3003-bda5-4b94-896a-5da9458b7570	6	11986339	24827640	8984	-0.2478
516b3003-bda5-4b94-896a-5da9458b7570	6	24828331	37693265	5114	-0.1768
516b3003-bda5-4b94-896a-5da9458b7570	6	37694835	41098687	2511	-0.2499
516b3003-bda5-4b94-896a-5da9458b7570	6	41100110	44571908	1944	-0.1856
516b3003-bda5-4b94-896a-5da9458b7570	6	44572024	105775045	31986	-0.2739
516b3003-bda5-4b94-896a-5da9458b7570	6	105776755	112335943	4041	-0.231
516b3003-bda5-4b94-896a-5da9458b7570	6	112337272	133513391	12310	-0.2707
516b3003-bda5-4b94-896a-5da9458b7570	6	133515192	137217805	2447	-0.2346
516b3003-bda5-4b94-896a-5da9458b7570	6	137218332	137220093	3	-1.493
516b3003-bda5-4b94-896a-5da9458b7570	6	137222995	146014424	5068	-0.2352
516b3003-bda5-4b94-896a-5da9458b7570	6	146014722	151583350	3744	-0.2623
516b3003-bda5-4b94-896a-5da9458b7570	6	151583880	151759600	132	-4.2943
516b3003-bda5-4b94-896a-5da9458b7570	6	151761380	152125111	324	-3.169
516b3003-bda5-4b94-896a-5da9458b7570	6	152125352	152862883	558	-3.9591
516b3003-bda5-4b94-896a-5da9458b7570	6	152870987	170596889	9942	-0.2531
516b3003-bda5-4b94-896a-5da9458b7570	7	664936	7950846	3056	-0.2126
516b3003-bda5-4b94-896a-5da9458b7570	7	7950856	22844881	8527	-0.2739
516b3003-bda5-4b94-896a-5da9458b7570	7	22846587	40312032	11521	-0.2447
516b3003-bda5-4b94-896a-5da9458b7570	7	40312593	64978964	10878	-0.27
516b3003-bda5-4b94-896a-5da9458b7570	7	64979235	64979759	3	-2.3849
516b3003-bda5-4b94-896a-5da9458b7570	7	64982495	67127773	449	-0.2168
516b3003-bda5-4b94-896a-5da9458b7570	7	67134420	67346326	16	-0.8683
516b3003-bda5-4b94-896a-5da9458b7570	7	67349013	72503645	3152	-0.2911
516b3003-bda5-4b94-896a-5da9458b7570	7	72503845	77351499	1091	-0.1705
516b3003-bda5-4b94-896a-5da9458b7570	7	77351515	99341796	11878	-0.27
516b3003-bda5-4b94-896a-5da9458b7570	7	99344286	107805282	4142	-0.2166
516b3003-bda5-4b94-896a-5da9458b7570	7	107805735	127017491	10158	-0.279
516b3003-bda5-4b94-896a-5da9458b7570	7	127024098	132540451	2991	-0.2243
516b3003-bda5-4b94-896a-5da9458b7570	7	132541072	139056983	4052	-0.2689
516b3003-bda5-4b94-896a-5da9458b7570	7	139058029	143200677	1977	-0.2237
516b3003-bda5-4b94-896a-5da9458b7570	7	143202300	143279656	29	-2.4259
516b3003-bda5-4b94-896a-5da9458b7570	7	143280246	148700263	2963	-0.2762
516b3003-bda5-4b94-896a-5da9458b7570	7	148700991	153006061	1953	-0.1933
516b3003-bda5-4b94-896a-5da9458b7570	7	153006248	158592540	3001	-0.2686
516b3003-bda5-4b94-896a-5da9458b7570	8	667625	20989821	11698	0.5875
516b3003-bda5-4b94-896a-5da9458b7570	8	20994436	24052408	1884	0.6342
516b3003-bda5-4b94-896a-5da9458b7570	8	24053548	27123055	2203	0.5792
516b3003-bda5-4b94-896a-5da9458b7570	8	27123070	29969182	1878	0.6507
516b3003-bda5-4b94-896a-5da9458b7570	8	29969957	30360141	268	0.6019
516b3003-bda5-4b94-896a-5da9458b7570	8	30361594	100161861	37604	0.5744
516b3003-bda5-4b94-896a-5da9458b7570	8	100161958	103439813	2074	0.6221
516b3003-bda5-4b94-896a-5da9458b7570	8	103439971	122517390	10881	0.5696
516b3003-bda5-4b94-896a-5da9458b7570	8	122518183	134685708	8797	0.6159
516b3003-bda5-4b94-896a-5da9458b7570	8	134686045	139910045	3878	0.5668
516b3003-bda5-4b94-896a-5da9458b7570	8	139919861	139996591	85	1.0527
516b3003-bda5-4b94-896a-5da9458b7570	8	140003648	144182542	928	0.6493
516b3003-bda5-4b94-896a-5da9458b7570	9	789794	32792091	19942	-0.2551
516b3003-bda5-4b94-896a-5da9458b7570	9	32793468	38257363	3194	-0.1918
516b3003-bda5-4b94-896a-5da9458b7570	9	38258053	89115011	14848	-0.2567
516b3003-bda5-4b94-896a-5da9458b7570	9	89118778	100035936	6853	-0.2118
516b3003-bda5-4b94-896a-5da9458b7570	9	100036313	110465326	6952	-0.2559
516b3003-bda5-4b94-896a-5da9458b7570	9	110465586	110466828	3	-1.8266
516b3003-bda5-4b94-896a-5da9458b7570	9	110467131	115239391	3233	-0.2204
516b3003-bda5-4b94-896a-5da9458b7570	9	115240042	119734130	3380	-0.2691
516b3003-bda5-4b94-896a-5da9458b7570	9	119736218	122587722	1906	-0.2217
516b3003-bda5-4b94-896a-5da9458b7570	9	122597776	137737721	7939	-0.1639
516b3003-bda5-4b94-896a-5da9458b7570	9	137741815	138044505	129	-0.2652
516b3003-bda5-4b94-896a-5da9458b7570	10	366509	68700729	40456	-0.2459
516b3003-bda5-4b94-896a-5da9458b7570	10	68700911	75594919	3897	-0.1856
516b3003-bda5-4b94-896a-5da9458b7570	10	75596018	87576598	7855	-0.2604
516b3003-bda5-4b94-896a-5da9458b7570	10	87578820	89485451	1420	-0.2002
516b3003-bda5-4b94-896a-5da9458b7570	10	89485527	100624231	6576	-0.2352
516b3003-bda5-4b94-896a-5da9458b7570	10	100624938	104438297	1900	-0.183
516b3003-bda5-4b94-896a-5da9458b7570	10	104440494	133411599	19055	-0.2523
516b3003-bda5-4b94-896a-5da9458b7570	11	456012	3990516	1224	-0.1897
516b3003-bda5-4b94-896a-5da9458b7570	11	3991489	3991600	2	1.2405
516b3003-bda5-4b94-896a-5da9458b7570	11	3997798	11814785	5422	-0.2291
516b3003-bda5-4b94-896a-5da9458b7570	11	11814847	30619674	12686	-0.2693
516b3003-bda5-4b94-896a-5da9458b7570	11	30622877	30623081	2	-3.5566
516b3003-bda5-4b94-896a-5da9458b7570	11	30624333	36125375	3763	-0.2554
516b3003-bda5-4b94-896a-5da9458b7570	11	36126655	36128092	5	-1.6478
516b3003-bda5-4b94-896a-5da9458b7570	11	36129041	44611805	5088	-0.2787
516b3003-bda5-4b94-896a-5da9458b7570	11	44614948	77612081	12475	-0.2045
516b3003-bda5-4b94-896a-5da9458b7570	11	77613149	94064524	9931	-0.2724
516b3003-bda5-4b94-896a-5da9458b7570	11	94065707	94068507	5	-5.2446
516b3003-bda5-4b94-896a-5da9458b7570	11	94076452	134272740	26830	-0.257
516b3003-bda5-4b94-896a-5da9458b7570	12	780472	13561247	7186	0.6277
516b3003-bda5-4b94-896a-5da9458b7570	12	13561429	18235210	2835	0.5766
516b3003-bda5-4b94-896a-5da9458b7570	12	18235212	18235479	3	-1.0132
516b3003-bda5-4b94-896a-5da9458b7570	12	18235501	45607141	13420	0.5771
516b3003-bda5-4b94-896a-5da9458b7570	12	45608190	57997091	6473	0.641
516b3003-bda5-4b94-896a-5da9458b7570	12	57998056	58828198	628	0.5521
516b3003-bda5-4b94-896a-5da9458b7570	12	58828282	58843075	40	0.2587
516b3003-bda5-4b94-896a-5da9458b7570	12	58843709	64645935	3395	0.57
516b3003-bda5-4b94-896a-5da9458b7570	12	64645950	69678526	3427	0.6003
516b3003-bda5-4b94-896a-5da9458b7570	12	69678699	88860086	11242	0.5583
516b3003-bda5-4b94-896a-5da9458b7570	12	88861303	103511975	9362	0.5934
516b3003-bda5-4b94-896a-5da9458b7570	12	103512389	112305510	5267	0.6276
516b3003-bda5-4b94-896a-5da9458b7570	12	112306830	119942498	5105	0.5903
516b3003-bda5-4b94-896a-5da9458b7570	12	119943188	124862156	2348	0.6677
516b3003-bda5-4b94-896a-5da9458b7570	12	124864594	125795969	645	0.6089
516b3003-bda5-4b94-896a-5da9458b7570	12	125796166	130630524	2074	0.5499
516b3003-bda5-4b94-896a-5da9458b7570	12	130631316	132605822	863	0.63
516b3003-bda5-4b94-896a-5da9458b7570	13	18874255	39130050	12772	-0.2523
516b3003-bda5-4b94-896a-5da9458b7570	13	39130114	52110520	7498	-0.2191
516b3003-bda5-4b94-896a-5da9458b7570	13	52110961	114226675	36620	-0.2645
516b3003-bda5-4b94-896a-5da9458b7570	14	20033191	21248734	711	-0.214
516b3003-bda5-4b94-896a-5da9458b7570	14	21249741	21250580	2	-7.2119
516b3003-bda5-4b94-896a-5da9458b7570	14	21250759	21257495	6	-2.4069
516b3003-bda5-4b94-896a-5da9458b7570	14	21258112	24641046	1077	-0.1908
516b3003-bda5-4b94-896a-5da9458b7570	14	24641697	59849232	20151	-0.2544
516b3003-bda5-4b94-896a-5da9458b7570	14	59849435	77378918	10446	-0.2063
516b3003-bda5-4b94-896a-5da9458b7570	14	77384247	89413259	7668	-0.2647
516b3003-bda5-4b94-896a-5da9458b7570	14	89417678	92633487	1986	-0.172
516b3003-bda5-4b94-896a-5da9458b7570	14	92633522	98173123	3962	-0.2284
516b3003-bda5-4b94-896a-5da9458b7570	14	98173778	105533894	3683	-0.1862
516b3003-bda5-4b94-896a-5da9458b7570	15	23437561	38149656	7034	-0.2584
516b3003-bda5-4b94-896a-5da9458b7570	15	38150631	45149322	3535	-0.1852
516b3003-bda5-4b94-896a-5da9458b7570	15	45158844	63366902	12122	-0.2315
516b3003-bda5-4b94-896a-5da9458b7570	15	63367532	77789388	7906	-0.1839
516b3003-bda5-4b94-896a-5da9458b7570	15	77790898	85580757	4133	-0.2214
516b3003-bda5-4b94-896a-5da9458b7570	15	85581324	85583255	2	-2.4984
516b3003-bda5-4b94-896a-5da9458b7570	15	85584919	88693588	2228	-0.2498
516b3003-bda5-4b94-896a-5da9458b7570	15	88693828	90816410	1211	-0.1608
516b3003-bda5-4b94-896a-5da9458b7570	15	90816929	93898678	1933	-0.2216
516b3003-bda5-4b94-896a-5da9458b7570	15	93901486	94890618	605	-0.2593
516b3003-bda5-4b94-896a-5da9458b7570	15	94891343	94891478	2	-2.2359
516b3003-bda5-4b94-896a-5da9458b7570	15	94894224	101344124	4001	-0.2468
516b3003-bda5-4b94-896a-5da9458b7570	16	603333	5043594	1679	0.7091
516b3003-bda5-4b94-896a-5da9458b7570	16	5051633	10994837	3955	0.6078
516b3003-bda5-4b94-896a-5da9458b7570	16	10995532	13053860	1469	0.6695
516b3003-bda5-4b94-896a-5da9458b7570	16	13056394	31738132	6874	0.6239
516b3003-bda5-4b94-896a-5da9458b7570	16	31738698	54335546	5142	0.5874
516b3003-bda5-4b94-896a-5da9458b7570	16	54335598	54335611	2	-0.6433
516b3003-bda5-4b94-896a-5da9458b7570	16	54338951	55705370	1148	0.587
516b3003-bda5-4b94-896a-5da9458b7570	16	55706080	58787018	1813	0.6425
516b3003-bda5-4b94-896a-5da9458b7570	16	58792605	63718434	3055	0.5668
516b3003-bda5-4b94-896a-5da9458b7570	16	63721345	63721847	2	-1.1355
516b3003-bda5-4b94-896a-5da9458b7570	16	63722299	65688059	1395	0.579
516b3003-bda5-4b94-896a-5da9458b7570	16	65688177	66085273	393	0.6213
516b3003-bda5-4b94-896a-5da9458b7570	16	66085918	70212504	1834	0.6608
516b3003-bda5-4b94-896a-5da9458b7570	16	70212515	84910730	9951	0.6045
516b3003-bda5-4b94-896a-5da9458b7570	16	84913508	89317317	2468	0.669
516b3003-bda5-4b94-896a-5da9458b7570	17	1074619	9464235	4203	-0.1701
516b3003-bda5-4b94-896a-5da9458b7570	17	9464695	15685870	3339	-0.2573
516b3003-bda5-4b94-896a-5da9458b7570	17	15778279	38320644	7137	-0.1811
516b3003-bda5-4b94-896a-5da9458b7570	17	38323307	47248296	3586	-0.1346
516b3003-bda5-4b94-896a-5da9458b7570	17	47248660	51494146	1984	-0.1664
516b3003-bda5-4b94-896a-5da9458b7570	17	51494377	56181605	3049	-0.2649
516b3003-bda5-4b94-896a-5da9458b7570	17	56182121	68324304	6478	-0.189
516b3003-bda5-4b94-896a-5da9458b7570	17	68324913	68809106	342	-0.2327
516b3003-bda5-4b94-896a-5da9458b7570	17	68809318	68809646	2	-2.2703
516b3003-bda5-4b94-896a-5da9458b7570	17	68809722	74695492	3669	-0.25
516b3003-bda5-4b94-896a-5da9458b7570	17	74695789	82613253	3245	-0.1471
516b3003-bda5-4b94-896a-5da9458b7570	17	82613318	82613629	2	-1.9285
516b3003-bda5-4b94-896a-5da9458b7570	17	82613819	82959812	180	-0.1239
516b3003-bda5-4b94-896a-5da9458b7570	18	326691	12766512	7336	-0.2422
516b3003-bda5-4b94-896a-5da9458b7570	18	12767325	12769983	2	-2.6323
516b3003-bda5-4b94-896a-5da9458b7570	18	12770852	79349796	35570	-0.2563
516b3003-bda5-4b94-896a-5da9458b7570	19	283868	21544518	7964	-0.1303
516b3003-bda5-4b94-896a-5da9458b7570	19	21546651	34414139	5758	-0.2269
516b3003-bda5-4b94-896a-5da9458b7570	19	34416425	58370362	10387	-0.1508
516b3003-bda5-4b94-896a-5da9458b7570	20	472817	5347080	3062	0.6528
516b3003-bda5-4b94-896a-5da9458b7570	20	5348481	9329066	2247	0.5746
516b3003-bda5-4b94-896a-5da9458b7570	20	9329429	9614526	232	1.0778
516b3003-bda5-4b94-896a-5da9458b7570	20	9615141	21213014	8495	0.5851
516b3003-bda5-4b94-896a-5da9458b7570	20	21213797	21214100	2	-0.7774
516b3003-bda5-4b94-896a-5da9458b7570	20	21215165	31797268	3175	0.5893
516b3003-bda5-4b94-896a-5da9458b7570	20	31798820	36852459	2343	0.6538
516b3003-bda5-4b94-896a-5da9458b7570	20	36855621	37078624	176	0.537
516b3003-bda5-4b94-896a-5da9458b7570	20	37083754	37087164	6	-0.0934
516b3003-bda5-4b94-896a-5da9458b7570	20	37087385	37093618	31	0.5183
516b3003-bda5-4b94-896a-5da9458b7570	20	37093952	38272064	694	0.6673
516b3003-bda5-4b94-896a-5da9458b7570	20	38273049	43436003	3571	0.6025
516b3003-bda5-4b94-896a-5da9458b7570	20	43437203	47312013	2551	0.6581
516b3003-bda5-4b94-896a-5da9458b7570	20	47318093	47439355	51	1.1401
516b3003-bda5-4b94-896a-5da9458b7570	20	47439502	51689056	2725	0.6424
516b3003-bda5-4b94-896a-5da9458b7570	20	51693063	56694450	3575	0.5981
516b3003-bda5-4b94-896a-5da9458b7570	20	56694920	59154379	1811	0.6605
516b3003-bda5-4b94-896a-5da9458b7570	20	59154800	61350007	1798	0.6074
516b3003-bda5-4b94-896a-5da9458b7570	20	61351050	63588502	999	0.6805
516b3003-bda5-4b94-896a-5da9458b7570	21	13974127	31822270	11423	-0.2539
516b3003-bda5-4b94-896a-5da9458b7570	21	31822621	37345598	3518	-0.196
516b3003-bda5-4b94-896a-5da9458b7570	21	37348393	42033196	3776	-0.2417
516b3003-bda5-4b94-896a-5da9458b7570	21	42033553	46262057	1841	-0.1557
516b3003-bda5-4b94-896a-5da9458b7570	22	16934932	36379706	9408	-0.2185
516b3003-bda5-4b94-896a-5da9458b7570	22	36380836	43441296	3589	-0.1568
516b3003-bda5-4b94-896a-5da9458b7570	22	43442164	48940621	4061	-0.2206
516b3003-bda5-4b94-896a-5da9458b7570	X	3236359	6017280	403	-0.0228
516b3003-bda5-4b94-896a-5da9458b7570	X	6017982	25127449	9032	0.0243
516b3003-bda5-4b94-896a-5da9458b7570	X	25131104	38956950	6510	-0.0194
516b3003-bda5-4b94-896a-5da9458b7570	X	38957116	57678302	7857	0.0388
516b3003-bda5-4b94-896a-5da9458b7570	X	57684248	80691365	6746	0.0094
516b3003-bda5-4b94-896a-5da9458b7570	X	80691687	101095596	8347	-0.0246
516b3003-bda5-4b94-896a-5da9458b7570	X	101097652	101317718	131	0.0807
516b3003-bda5-4b94-896a-5da9458b7570	X	101322138	118289424	7837	0.0004
516b3003-bda5-4b94-896a-5da9458b7570	X	118289515	120424977	1136	0.062
516b3003-bda5-4b94-896a-5da9458b7570	X	120425244	137513163	7786	0.0123
516b3003-bda5-4b94-896a-5da9458b7570	X	137513577	148285477	5516	-0.0232
516b3003-bda5-4b94-896a-5da9458b7570	X	148285637	153440890	2241	0.0106
516b3003-bda5-4b94-896a-5da9458b7570	X	153441345	155677414	384	0.1186
